Ngay,KLGDRong,GTDGRong,ThayDoi,KLMua,GtMua,KLBan,GtBan,RoomConLai,DangSoHuu
28/07/2020,0,0,0(0.00 %),0,0,0,0,79866459,19.48
29/07/2020,0,0,0(0.00 %),0,0,0,0,79866459,19.48
30/07/2020,0,0,0(0.00 %),0,0,0,0,79866459,19.48
31/07/2020,5160,311300000,0(0.00 %),5160,311300000,0,0,79861299,19.48
03/08/2020,0,0,0(0.00 %),0,0,0,0,79861299,19.48
04/08/2020,500,30100000,0(0.00 %),500,30100000,0,0,79860799,19.48
05/08/2020,1360,87176000,0(0.00 %),1360,87176000,0,0,79859439,50.4
06/08/2020,400,25420000,67.9(4.46 %),500,32000000,100,6580000,79858939,19.48
07/08/2020,110,7848000,68.5(0.88 %),710,48394000,600,40546000,79858929,50.41
10/08/2020,730,47527000,64.5(-5.84 %),730,47527000,0,0,79858199,50.41
11/08/2020,-200,-12730000,65.1(0.93 %),0,0,200,12730000,79858399,50.41
12/08/2020,0,0,66.6(2.30 %),0,0,0,0,79858199,39.76
13/08/2020,10,689000,68.7(3.15 %),20,1374000,10,685000,79858389,50.41
14/08/2020,-1100,-77550000,70.7(2.91 %),50,3525000,1150,81075000,79859489,50.4
17/08/2020,-580,-40020000,68(-3.82 %),0,0,580,40020000,79860069,50.4
18/08/2020,-20,-1372000,70(2.94 %),0,0,20,1372000,79860089,50.4
19/08/2020,1200,87110000,72.5(3.57 %),1200,87110000,0,0,79858289,39.76
20/08/2020,0,0,72.5(0.00 %),0,0,0,0,79858889,50.41
21/08/2020,4160,305040000,74.6(2.90 %),4160,305040000,0,0,79854729,50.41
24/08/2020,8650,648340000,74.7(0.13 %),8650,648340000,0,0,79846079,39.77
25/08/2020,10,746000,74.5(-0.27 %),10,746000,0,0,79846069,50.41
26/08/2020,430,32030000,73.6(-1.21 %),530,39380000,100,7350000,79845539,39.77
27/08/2020,-500,-37150000,74(0.54 %),0,0,500,37150000,79845539,39.77
28/08/2020,2000,148000000,73.6(-0.54 %),2000,148000000,0,0,79843539,39.77
31/08/2020,-1000,-73800000,73.3(-0.41 %),0,0,1000,73800000,79843639,39.77
01/09/2020,-1000,-73600000,73.8(0.68 %),0,0,1000,73600000,79844139,50.42
03/09/2020,-290,-21460000,74(0.27 %),0,0,290,21460000,79844429,50.42
04/09/2020,0,0,73.4(-0.81 %),0,0,0,0,79845139,39.77
07/09/2020,0,0,73.6(0.27 %),0,0,0,0,79844429,50.42
08/09/2020,280,20520000,73.7(0.14 %),500,36800000,220,16280000,79844149,50.42
09/09/2020,0,0,73(-0.95 %),0,0,0,0,79844149,39.77
10/09/2020,-3750,-273380000,73(0.00 %),0,0,3750,273380000,79845929,39.77
11/09/2020,-20,-1470000,74.1(1.51 %),0,0,20,1470000,79846149,39.77
14/09/2020,100,7490000,75.4(1.75 %),100,7490000,0,0,79847819,50.41
15/09/2020,100,7530000,75.1(-0.40 %),100,7530000,0,0,79849699,39.76
16/09/2020,20,1502000,75(-0.13 %),20,1502000,0,0,79847699,50.41
17/09/2020,0,0,75(0.00 %),0,0,0,0,79847699,50.41
18/09/2020,0,0,74.8(-0.27 %),0,0,0,0,79849699,39.76
21/09/2020,0,0,74.9(0.13 %),0,0,0,0,79849699,39.76
22/09/2020,0,0,75(0.13 %),0,0,0,0,79849699,39.76
23/09/2020,250,18850000,75.2(0.27 %),250,18850000,0,0,79849449,39.76
24/09/2020,0,0,75(-0.27 %),0,0,0,0,79847449,50.41
25/09/2020,0,0,74.6(-0.53 %),0,0,0,0,79847449,50.41
28/09/2020,0,0,74.9(0.40 %),0,0,0,0,79847449,50.41
29/09/2020,0,0,74.2(-0.93 %),0,0,0,0,79847449,50.41
30/09/2020,0,0,74.4(0.27 %),0,0,0,0,79849449,39.76
01/10/2020,0,0,74.7(0.40 %),0,0,0,0,79849449,39.76
02/10/2020,0,0,74.1(-0.80 %),0,0,0,0,79849449,39.76
05/10/2020,930,68820000,74.2(0.13 %),930,68820000,0,0,79848519,39.77
06/10/2020,100,7420000,74.3(0.13 %),100,7420000,0,0,79848419,39.77
07/10/2020,210,15540000,74(-0.40 %),210,15540000,0,0,79848209,39.77
08/10/2020,-200,-14800000,73.8(-0.27 %),0,0,200,14800000,79848209,39.77
09/10/2020,1930,142430000,73.5(-0.41 %),1930,142430000,0,0,79846279,39.77
12/10/2020,0,0,72.8(-0.95 %),0,0,0,0,79846479,50.41
13/10/2020,0,0,72.2(-0.82 %),0,0,0,0,79846479,50.41
14/10/2020,0,0,72.8(0.83 %),0,0,0,0,79846479,39.77
15/10/2020,0,0,72(-1.10 %),0,0,0,0,79846479,39.77
16/10/2020,-100,-7100000,71.9(-0.14 %),0,0,100,7100000,79846479,39.77
19/10/2020,-300,-21810000,72.8(1.25 %),0,0,300,21810000,79846479,39.77
20/10/2020,0,0,72.5(-0.41 %),0,0,0,0,79846479,39.77
21/10/2020,0,0,72.1(-0.55 %),0,0,0,0,79846879,50.41
22/10/2020,0,0,72.7(0.83 %),0,0,0,0,79846879,50.41
23/10/2020,0,0,73.5(1.10 %),0,0,0,0,79846879,50.41
26/10/2020,-150,-11070000,73.6(0.14 %),0,0,150,11070000,79847029,50.41
27/10/2020,0,0,72.6(-1.36 %),0,0,0,0,79847029,39.77
28/10/2020,0,0,71.9(-0.96 %),0,0,0,0,79847029,39.77
29/10/2020,700,49490000,70.6(-1.81 %),700,49490000,0,0,79846329,39.77
30/10/2020,0,0,74.5(5.52 %),0,0,0,0,79846329,50.41
02/11/2020,100,7490000,75.2(0.94 %),100,7490000,0,0,79846329,50.41
03/11/2020,760,56930000,74.6(-0.80 %),760,56930000,0,0,79845469,39.77
04/11/2020,0,0,74.1(-0.67 %),0,0,0,0,79845569,50.42
05/11/2020,0,0,74(-0.13 %),0,0,0,0,79845469,39.77
06/11/2020,350,26040000,74.2(0.27 %),350,26040000,0,0,79845119,39.77
09/11/2020,0,0,75.1(1.21 %),0,0,0,0,79845119,39.77
10/11/2020,0,0,75(-0.13 %),0,0,0,0,79845219,50.42
11/11/2020,10,777000,80.2(6.93 %),100,7950000,90,7173000,79845209,50.42
12/11/2020,700,56420000,81.8(2.00 %),700,56420000,0,0,79844509,50.42
13/11/2020,1050,86700000,81.5(-0.37 %),1050,86700000,0,0,79843269,39.77
16/11/2020,-500,-40100000,81.1(-0.49 %),0,0,500,40100000,79843359,39.77
17/11/2020,-580,-46630000,80.4(-0.86 %),20,1610000,600,48240000,79843339,39.77
18/11/2020,0,0,81.3(1.12 %),0,0,0,0,79844539,39.77
19/11/2020,1100,89780000,86.6(6.52 %),1100,89780000,0,0,79843439,50.42
20/11/2020,360,31043000,86.2(-0.46 %),360,31043000,0,0,79843079,39.77
23/11/2020,0,0,86.2(0.00 %),0,0,0,0,79842979,39.77
24/11/2020,10,862000,85.3(-1.04 %),10,862000,0,0,79843069,39.77
25/11/2020,13390,1157780000,86.8(1.76 %),13390,1157780000,0,0,79829579,39.78
26/11/2020,0,0,86.9(0.12 %),0,0,0,0,79829579,39.78
27/11/2020,1000,89600000,92.4(6.33 %),1000,89600000,0,0,79828579,39.78
30/11/2020,48620,4402860000,90.6(-1.95 %),50890,4610790000,2270,207930000,79777689,39.82
01/12/2020,290,25630000,89.1(-1.66 %),320,28280000,30,2650000,79777369,39.82
02/12/2020,38240,3400680000,90.2(1.23 %),38240,3400680000,0,0,79739129,39.85
03/12/2020,11,9900000,89.8(-0.44 %),11,9900000,0,0,79741289,39.85
04/12/2020,0,0,89.9(0.11 %),0,0,0,0,79741319,39.85
07/12/2020,3879,3500960000,90.1(0.22 %),3879,3500960000,0,0,79702529,39.88
08/12/2020,3854,3468520000,89.9(-0.22 %),3854,3468520000,0,0,79663989,39.9
09/12/2020,33510,2717593940,89.8(-0.11 %),38830,3196005580,5320,478411640,79628499,39.93
10/12/2020,5123,4601520000,89(-0.89 %),5123,4601520000,0,0,79573929,39.97
11/12/2020,158230,13892690000,88(-1.12 %),160230,14067890000,2000,175200000,79413699,40.09
14/12/2020,55160,4903260000,89.4(1.59 %),55220,4908570000,60,5310000,79363799,40.13
15/12/2020,54210,4820220000,88.8(-0.67 %),54210,4820220000,0,0,79309589,40.17
16/12/2020,-26430,-2291966000,85.3(-3.94 %),1850,160101000,28280,2452067000,79336099,50.8
17/12/2020,-79220,-6593776000,81.9(-3.99 %),500,40650000,79720,6634426000,79415319,50.74
18/12/2020,176680,13340594000,76.2(-6.96 %),232290,17709520000,55610,4368926000,79238639,50.87
21/12/2020,42280,3318140000,79.7(4.59 %),58870,4629190000,16590,1311050000,79046419,40.37
22/12/2020,-2186,-1714230000,77.7(-2.51 %),80,62710000,2266,1776940000,79125339,40.31
23/12/2020,-18990,-1440826000,75.4(-2.96 %),9990,757368000,28980,2198194000,79237209,50.87
24/12/2020,295510,21581390000,73.8(-2.12 %),304450,22239570000,8940,658180000,78883099,40.49
25/12/2020,0,0,76.3(3.39 %),0,0,0,0,78905759,40.48
28/12/2020,-7280,-554270000,75.9(-0.52 %),150,11350000,7430,565620000,78934589,40.45
29/12/2020,-10430,-783070000,74.5(-1.84 %),200,14900000,10630,797970000,78943329,40.45
30/12/2020,-1041,-779330000,74.4(-0.13 %),15,11200000,1056,790530000,78943179,40.45
31/12/2020,-2130,-159060000,74.8(0.54 %),120,8963000,2250,168023000,78945309,40.45
04/01/2021,0,1400000,73.3(-2.01 %),1000,74600000,1000,73200000,78960119,40.44
05/01/2021,-4200,-304100000,72.5(-1.09 %),500,36180000,4700,340280000,78964319,51.08
06/01/2021,260,187610000,72.3(-0.28 %),360,259810000,100,72200000,78968829,40.43
07/01/2021,-70,-50760000,72.5(0.28 %),40,29120000,110,79880000,78969429,40.43
08/01/2021,390,281540000,71(-2.07 %),390,281540000,0,0,78970229,40.43
11/01/2021,-800,-53580000,68.2(-3.94 %),500,34900000,1300,88480000,78959319,51.08
12/01/2021,540,373310000,69.4(1.76 %),540,373310000,0,0,78966429,40.43
13/01/2021,700,49400000,70.4(1.44 %),700,49400000,0,0,78953219,51.09
14/01/2021,560,391400000,70.3(-0.14 %),1120,785090000,560,393690000,78955829,40.44
15/01/2021,-3800,-265900000,69.7(-0.85 %),0,0,3800,265900000,78951419,51.09
18/01/2021,200,13880000,68.3(-2.01 %),200,13880000,0,0,78951219,51.09
19/01/2021,7800,517360000,65(-4.83 %),8200,544320000,400,26960000,78943419,51.1
20/01/2021,580,365490000,63(-3.08 %),580,365490000,0,0,78951029,40.44
21/01/2021,-600,-38070000,65.5(3.97 %),0,0,600,38070000,78938219,34.72
22/01/2021,-470,-307850000,65.5(0.00 %),0,0,470,307850000,78951309,40.44
25/01/2021,100,6540000,65.2(-0.46 %),200,13060000,100,6520000,78942819,51.1
26/01/2021,40,25320000,63.9(-1.99 %),40,25320000,0,0,78951309,40.44
27/01/2021,20,12350000,60.3(-5.63 %),20,12350000,0,0,78955879,40.44
28/01/2021,8400,471540000,56.1(-6.97 %),8500,477150000,100,5610000,78933819,51.1
29/01/2021,430,242140000,56.8(1.25 %),430,242140000,0,0,78943179,40.45
01/02/2021,0,0,55.7(-1.94 %),0,0,0,0,78943119,40.45
02/02/2021,500,28100000,57.3(2.87 %),500,28100000,0,0,78942619,51.1
03/02/2021,1300,78390000,60.3(5.24 %),1300,78390000,0,0,78941319,51.1
04/02/2021,1800,109150000,62.5(3.65 %),1800,109150000,0,0,78939519,51.1
05/02/2021,-50,-31530000,62.6(0.16 %),0,0,50,31530000,78939619,40.45
08/02/2021,2200,136120000,62.7(0.16 %),2900,179800000,700,43680000,78937819,40.45
09/02/2021,2500,161090000,66.8(6.54 %),2600,167720000,100,6630000,78935319,40.45
17/02/2021,720,489700000,68(1.80 %),810,550800000,90,61100000,78926519,40.46
18/02/2021,-4700,-318330000,67.8(-0.29 %),0,0,4700,318330000,78932819,51.1
19/02/2021,7700,515050000,67(-1.18 %),7800,521750000,100,6700000,78925119,51.11
22/02/2021,10,6630000,66.6(-0.60 %),10,6630000,0,0,78920319,40.47
23/02/2021,-5600,-380490000,69.6(4.50 %),100,6670000,5700,387160000,78930619,51.11
24/02/2021,-770,-536860000,68.6(-1.44 %),0,0,770,536860000,78925019,40.46
25/02/2021,-6700,-456900000,68.5(-0.15 %),0,0,6700,456900000,78945019,48.6
26/02/2021,570,388720000,68.5(0.00 %),870,593340000,300,204620000,78922019,40.46
01/03/2021,2850,1958310000,67.8(-1.02 %),2860,1965110000,10,6800000,78901119,40.48
02/03/2021,-5800,-383820000,66.6(-1.77 %),0,0,5800,383820000,78935519,48.61
03/03/2021,210,109950000,52.4(-21.32 %),210,109950000,0,0,78908719,40.47
04/03/2021,-600,-306850000,50.2(-4.20 %),40,20450000,640,327300000,78908489,40.47
05/03/2021,-80,-40100000,50(-0.40 %),30,14910000,110,55010000,78913989,40.47
08/03/2021,1000,50220000,50.1(0.20 %),1100,55240000,100,5020000,78939219,48.61
09/03/2021,100,4960000,49.4(-1.40 %),100,4960000,0,0,78939119,38.48
10/03/2021,3410,1688320000,50.4(2.02 %),3470,1718080000,60,29760000,78885589,40.49
11/03/2021,30,15380000,50.5(0.20 %),40,20480000,10,5100000,78885289,40.49
12/03/2021,-1190,-593200000,49.9(-1.19 %),0,0,1190,593200000,78885289,40.49
15/03/2021,-11400,-563860000,49.3(-1.20 %),600,29590000,12000,593450000,78928019,48.61
16/03/2021,-13200,-643930000,49.3(0.00 %),400,19440000,13600,663370000,78941219,48.6
17/03/2021,-830,-405850000,49.5(1.02 %),330,162720000,1160,568570000,78893589,40.49
18/03/2021,0,0,49.5(0.00 %),0,0,0,0,78949519,48.6
19/03/2021,-33100,-1595105000,49.3(-0.40 %),1500,73230000,34600,1668335000,78982619,48.57
22/03/2021,13600,668815000,49.1(-0.41 %),24300,1189505000,10700,520690000,78969019,48.58
23/03/2021,6410,3119320000,48.9(-0.41 %),6410,3119320000,0,0,78840889,40.53
24/03/2021,200,9620000,48.8(-0.20 %),200,9620000,0,0,78904719,48.63
25/03/2021,-11400,-551905000,48.5(-0.61 %),0,0,11400,551905000,78916119,48.62
26/03/2021,200,95990000,48.5(0.00 %),1020,490450000,820,394460000,78875789,40.5
29/03/2021,11000,533790000,48.75(0.52 %),11100,538620000,100,4830000,78903119,48.63
30/03/2021,500,242140000,48.7(-0.10 %),500,242140000,0,0,78871089,40.5
31/03/2021,6700,324930000,48.7(0.00 %),10500,508850000,3800,183920000,78891419,48.64
01/04/2021,1110,536780000,48.45(-0.51 %),1110,536780000,0,0,78857789,40.51
02/04/2021,300,14460000,48.6(0.31 %),300,14460000,0,0,78868589,48.66
05/04/2021,50,24340000,48.7(0.21 %),50,24340000,0,0,78860789,40.51
06/04/2021,-5700,-276370000,48.7(0.00 %),100,4860000,5800,281230000,78873789,48.65
07/04/2021,27100,1355750000,51.1(4.93 %),32900,1644900000,5800,289150000,78846689,48.67
08/04/2021,6400,328890000,50.7(-0.78 %),10100,518110000,3700,189220000,78840289,48.68
09/04/2021,-670,-338390000,50.7(0.00 %),10,5050000,680,343440000,78823389,40.54
12/04/2021,-11000,-546210000,50(-1.38 %),4700,233670000,15700,779880000,78857989,48.66
13/04/2021,700,347080000,49.5(-1.00 %),990,489120000,290,142040000,78818289,40.54
14/04/2021,-14800,-715995000,49.6(0.20 %),6900,340980000,21700,1056975000,78865789,48.66
15/04/2021,7900,393445000,49.6(0.00 %),14700,730725000,6800,337280000,78857889,27.81
16/04/2021,-4000,-193470000,49.7(0.20 %),100,4770000,4100,198240000,78861889,48.66
19/04/2021,-14000,-693575000,49.5(-0.40 %),1700,84155000,15700,777730000,78875889,48.65
20/04/2021,3180,1593940000,50.4(1.82 %),3600,1804560000,420,210620000,78812739,40.55
22/04/2021,-1480,-733580000,49.2(-2.38 %),180,88970000,1660,822550000,78815039,40.54
23/04/2021,23690,11821210000,50.9(3.46 %),23800,11875330000,110,54120000,78592739,40.71
26/04/2021,2730,1429750000,52.9(3.93 %),2950,1542270000,220,112520000,78567439,40.73
27/04/2021,1850,995910000,54.3(2.65 %),2730,1469240000,880,473330000,78556819,40.74
28/04/2021,15600,858570000,54.4(0.18 %),16100,886050000,500,27480000,78560589,88.88
29/04/2021,-430,-230480000,53.6(-1.47 %),20,10720000,450,241200000,132851734,31.91
04/05/2021,1210,654660000,54.2(1.12 %),1260,681210000,50,26550000,132847934,31.91
05/05/2021,-1590,-851420000,53.6(-1.11 %),2320,1260960000,3910,2112380000,132825234,31.92
06/05/2021,-12200,-654300000,53.6(0.00 %),500,26900000,12700,681200000,132888634,35.64
07/05/2021,-19900,-1071010000,54(0.75 %),100,5380000,20000,1076390000,132908534,35.63
10/05/2021,-11800,-666480000,56.8(5.19 %),16500,926950000,28300,1593430000,132920334,35.62
11/05/2021,-1900,-1088500000,57.3(0.88 %),20,11600000,1920,1100100000,132864734,31.9
12/05/2021,-2670,-1521260000,57(-0.52 %),10,5670000,2680,1526930000,132884634,31.89
13/05/2021,-120,-68000000,57.1(0.18 %),20,11350000,140,79350000,132912734,31.88
14/05/2021,-10500,-598350000,57(-0.18 %),300,17100000,10800,615450000,132977734,35.59
17/05/2021,-7500,-430500000,57.4(0.70 %),6300,361620000,13800,792120000,132985234,35.59
18/05/2021,-96000,-5190390000,56.3(-1.92 %),2300,125040000,98300,5315430000,133081234,35.54
19/05/2021,-33000,-1860660000,56.7(0.71 %),0,0,33000,1860660000,133114234,35.52
20/05/2021,48700,2849550000,59(4.06 %),86500,5043110000,37800,2193560000,133065534,35.55
21/05/2021,-23800,-1390070000,58.8(-0.34 %),0,0,23800,1390070000,133089334,35.54
24/05/2021,-19600,-1131880000,61.5(4.59 %),11000,672390000,30600,1804270000,133108934,35.53
25/05/2021,1170,730670000,62.9(2.28 %),1230,768540000,60,37870000,133035134,31.81
26/05/2021,-6560,-4043160000,63.4(0.79 %),80,50460000,6640,4093620000,133058134,31.8
27/05/2021,148300,9660150000,67.8(6.94 %),148300,9660150000,0,0,133014534,35.57
28/05/2021,63200,4387680000,70.5(3.98 %),64300,4464550000,1100,76870000,132951334,35.61
31/05/2021,-340,-245540000,73.3(3.97 %),0,0,340,245540000,132943134,31.86
01/06/2021,-29000,-2057570000,68.3(-6.82 %),600,42000000,29600,2099570000,132943134,35.61
02/06/2021,100,6020000,63.6(-6.88 %),400,25830000,300,19810000,132943034,35.61
03/06/2021,5030,3004240000,62.4(-1.89 %),5050,3016920000,20,12680000,132896134,31.89
04/06/2021,9840,6136380000,62.4(0.00 %),9940,6199140000,100,62760000,132826334,31.92
07/06/2021,10430,6459960000,62(-0.64 %),10490,6497170000,60,37210000,132721734,31.98
08/06/2021,101800,6260690000,60.2(-2.90 %),104100,6402230000,2300,141540000,132588234,35.79
09/06/2021,3570,2140240000,60.2(0.00 %),3600,2158180000,30,17940000,132582834,32.05
10/06/2021,-153300,-9395170000,63(4.65 %),56700,3540830000,210000,12936000000,132705834,31.98
11/06/2021,55100,3497890000,62.7(-0.48 %),77000,4881260000,21900,1383370000,132650734,35.76
14/06/2021,198220,120850960000,62.7(0.00 %),205350,125336190000,7130,4485230000,130398834,33.17
15/06/2021,46870,29176850000,62.5(-0.32 %),54640,34020160000,7770,4843310000,130062434,33.34
16/06/2021,4140,2603380000,62.5(0.00 %),7230,4524430000,3090,1921050000,130012034,33.36
17/06/2021,-2280,-1392030000,62.8(0.48 %),0,0,2280,1392030000,130083334,33.33
18/06/2021,2524800,168585990000,66.8(6.37 %),2524800,168585990000,0,0,127656434,34.57
21/06/2021,-44500,-2803190000,63(-5.69 %),600,37700000,45100,2840890000,127700934,38.3
22/06/2021,-300,-18790000,61.6(-2.22 %),100,6000000,400,24790000,127636634,34.58
23/06/2021,-30400,-1841490000,61(-0.97 %),0,0,30400,1841490000,127667034,38.31
24/06/2021,-2550,-1512180000,58.8(-3.61 %),290,171620000,2840,1683800000,127666764,34.57
25/06/2021,0,0,59.6(1.36 %),0,0,0,0,127692534,38.3
28/06/2021,-2330,-1361490000,58.9(-1.17 %),80,46600000,2410,1408090000,127696764,34.55
29/06/2021,-140,-83050000,59.3(0.68 %),10,5900000,150,88950000,127725064,34.54
30/06/2021,-20,-11710000,58.6(-1.18 %),10,5790000,30,17500000,127724964,34.54
01/07/2021,-50,-29300000,58.5(-0.17 %),0,0,50,29300000,127749064,34.52
02/07/2021,-110,-62960000,57(-2.56 %),0,0,110,62960000,127750564,34.52
05/07/2021,-280,-154760000,55.3(-2.98 %),20,11140000,300,165900000,127750664,34.52
06/07/2021,-4900,-270350000,55.2(-0.18 %),400,22210000,5300,292560000,127757864,34.52
07/07/2021,1960,1074080000,55.2(0.00 %),1960,1074080000,0,0,127732294,34.53
08/07/2021,3000,1686510000,56.5(2.36 %),3000,1686510000,0,0,127705294,34.55
09/07/2021,-1050,-581950000,54.3(-3.89 %),650,363340000,1700,945290000,127704094,34.55
12/07/2021,210,100720000,50.5(-7.00 %),500,254130000,290,153410000,127699094,34.55
13/07/2021,39800,2004035000,49.9(-1.19 %),39800,2004035000,0,0,127676864,38.31
14/07/2021,3290,1624420000,50(0.20 %),3320,1639270000,30,14850000,127643094,34.58
15/07/2021,5590,2826200000,51(2.00 %),5620,2841380000,30,15180000,127589794,34.61
16/07/2021,-18100,-917790000,51(0.00 %),100,5170000,18200,922960000,127606164,38.35
19/07/2021,-18500,-898565000,47.9(-6.08 %),200,9540000,18700,908105000,127624664,38.34
20/07/2021,-53000,-2371195000,45.2(-5.64 %),33200,1497195000,86200,3868390000,127677664,38.31
21/07/2021,1330,600690000,45.5(0.66 %),1350,609770000,20,9080000,127561594,34.62
22/07/2021,3280,1506550000,46.2(1.54 %),3280,1506550000,0,0,127547494,34.63
23/07/2021,-90,-40130000,45.4(-1.73 %),130,59430000,220,99560000,127632394,34.58
26/07/2021,-6100,-277130000,43.9(-3.30 %),1500,65890000,7600,343020000,127638564,38.33
27/07/2021,29400,1299160000,44.3(0.91 %),29400,1299160000,0,0,127609164,38.34
28/07/2021,23000,1015860000,44.4(0.23 %),23000,1015860000,0,0,127586164,38.36
29/07/2021,4790,2156410000,45.4(2.25 %),4820,2169840000,30,13430000,127540294,34.63
30/07/2021,0,0,45.75(0.77 %),0,0,0,0,127540294,34.63
02/08/2021,-3200,-144410000,46.2(0.98 %),5900,271430000,9100,415840000,127540294,38.38
03/08/2021,-43600,-1951855000,45.2(-2.16 %),1400,63970000,45000,2015825000,127583894,38.36
04/08/2021,-35300,-1594180000,45(-0.44 %),200,9040000,35500,1603220000,127619194,38.34
05/08/2021,-300,-15930000,45(-1.10 %),27400,1236180000,27700,1252110000,127619494,38.34
06/08/2021,9600,438875000,46.9(4.22 %),10100,461785000,500,22910000,127609894,38.34
09/08/2021,-16900,-834695000,49.6(5.76 %),9000,436700000,25900,1271395000,127626794,34.59
10/08/2021,-143200,-6984935000,48.4(-2.42 %),9900,489060000,153100,7473995000,127769994,38.26
11/08/2021,-83900,-3996250000,47.5(-2.66 %),5900,281520000,89800,4277770000,127853894,38.22
12/08/2021,-36800,-1711830000,45.8(-3.58 %),100,4750000,36900,1716580000,127890694,38.2
13/08/2021,-4700,69607500,46.8(2.18 %),17400,719277500,22100,649670000,127895394,34.45
16/08/2021,31700,1536335000,48.8(4.27 %),32900,1593300000,1200,56965000,127863694,34.46
17/08/2021,-27800,-1330435000,47.5(-2.66 %),300,14210000,28100,1344645000,127950994,38.17
18/08/2021,8000,377600000,47.2(-0.63 %),8200,387040000,200,9440000,127855694,38.22
19/08/2021,10500,546020000,50.5(6.99 %),40500,2009755000,30000,1463735000,127845194,38.22
20/08/2021,-48600,-2509130000,51.5(1.98 %),7000,363620000,55600,2872750000,127893794,38.2
23/08/2021,-35300,-1802940000,50.9(-1.17 %),2200,111600000,37500,1914540000,127929094,38.18
24/08/2021,-25100,-1226740000,48.9(-3.93 %),200,9800000,25300,1236540000,127954194,38.17
25/08/2021,-45700,-2153775000,47.5(-24.00 %),2100,97370000,47800,2251145000,127999894,38.14
26/08/2021,-100,-1750000,47(-1.05 %),4800,227190000,4900,228940000,127999994,38.14
27/08/2021,17900,981075000,50.2(6.81 %),63700,3169715000,45800,2188640000,127982094,38.15
30/08/2021,-55300,-2903320000,53.7(6.97 %),19000,1014440000,74300,3917760000,128037394,38.13
31/08/2021,173500,9319390000,53.7(0.00 %),181700,9764310000,8200,444920000,127863894,38.21
01/09/2021,-6600,-351620000,53(-1.30 %),15300,801980000,21900,1153600000,127798494,34.5
06/09/2021,-118200,-6388470000,55.2(4.15 %),35900,1969400000,154100,8357870000,127916694,38.19
07/09/2021,-127200,-6644170000,51.4(-6.88 %),35300,1894090000,162500,8538260000,128043894,38.12
08/09/2021,-156000,-8012705000,51.9(0.97 %),2500,128170000,158500,8140875000,128199894,38.04
09/09/2021,-30200,-1546070000,51.2(-1.35 %),400,20310000,30600,1566380000,128230094,38.03
10/09/2021,-113000,-5765160000,50.5(-1.37 %),200,10180000,113200,5775340000,128343094,37.97
13/09/2021,-385000,-19016140000,50(-0.99 %),14200,684950000,399200,19701090000,128728094,37.77
14/09/2021,-76100,-3634915000,47(-6.00 %),8800,419440000,84900,4054355000,128804194,37.73
15/09/2021,-20100,-965100000,48(2.13 %),3100,148260000,23200,1113360000,128824294,37.72
16/09/2021,-10200,-469290000,46.3(-3.54 %),13200,615190000,23400,1084480000,128834494,33.97
17/09/2021,-1147200,-49564790000,43.2(-6.70 %),64600,2806170000,1211800,52370960000,129981694,33.38
20/09/2021,-50800,-2243650000,44.4(2.78 %),10400,462260000,61200,2705910000,130032494,37.1
21/09/2021,-13000,-578830000,44.6(0.45 %),5300,236830000,18300,815660000,130045494,33.35
22/09/2021,-8500,-375875000,44.2(-0.90 %),1300,57285000,9800,433160000,130053994,37.09
23/09/2021,-7600,-337760000,44.4(0.45 %),2200,97360000,9800,435120000,130061594,33.34
24/09/2021,-4800,-210845000,44.2(-0.45 %),3900,173695000,8700,384540000,130066394,33.34
27/09/2021,-5900,-246455000,42(-4.98 %),4400,187845000,10300,434300000,130072294,37.08
28/09/2021,-1900,-83190000,41.45(-1.31 %),6600,269135000,8500,352325000,130074194,37.08
29/09/2021,-7700,-316055000,40.6(-2.05 %),4200,169625000,11900,485680000,130081894,33.33
30/09/2021,-1500,-61870000,40.6(0.00 %),3500,141130000,5000,203000000,130083394,37.08
01/10/2021,-8800,-354800000,40.3(-0.74 %),700,28140000,9500,382940000,130171494,37.03
04/10/2021,-8700,-348620000,41.6(3.23 %),1500,61700000,10200,410320000,130180194,33.28
05/10/2021,-2000,-85190000,42.45(2.04 %),1800,76120000,3800,161310000,130182194,37.03
06/10/2021,200,8540000,42.2(-0.59 %),400,16970000,200,8430000,130181994,0.0
07/10/2021,1400,57270000,41.2(-2.37 %),1400,57270000,0,0,130180594,0.0
08/10/2021,2000,82280000,41(-0.49 %),2000,82280000,0,0,130178594,0.0
11/10/2021,2000,0,41.2(0.49 %),2000,0,0,0,130176594,0.0
12/10/2021,34100,1440735000,42.45(3.03 %),34100,1440735000,0,0,130142494,0.0
13/10/2021,800,33070000,41.8(-1.53 %),800,33070000,0,0,130141694,0.0
14/10/2021,-5100,-214450000,41.85(0.12 %),2000,84800000,7100,299250000,130146794,0.0
15/10/2021,125400,5231490000,42(0.36 %),126800,5289800000,1400,58310000,130021394,0.0
18/10/2021,-4500,-185285000,41.9(-0.24 %),2800,116685000,7300,301970000,130025894,0.0
19/10/2021,-10100,-417215000,41.4(-1.19 %),300,12345000,10400,429560000,130035994,0.0
20/10/2021,-1700,-66615000,41(-0.97 %),4800,197270000,6500,263885000,130037694,0.0
21/10/2021,2600,104790000,40.55(-1.10 %),2600,104790000,0,0,130033394,0.0
22/10/2021,-2100,-86110000,41.1(1.36 %),1500,61420000,3600,147530000,130035494,0.0
25/10/2021,77300,3260060000,42.2(2.68 %),77300,3260060000,0,0,129958194,0.0
26/10/2021,1500,62015000,42(-0.47 %),1500,62015000,0,0,129956694,0.0
27/10/2021,300,12410000,42(0.00 %),300,12410000,0,0,129956394,0.0
28/10/2021,-29900,-1249905000,42(0.00 %),5200,216035000,35100,1465940000,129986294,37.13
29/10/2021,-26100,-1091125000,42(0.00 %),1900,79385000,28000,1170510000,130012394,37.11
01/11/2021,103900,4409845000,42.9(2.14 %),106500,4519635000,2600,109790000,129976694,37.13
02/11/2021,61100,2681310000,43.9(2.33 %),62300,2733935000,1200,52625000,129915594,37.16
03/11/2021,-58600,-2488605000,42(-4.33 %),2500,105645000,61100,2594250000,129974194,0.0
04/11/2021,-71200,-2967089400,41.4(-1.43 %),1700,49658400,72900,3016747800,129986794,0.0
05/11/2021,0,0,42.2(1.93 %),0,0,0,0,129915594,33.41
08/11/2021,-36300,-1530065000,42.3(0.24 %),1700,71705000,38000,1601770000,129951894,37.14
09/11/2021,-19000,-795500000,42(-0.71 %),600,25085000,19600,820585000,129970894,37.13
10/11/2021,-37900,-1622385300,43.5(3.57 %),37600,1609543200,75500,3231928500,130008794,0.0
11/11/2021,98700,4414485000,44.95(3.33 %),104300,4665960000,5600,251475000,129872194,37.18
12/11/2021,9900,450470000,45.4(1.00 %),12300,558900000,2400,108430000,129862294,37.19
15/11/2021,-6200,-269435000,44.7(-1.54 %),47400,2112870000,53600,2382305000,129868494,37.19
16/11/2021,-63700,-2756640000,43.3(-3.13 %),37300,1636805000,101000,4393445000,129932194,37.15
17/11/2021,10900,472150000,43.85(1.27 %),11900,515900000,1000,43750000,129921294,37.16
18/11/2021,9900,429855000,43.65(-0.46 %),9900,429855000,0,0,129911394,37.16
19/11/2021,-24700,-1047345000,42.1(-3.55 %),22700,982585000,47400,2029930000,129936094,37.15
22/11/2021,-1200,-47640000,40.6(-3.56 %),1600,66040000,2800,113680000,129937294,37.15
23/11/2021,-6500,-264245000,40.7(0.25 %),1000,40540000,7500,304785000,129943794,37.15
24/11/2021,2000,81395000,40.95(0.61 %),4000,163195000,2000,81800000,129941794,37.15
25/11/2021,-4100,-166950000,40.75(-0.49 %),3600,146675000,7700,313625000,129945894,37.15
26/11/2021,-15700,-635965000,40.45(-0.74 %),3400,139250000,19100,775215000,129961594,0.0
29/11/2021,0,0,40.3(-0.37 %),0,0,0,0,129961594,37.14
30/11/2021,15800,602440000,39.7(-1.49 %),74800,2969590000,59000,2367150000,129945794,37.15
01/12/2021,-68300,-2631605000,38.4(-3.27 %),1400,54470000,69700,2686075000,130035286,37.1
02/12/2021,-198100,-7648460000,38.7(0.78 %),1900,73350000,200000,7721810000,130233386,37.0
03/12/2021,-99800,-3786055000,37(-4.39 %),3700,141840000,103500,3927895000,130333186,36.95
06/12/2021,-204300,-7199385000,34.45(-6.89 %),7900,277315000,212200,7476700000,130537486,36.84
07/12/2021,-147100,-5188260000,35.8(3.92 %),113400,4029925000,260500,9218185000,130684586,36.77
08/12/2021,155400,5652965000,36.35(1.54 %),405400,14719585000,250000,9066620000,130529186,36.85
09/12/2021,128500,4651105000,37.3(2.61 %),428500,15782230000,300000,11131125000,130400686,0.0
10/12/2021,36000,1454475000,36.8(-1.34 %),424300,15810320000,388300,14355845000,130364686,36.93
13/12/2021,-118600,-4280055000,36.4(-1.09 %),163000,5935050000,281600,10215105000,130483286,36.87
14/12/2021,-206100,-7348800000,35.9(-1.37 %),6000,214645000,212100,7563445000,130689386,36.77
15/12/2021,-299300,-10766015000,36(0.28 %),900,32380000,300200,10798395000,130988686,36.61
16/12/2021,-300200,-10675190000,35.55(-1.25 %),1500,53490000,301700,10728680000,131288886,36.46
17/12/2021,-345000,-11952975000,34.65(-2.53 %),6900,240590000,351900,12193565000,131633886,0.0
20/12/2021,9500,316675000,33.8(-2.45 %),13500,455675000,4000,139000000,131469386,36.37
21/12/2021,-244100,-8700445000,36.15(6.95 %),21100,744035000,265200,9444480000,131713486,0.0
22/12/2021,-132900,-5074885000,37.5(3.59 %),69300,2554095000,202200,7628980000,131846386,36.17
23/12/2021,0,0,37.5(0.00 %),0,0,0,0,131846386,32.42
24/12/2021,-4500,0,36.7(-2.13 %),300,0,4800,0,131850886,0.0
27/12/2021,7800,289375000,37.3(1.63 %),16400,604125000,8600,314750000,132408766,34.59
28/12/2021,252400,9603140000,38.4(2.95 %),285000,10836885000,32600,1233745000,132156366,36.01
29/12/2021,-30300,-1152940000,38.1(-0.78 %),3600,138365000,33900,1291305000,132134966,34.72
30/12/2021,-4400,-165075000,37.4(-1.84 %),10700,401790000,15100,566865000,132156866,34.71
31/12/2021,31400,1165750000,37.15(-0.67 %),49600,1842260000,18200,676510000,132141166,34.72
04/01/2022,17500,657825000,37.65(1.21 %),23000,865250000,5500,207425000,132133266,34.72
05/01/2022,9700,361595000,37.15(-1.46 %),21200,790045000,11500,428450000,132130300,34.73
06/01/2022,-97400,-3564095000,37.25(0.13 %),19200,705030000,116600,4269125000,132116600,34.73
07/01/2022,5600,205040000,37(-0.80 %),18100,669840000,12500,464800000,132110000,34.74
10/01/2022,-124600,-4872963900,35.95(-2.84 %),38300,1064252400,162900,5937216300,132188300,34.7
11/01/2022,12900,450275000,34.5(-4.17 %),12900,450275000,0,0,132187900,34.7
12/01/2022,43900,1514010000,34.7(0.58 %),66300,2271340000,22400,757330000,132284500,34.65
13/01/2022,4500,152885000,33.95(-2.16 %),17800,610475000,13300,457590000,132266700,34.66
14/01/2022,30600,1026000000,33.95(-0.15 %),35700,1196330000,5100,170330000,132253400,34.66
17/01/2022,-7600,-250605000,33.05(-2.65 %),12400,419450000,20000,670055000,132254300,34.66
18/01/2022,20400,676165000,32.5(-1.66 %),22400,741465000,2000,65300000,132237000,34.67
19/01/2022,4800,154900000,31.6(-2.77 %),4800,154900000,0,0,132252200,34.67
20/01/2022,-46000,-1443660000,31.5(-1.56 %),16000,504640000,62000,1948300000,132238200,34.67
21/01/2022,100600,3218645000,32(1.27 %),119600,3827045000,19000,608400000,132118600,34.73
24/01/2022,394700,12262865000,30.9(-3.44 %),419400,13043060000,24700,780195000,131761200,34.91
25/01/2022,33400,1027180000,30.95(0.16 %),54500,1669790000,21100,642610000,131725700,34.93
26/01/2022,-94000,-2606418000,31.6(1.94 %),7100,193068000,101100,2799486000,131743300,34.92
27/01/2022,-394400,-12217890000,31(-1.90 %),200,6245000,394600,12224135000,131764120,34.91
28/01/2022,-57400,-1762965000,31.2(0.65 %),12600,390015000,70000,2152980000,131852620,34.86
07/02/2022,485500,15455500000,32.3(3.53 %),490600,15617575000,5100,162075000,131756620,34.91
08/02/2022,396000,13045755000,33.1(2.48 %),396000,13045755000,0,0,131430620,35.07
09/02/2022,225000,7654545000,34.3(3.63 %),225200,7661265000,200,6720000,131210520,35.18
10/02/2022,-5000,-145580000,29.35(7.12 %),900,26185000,5900,171765000,131209620,35.18
11/02/2022,-97300,-2829125000,29.5(0.34 %),53200,1599950000,150500,4429075000,131156620,35.21
14/02/2022,-52800,-1506640000,28.2(-4.41 %),15500,443710000,68300,1950350000,131147020,35.21
15/02/2022,186600,5269945000,28.55(1.24 %),190900,5393060000,4300,123115000,131106620,35.23
16/02/2022,45500,1321985000,28.6(0.00 %),45900,1333445000,400,11460000,131129020,35.22
17/02/2022,262900,7589655000,28.8(0.70 %),263900,7618355000,1000,28700000,130871420,35.35
18/02/2022,-38300,-1082945000,28.6(-0.69 %),7100,202185000,45400,1285130000,130864720,35.35
21/02/2022,-104800,-2980590000,28.6(0.00 %),200,5700000,105000,2986290000,130865520,35.35
22/02/2022,-204800,-5715495000,28.15(-1.57 %),20000,559625000,224800,6275120000,130890920,35.34
23/02/2022,-105100,-2945915000,28.1(-0.35 %),2500,69900000,107600,3015815000,130993420,35.29
24/02/2022,-122600,-3379090000,26.8(-4.63 %),400,11005000,123000,3390095000,131217820,35.18
25/02/2022,-119900,-3228850000,26.9(0.37 %),5600,151190000,125500,3380040000,131319820,35.13
28/02/2022,-222800,-5854820000,26.25(-2.42 %),500,13140000,223300,5867960000,131442320,35.07
01/03/2022,102800,2737820000,27(2.66 %),112800,3005820000,10000,268000000,131455020,35.06
02/03/2022,1400,38365000,26.8(-0.74 %),5100,136230000,3700,97865000,131673220,34.95
03/03/2022,-2600,-68975000,27.1(1.12 %),4200,113065000,6800,182040000,131679020,34.95
04/03/2022,-270900,-7260100000,26.75(-1.29 %),7800,209570000,278700,7469670000,131674920,34.95
07/03/2022,-144800,-3799850000,26.35(-1.68 %),5300,139705000,150100,3939555000,164480070,34.52
08/03/2022,-7500,-196610000,26.25(-0.57 %),4100,107355000,11600,303965000,164754670,34.41
09/03/2022,-40400,-1044095000,25.95(-1.33 %),2400,61945000,42800,1106040000,164902370,34.35
10/03/2022,-21000,-544630000,25.7(-1.15 %),200,5195000,21200,549825000,164914770,34.35
11/03/2022,-2300,-59155000,25.25(-1.75 %),2700,68395000,5000,127550000,164954870,34.33
14/03/2022,-32100,-802645000,24.8(-1.98 %),1700,42355000,33800,845000000,164974370,34.33
15/03/2022,-34500,-859085000,24.9(0.40 %),200,4970000,34700,864055000,164979170,34.32
16/03/2022,-2200,-60435000,26.6(6.83 %),12800,335995000,15000,396430000,165000170,34.31
17/03/2022,7900,212520000,26.7(0.38 %),7900,212520000,0,0,165026970,34.3
18/03/2022,-837100,-21602140000,25.8(-3.37 %),23800,614105000,860900,22216245000,165018170,34.31
21/03/2022,224100,5872900000,26.1(1.16 %),229600,6017000000,5500,144100000,164788570,34.4
22/03/2022,10500,274550000,26.3(0.77 %),12400,324530000,1900,49980000,165637070,34.06
23/03/2022,249100,6777360000,26.9(2.28 %),256400,6975775000,7300,198415000,165386170,34.16
24/03/2022,311400,8866240000,28.75(6.88 %),314800,8961530000,3400,95290000,165073270,34.29
25/03/2022,326000,9642970000,30.1(4.51 %),341500,10108470000,15500,465500000,164739070,34.42
28/03/2022,24300,707515000,29.3(-2.66 %),35400,1033535000,11100,326020000,164707070,34.43
29/03/2022,-220000,-6692320000,30.5(4.10 %),282300,8611780000,502300,15304100000,164440270,34.54
30/03/2022,-138700,-3974195000,28.6(-6.23 %),114900,3434635000,253600,7408830000,164336470,34.58
31/03/2022,-327700,-9390755000,27.8(-2.80 %),1200,34660000,328900,9425415000,164837570,34.38
01/04/2022,-153900,-4323395000,29(4.32 %),150200,4300520000,304100,8623915000,164940970,34.34
04/04/2022,-312700,-9018230000,28.7(-1.03 %),2700,78380000,315400,9096610000,165267170,34.21
05/04/2022,-244100,-6881945000,28.15(-1.92 %),27200,764475000,271300,7646420000,165544070,34.1
06/04/2022,-214800,-5994990000,27.7(-1.77 %),46600,1309300000,261400,7304290000,165812870,33.99
07/04/2022,-239000,-6546870000,26.25(-5.23 %),13300,362160000,252300,6909030000,166051870,34.91
08/04/2022,-170900,-4519950000,26.65(1.33 %),3300,86370000,174200,4606320000,166328770,33.79
12/04/2022,-158700,-4175895000,25.6(-3.94 %),100,2640000,158800,4178535000,166487470,35.81
13/04/2022,-104500,-2681970000,26.15(2.15 %),1500,37850000,106000,2719820000,166581045,33.69
14/04/2022,-91600,-2398765000,25.75(-1.72 %),9200,242020000,100800,2640785000,166902545,33.56
15/04/2022,-691500,-17483830200,24.9(-3.49 %),1800,30314400,693300,17514144600,167006745,33.52
18/04/2022,-336000,-7847015000,23.2(-6.83 %),7600,176600000,343600,8023615000,167099945,33.48
19/04/2022,-262800,-5959380000,21.6(-6.90 %),5400,121105000,268200,6080485000,167787845,33.21
20/04/2022,66700,1306305000,20.1(-6.94 %),152200,3128315000,85500,1822010000,167171845,34.45
21/04/2022,33500,635135000,18.7(-6.97 %),46000,869495000,12500,234360000,168202445,33.04
22/04/2022,-77300,-1551245000,19.25(2.94 %),147900,2808420000,225200,4359665000,168141045,33.06
25/04/2022,-396900,-7454730000,17.95(-6.99 %),2500,46670000,399400,7501400000,168151045,33.06
26/04/2022,263900,4518245000,18.3(1.67 %),275300,4721020000,11400,202775000,168100945,33.08
27/04/2022,-311400,-5541630000,18.55(1.37 %),11000,202700000,322400,5744330000,168489345,32.93
28/04/2022,-11100,-204410000,18.4(-1.08 %),8500,159645000,19600,364055000,168492245,32.92
29/04/2022,-194000,-3685375000,18.95(2.99 %),5700,108470000,199700,3793845000,168808945,32.8
04/05/2022,-117500,-2212165000,18.65(-1.84 %),200,3780000,117700,2215945000,168828345,32.79
05/05/2022,-300,-5160000,18.2(-2.67 %),1400,25920000,1700,31080000,168828645,33.77
06/05/2022,-10100,-171195000,16.95(-6.87 %),1900,32205000,12000,203400000,169142445,32.67
09/05/2022,5100,80580000,15.8(-7.06 %),13700,216460000,8600,135880000,169130445,32.67
10/05/2022,169000,2704000000,16(1.27 %),170800,2732800000,1800,28800000,168971645,32.73
11/05/2022,37200,601570000,16.15(0.94 %),60600,979480000,23400,377910000,168934445,33.73
12/05/2022,-23100,-357665000,15.05(-6.81 %),200,3085000,23300,360750000,168957545,33.72
13/05/2022,-38900,-543155000,14(-6.98 %),5900,84420000,44800,627575000,168939245,32.75
16/05/2022,85600,1117080000,13.05(-6.79 %),118400,1545120000,32800,428040000,168844145,32.78
17/05/2022,412100,5748795000,13.95(6.49 %),412100,5748795000,0,0,168477345,32.93
18/05/2022,4500,64800000,14.4(2.86 %),67800,976320000,63300,911520000,168442320,32.94
19/05/2022,-152200,-2161240000,14.2(-1.39 %),3900,55380000,156100,2216620000,168438420,32.95
20/05/2022,28600,411840000,14.4(1.41 %),53500,770400000,24900,358560000,168448220,32.94
23/05/2022,-63700,-917280000,14.4(0.00 %),26700,384480000,90400,1301760000,168578120,32.89
24/05/2022,-136800,-1969920000,14.4(0.00 %),5900,84960000,142700,2054880000,168597120,32.88
25/05/2022,27400,421960000,15.4(6.94 %),56300,867020000,28900,445060000,168631220,32.87
26/05/2022,6300,103635000,16.45(6.82 %),7700,126665000,1400,23030000,168766220,32.82
27/05/2022,-248900,-4094405000,16.45(-0.30 %),2300,37835000,251200,4132240000,168792820,32.81
30/05/2022,-39200,-640920000,16.35(-0.91 %),1400,22890000,40600,663810000,168792820,32.81
31/05/2022,-716497,-11392302300,15.9(-3.05 %),24200,384780000,740697,11777082300,169019820,32.71
01/06/2022,66900,1083780000,16.2(1.89 %),93600,1516320000,26700,432540000,168966820,32.74
02/06/2022,-68100,-1072575000,15.75(-2.78 %),5800,91350000,73900,1163925000,169701717,32.44
03/06/2022,8200,126690000,15.45(-2.22 %),15400,237930000,7200,111240000,169713017,32.44
06/06/2022,-60700,-911265000,14.5(-6.45 %),3100,45915000,63800,957180000,169783817,32.41
07/06/2022,3300,48675000,14.75(1.72 %),11000,162250000,7700,113575000,169780017,32.41
08/06/2022,68500,1041200000,15.2(2.70 %),80200,1219040000,11700,177840000,169763617,32.42
09/06/2022,-11900,-187425000,15.75(3.62 %),15500,244125000,27400,431550000,169755817,32.42
10/06/2022,-16800,-252000000,15(-5.06 %),500,7500000,17300,259500000,169766942,32.42
13/06/2022,-77400,-1079730000,13.95(-7.00 %),1100,15345000,78500,1095075000,169793242,32.41
14/06/2022,-32900,-439215000,13.35(-4.64 %),400,5340000,33300,444555000,169810142,32.4
15/06/2022,-4800,-59760000,12.45(-7.09 %),600,7470000,5400,67230000,169887992,32.37
16/06/2022,100,1245000,12.45(-0.40 %),100,1245000,0,0,169921192,32.36
17/06/2022,-1350400,-15732160000,11.65(-6.80 %),181100,2109815000,1531500,17841975000,169745492,32.43
20/06/2022,3900,41335000,10.85(-7.26 %),7400,82235000,3500,40900000,169738092,32.43
21/06/2022,82500,882750000,10.7(-1.83 %),83500,893450000,1000,10700000,171161992,31.86
22/06/2022,24400,278160000,11.4(6.54 %),26100,297540000,1700,19380000,171139392,31.87
23/06/2022,0,0,11.65(2.19 %),600,6990000,600,6990000,171139792,31.87
24/06/2022,7300,89060000,12.2(4.27 %),11100,135420000,3800,46360000,171130392,31.87
27/06/2022,21000,258935000,12.45(2.05 %),21000,258935000,0,0,171109992,31.88
28/06/2022,53000,678400000,12.8(2.40 %),86300,1104640000,33300,426240000,171027492,31.92
29/06/2022,-35500,-454740000,12.8(0.00 %),900,11475000,36400,466215000,171026592,31.92
30/06/2022,-69000,-828000000,12(-6.25 %),0,0,69000,828000000,171059892,31.9
01/07/2022,-72200,-880840000,12.2(1.67 %),15100,184220000,87300,1065060000,171081192,31.89
04/07/2022,3400,41200000,12.35(1.23 %),9000,109800000,5600,68600000,171081192,0.0
05/07/2022,2600,31720000,12.2(-1.61 %),2600,31720000,0,0,171225892,31.84
06/07/2022,-12100,-139150000,11.5(-5.74 %),2000,23000000,14100,162150000,171229492,31.84
07/07/2022,200,2320000,11.6(0.87 %),200,2320000,0,0,171229292,31.84
08/07/2022,37200,466200000,12.05(3.88 %),60600,477540000,23400,11340000,171192092,32.81
11/07/2022,37000,466200000,12.6(4.13 %),37900,477540000,900,11340000,171113318,31.88
12/07/2022,-18000,-234900000,13.05(3.57 %),7200,93960000,25200,328860000,171182218,31.85
13/07/2022,11000,141350000,12.85(-1.91 %),12000,154200000,1000,12850000,171171068,31.86
14/07/2022,89500,1159025000,12.95(0.39 %),89500,1159025000,0,0,171106768,31.88
15/07/2022,46700,625780000,13.4(3.08 %),46700,625780000,0,0,171061068,31.9
18/07/2022,-35200,-468160000,13.3(-0.75 %),1600,21280000,36800,489440000,171059468,31.9
19/07/2022,-127200,-1666320000,13.1(-1.50 %),0,0,127200,1666320000,171059468,31.9
20/07/2022,116200,1557080000,13.4(2.29 %),116200,1557080000,0,0,170980068,31.93
21/07/2022,10800,140940000,13.05(-2.61 %),10800,140940000,0,0,171096468,31.89
22/07/2022,0,1178240000,13.15(0.38 %),600,1182185000,600,3945000,171006568,31.92
25/07/2022,-38000,-497800000,13.1(-0.76 %),3500,45850000,41500,543650000,171003068,31.93
26/07/2022,-77800,-991950000,12.75(-2.67 %),0,0,77800,991950000,171003368,31.93
27/07/2022,-51500,-648900000,12.6(-1.56 %),900,11340000,52400,660240000,171043968,31.91
28/07/2022,89300,1160900000,13(3.17 %),91400,1188200000,2100,27300000,171030368,31.91
29/07/2022,120300,1563900000,13(0.00 %),120300,1563900000,0,0,170962468,31.94
01/08/2022,172100,2323350000,13.5(3.85 %),172100,2323350000,0,0,170792468,32.01
02/08/2022,43000,599850000,13.95(3.33 %),43700,609615000,700,9765000,170748768,32.03
03/08/2022,132800,1852560000,13.95(-0.36 %),133700,1865115000,900,12555000,170615068,32.08
04/08/2022,28800,398880000,13.85(-1.07 %),44400,614940000,15600,216060000,170571368,32.1
05/08/2022,82900,1152310000,13.9(0.00 %),83000,1153700000,100,1390000,170489268,32.13
08/08/2022,71900,1046145000,14.55(4.68 %),72900,1060695000,1000,14550000,170431968,32.15
09/08/2022,-5300,-76320000,14.4(-1.37 %),16100,231840000,21400,308160000,170415968,32.16
10/08/2022,2000,29200000,14.6(1.39 %),2000,29200000,0,0,170414968,32.16
11/08/2022,-832200,-11650800000,14(-4.11 %),300,4200000,832500,11655000000,170436068,32.15
12/08/2022,-26100,-368010000,14.1(0.71 %),4700,66270000,30800,434280000,170431368,32.15
15/08/2022,-2100,-29610000,14.1(0.00 %),0,0,2100,29610000,171263868,31.82
16/08/2022,44300,620200000,14(-0.71 %),56500,791000000,12200,170800000,171238168,31.83
17/08/2022,-81200,-1136800000,14(0.00 %),2900,40600000,84100,1177400000,171237243,31.83
18/08/2022,-88500,-1221300000,13.8(-1.43 %),0,0,88500,1221300000,171249443,31.83
19/08/2022,-133700,-1791580000,13.4(-2.90 %),1100,14740000,134800,1806320000,171332443,31.79
22/08/2022,-119200,-1579400000,13.25(-1.12 %),1500,19875000,120700,1599275000,171419443,31.76
23/08/2022,44500,598525000,13.45(1.13 %),44500,598525000,0,0,171509743,31.72
24/08/2022,-40100,-543355000,13.55(0.37 %),0,0,40100,543355000,171630443,31.68
25/08/2022,-69900,-947145000,13.55(-0.37 %),0,0,69900,947145000,171630443,31.68
26/08/2022,-24500,-333200000,13.6(0.00 %),100,1360000,24600,334560000,171670443,31.66
29/08/2022,-133800,-1779540000,13.3(-2.21 %),2800,37240000,136600,1816780000,171740243,31.63
30/08/2022,-25000,-328750000,13.15(-1.13 %),8000,105200000,33000,433950000,171756843,31.63
31/08/2022,-1300,-17095000,13.15(-0.38 %),1500,19725000,2800,36820000,171891943,31.57
05/09/2022,-2000,-26300000,13.15(-0.38 %),1000,13150000,3000,39450000,171923943,31.56
06/09/2022,-41300,-530705000,12.85(-2.65 %),2600,33410000,43900,564115000,171924143,31.56
07/09/2022,-8100,-98820000,12.2(-5.43 %),1100,13420000,9200,112240000,171926043,31.56
08/09/2022,2000,24700000,12.35(1.23 %),2000,24700000,0,0,171967943,31.54
09/09/2022,100,1220000,12.2(-1.61 %),100,1220000,0,0,171977043,31.54
12/09/2022,50,1220000,12.15(-0.41 %),50,1220000,0,0,171976993,31.54
13/09/2022,-16800,-95590000,12.35(1.23 %),6100,0,22900,95590000,171970893,31.54
14/09/2022,-14800,-95590000,12.25(-1.21 %),6400,0,21200,95590000,171964493,31.54
15/09/2022,-20700,-181300000,12.15(-1.22 %),100,78400000,20800,259700000,0,31.53
16/09/2022,-1293800,-14878700000,11.5(-5.74 %),42700,491050000,1336500,15369750000,171965793,31.54
19/09/2022,-9200,-103040000,11.2(-2.61 %),200,2240000,9400,105280000,171974993,32.48
20/09/2022,10800,124200000,11.5(2.68 %),14400,165600000,3600,41400000,173308493,31.01
21/09/2022,-20800,-236080000,11.35(-1.30 %),0,0,20800,236080000,173317893,31.0
22/09/2022,21850,253460000,11.6(1.75 %),34100,395560000,12250,142100000,173287393,31.02
23/09/2022,2300,26105000,11.35(-2.16 %),11700,132795000,9400,106690000,173296493,31.01
26/09/2022,15500,170500000,11(-3.51 %),20100,221100000,4600,50600000,173288643,31.02
27/09/2022,-5800,-64380000,11.1(0.91 %),100,1110000,5900,65490000,173297943,31.01
28/09/2022,-61500,-667275000,10.85(-2.25 %),1100,11935000,62600,679210000,173301443,31.01
29/09/2022,-100,-1085000,10.85(-0.46 %),0,0,100,1085000,173307343,31.01
30/09/2022,-20200,-219170000,10.85(-0.46 %),1000,10850000,21200,230020000,173368943,30.98
03/10/2022,-19900,-200990000,10.1(-7.34 %),100,1010000,20000,202000000,173368943,30.98
04/10/2022,19080,192708000,10.1(0.00 %),19780,199778000,700,7070000,173370363,30.98
05/10/2022,59600,619840000,10.4(2.97 %),59600,619840000,0,0,173330763,31.0
06/10/2022,1100,10780000,9.8(-5.77 %),20000,196000000,18900,185220000,173311463,31.01
07/10/2022,13900,126768000,9.12(-6.94 %),29700,270864000,15800,144096000,173282363,31.02
10/10/2022,100600,930550000,9.25(1.65 %),108900,1007325000,8300,76775000,173192363,31.05
11/10/2022,-57900,-498519000,8.61(-7.42 %),100,861000,58000,499380000,173208063,31.05
12/10/2022,99400,894600000,9(4.65 %),109400,984600000,10000,90000000,173106963,31.09
13/10/2022,14500,131080000,9.04(0.44 %),36300,328152000,21800,197072000,173128663,31.08
14/10/2022,67100,622688000,9.28(3.11 %),67100,622688000,0,0,173071563,31.1
17/10/2022,-77500,-710675000,9.17(-1.40 %),9000,82530000,86500,793205000,173084363,31.1
18/10/2022,86500,800990000,9.26(0.65 %),86500,800990000,0,0,172997863,31.13
19/10/2022,2900,27693000,9.3(0.00 %),24100,223464000,21200,195771000,172994963,32.07
20/10/2022,-60100,-550332000,9.13(-1.83 %),1000,9240000,61100,559572000,173121863,32.01
21/10/2022,-91400,-803154000,8.53(-6.26 %),200,1700000,91600,804854000,173152163,32.0
24/10/2022,19400,153371000,7.97(-6.24 %),36900,300388000,17500,147017000,173062363,32.04
25/10/2022,134900,1054774000,8(0.00 %),136000,1063519000,1100,8745000,172927463,32.09
26/10/2022,-900,-6600000,7.8(-2.50 %),7400,58616000,8300,65216000,172971943,32.08
27/10/2022,130100,1037507000,8.11(3.97 %),139700,1113610000,9600,76103000,172936643,31.16
28/10/2022,56175,472431750,8.41(3.83 %),81300,683733000,25125,211301250,172863643,31.18
31/10/2022,-11500,-95335000,8.29(-1.31 %),39200,324968000,50700,420303000,172834043,31.2
01/11/2022,72300,610212000,8.44(1.69 %),72300,610212000,0,0,172791368,31.21
02/11/2022,7600,64144000,8.44(0.48 %),27200,229568000,19600,165424000,172814868,31.2
03/11/2022,-17300,-141860000,8.2(-2.38 %),13800,113160000,31100,255020000,172801068,31.21
04/11/2022,-95190,-743433900,7.81(-4.76 %),7510,58653100,102700,802087000,172813158,31.2
07/11/2022,-134600,-978542000,7.27(-6.79 %),7100,51617000,141700,1030159000,172837158,31.2
08/11/2022,60100,434523000,7.23(-0.96 %),61100,441753000,1000,7230000,172878758,31.18
09/11/2022,9850,71708000,7.28(1.11 %),17250,125580000,7400,53872000,173003208,31.13
10/11/2022,-82200,-557316000,6.78(-7.12 %),2500,16950000,84700,574266000,173001708,31.13
11/11/2022,-17200,-110080000,6.4(-5.88 %),19100,122240000,36300,232320000,172990008,31.13
14/11/2022,35600,212176000,5.96(-6.87 %),35600,212176000,0,0,173039108,31.11
15/11/2022,42475,235736250,5.55(-7.50 %),42475,235736250,0,0,173032933,31.12
16/11/2022,211800,1255974000,5.93(5.89 %),213300,1264869000,1500,8895000,172819633,31.2
17/11/2022,84800,537632000,6.34(7.46 %),105500,668870000,20700,131238000,172714133,31.24
18/11/2022,-53100,-360018000,6.78(7.62 %),39900,270522000,93000,630540000,172675733,31.26
21/11/2022,-144400,-1046900000,7.25(6.62 %),400,2900000,144800,1049800000,172696033,31.25
22/11/2022,-40600,-292320000,7.2(-1.37 %),6000,43200000,46600,335520000,172783033,31.22
23/11/2022,-58000,-407160000,7.02(-2.50 %),2500,17550000,60500,424710000,172925333,31.16
24/11/2022,85000,616250000,7.25(3.28 %),96200,697450000,11200,81200000,172875733,31.18
25/11/2022,200,1510000,7.55(3.42 %),22400,169120000,22200,167610000,172913833,31.16
28/11/2022,-36100,-288800000,8(5.26 %),2100,16800000,38200,305600000,172949933,32.08
29/11/2022,-73400,-582796000,7.94(-0.75 %),6300,50022000,79700,632818000,173023333,32.05
30/11/2022,-36275,-290200000,8(1.27 %),42500,340000000,78775,630200000,173059608,32.04
01/12/2022,61200,513468000,8.39(4.88 %),90700,760973000,29500,247505000,172843833,32.13
02/12/2022,-61300,-517985000,8.45(0.60 %),14000,118300000,75300,636285000,172905133,32.1
05/12/2022,-2900,-24911000,8.59(1.06 %),70700,607313000,73600,632224000,172908033,32.1
06/12/2022,-150200,-1200098000,7.99(-7.09 %),18600,148614000,168800,1348712000,173058233,32.04
07/12/2022,-100470,-783666000,7.8(-2.50 %),18430,143754000,118900,927420000,173158703,32.0
08/12/2022,-102300,-813285000,7.95(1.92 %),26900,213855000,129200,1027140000,173200878,31.05
09/12/2022,-2200,-17160000,7.8(-2.50 %),5100,39780000,7300,56940000,173314678,31.01
12/12/2022,52800,413952000,7.84(0.51 %),82400,646016000,29600,232064000,173210403,31.98
13/12/2022,-11400,-91200000,8(2.56 %),4900,39200000,16300,130400000,173221803,31.97
14/12/2022,-3000,-24570000,8.19(2.38 %),10000,81900000,13000,106470000,173224803,31.97
15/12/2022,-66200,-529600000,8(-2.44 %),10600,84800000,76800,614400000,173291003,0.0
16/12/2022,-4800,-37584000,7.83(-2.12 %),400,3132000,5200,40716000,173295803,0.0
19/12/2022,28200,221088000,7.84(0.51 %),28200,221088000,0,0,173267603,0.0
20/12/2022,-1100,-8085000,7.35(-5.77 %),100,735000,1200,8820000,173268703,31.95
21/12/2022,-3600,-26244000,7.29(-1.49 %),0,0,3600,26244000,173272303,31.95
22/12/2022,-14800,-109816000,7.42(1.64 %),0,0,14800,109816000,173287103,31.95
23/12/2022,3500,25655000,7.33(-0.95 %),3700,27121000,200,1466000,173283603,0.0
26/12/2022,7000,48300000,6.9(-5.48 %),7000,48300000,0,0,173276603,31.95
27/12/2022,-12600,-88704000,7.04(2.03 %),3600,25344000,16200,114048000,173289203,0.0
28/12/2022,13200,93456000,7.08(1.14 %),16600,117528000,3400,24072000,173276003,0.0
29/12/2022,2500,17600000,7.04(-0.85 %),2800,19712000,300,2112000,173457778,30.95
30/12/2022,700,4935000,7.05(0.71 %),4000,28200000,3300,23265000,173457178,30.95
03/01/2023,-39600,-289080000,7.3(2.82 %),65200,475960000,104800,765040000,173391978,31.9
04/01/2023,-109200,-791700000,7.25(-0.68 %),7700,55825000,116900,847525000,173387878,30.98
05/01/2023,-62800,-456556000,7.27(-0.41 %),37200,270444000,100000,727000000,173455478,30.95
06/01/2023,-151600,-1068780000,7.05(-3.42 %),11300,79665000,162900,1148445000,173561078,30.91
09/01/2023,-96400,-681548000,7.07(-0.42 %),5100,36057000,101500,717605000,173655978,30.87
10/01/2023,-119900,-844096000,7.04(-0.85 %),10700,75328000,130600,919424000,173808178,30.81
11/01/2023,-83100,-586686000,7.06(0.86 %),17200,121432000,100300,708118000,173892478,30.78
12/01/2023,-100000,-709000000,7.09(-0.14 %),0,0,100000,709000000,174023078,30.72
13/01/2023,-110200,-782420000,7.1(0.00 %),5000,35500000,115200,817920000,174118378,30.69
16/01/2023,-219000,-1539570000,7.03(-0.99 %),0,0,219000,1539570000,174218378,30.65
17/01/2023,-54200,-391866000,7.23(3.29 %),55800,403434000,110000,795300000,174277778,30.62
18/01/2023,124300,912362000,7.34(1.94 %),124300,912362000,0,0,174372478,30.58
19/01/2023,-51400,-378304000,7.36(0.82 %),48600,357696000,100000,736000000,174433878,30.56
27/01/2023,-100100,-744744000,7.44(0.54 %),106900,795336000,207000,1540080000,174326978,30.6
30/01/2023,-249000,-1982040000,7.96(7.57 %),10200,81192000,259200,2063232000,174416778,30.57
31/01/2023,-338400,-2622600000,7.75(-3.12 %),800,6200000,339200,2628800000,174622978,30.48
01/02/2023,18000,140220000,7.79(-0.13 %),30800,239932000,12800,99712000,174851378,30.39
02/02/2023,-37200,-280860000,7.55(-3.21 %),2500,18875000,39700,299735000,175188078,30.26
03/02/2023,-50100,-375750000,7.5(-1.32 %),600,4500000,50700,380250000,175200278,30.25
06/02/2023,-41900,-314250000,7.5(0.00 %),100,750000,42000,315000000,175239878,30.24
07/02/2023,-78900,-572025000,7.25(-3.33 %),2000,14500000,80900,586525000,175288578,30.22
08/02/2023,-45300,-327066000,7.22(-1.10 %),9600,69312000,54900,396378000,175320978,30.21
09/02/2023,66900,493053000,7.37(2.36 %),80700,594759000,13800,101706000,175321178,30.21
10/02/2023,-8300,-60424000,7.28(-1.62 %),500,3640000,8800,64064000,175375578,30.18
13/02/2023,-36000,-246960000,6.86(-6.03 %),2000,13720000,38000,260680000,175387378,30.18
14/02/2023,-31200,-216840000,6.95(0.72 %),0,0,31200,216840000,175396178,30.18
15/02/2023,0,-216840000,7.04(0.57 %),0,0,0,216840000,175434178,30.16
16/02/2023,-80200,-565410000,7.05(0.71 %),700,4935000,80900,570345000,175464678,30.15
17/02/2023,-15100,-106757000,7.07(-0.42 %),5300,37471000,20400,144228000,175459378,30.15
20/02/2023,47400,355026000,7.49(5.49 %),55900,418691000,8500,63665000,175484378,30.14
21/02/2023,-3200,-23872000,7.46(-0.53 %),19300,143978000,22500,167850000,175485478,30.14
22/02/2023,13400,99160000,7.4(-1.33 %),18400,136160000,5000,37000000,175475578,30.14
23/02/2023,-48100,-354978000,7.38(-0.27 %),7800,57564000,55900,412542000,175490278,30.14
24/02/2023,-200,-1440000,7.2(-2.70 %),700,5040000,900,6480000,175490478,31.04
27/02/2023,-5500,-38335000,6.97(-3.19 %),6000,41820000,11500,80155000,175544478,30.12
28/02/2023,1300,9022000,6.94(-0.86 %),1600,11104000,300,2082000,175543778,30.12
01/03/2023,-37800,-266868000,7.06(2.32 %),0,0,37800,266868000,175555278,30.11
02/03/2023,-1300,-9256000,7.12(0.28 %),100,712000,1400,9968000,175555478,30.11
03/03/2023,0,-9256000,7.13(0.42 %),0,712000,0,9968000,175593278,30.1
06/03/2023,12805,92067950,7.19(1.27 %),12805,92067950,0,0,175581873,30.1
07/03/2023,4100,29643000,7.23(0.42 %),4100,29643000,0,0,175577773,30.1
08/03/2023,7000,50750000,7.25(0.69 %),7100,51475000,100,725000,175570673,30.11
09/03/2023,1100,7997000,7.27(-0.41 %),1500,10905000,400,2908000,182884053,27.2
10/03/2023,-10300,-76529000,7.43(1.78 %),17000,126310000,27300,202839000,182867153,27.2
13/03/2023,-15900,-116070000,7.3(-1.35 %),0,0,15900,116070000,182883053,0.0
14/03/2023,-7900,-55853000,7.07(-3.15 %),200,1414000,8100,57267000,182894653,27.19
15/03/2023,24200,177386000,7.33(3.24 %),24900,182517000,700,5131000,182885653,27.19
16/03/2023,-8800,-64240000,7.3(0.00 %),0,0,8800,64240000,182893753,27.19
17/03/2023,-900,-6561000,7.29(-0.14 %),300,2187000,1200,8748000,182894153,27.19
20/03/2023,-33000,-233970000,7.09(-2.88 %),0,0,33000,233970000,182902953,27.19
21/03/2023,7110,-1440000,7.25(2.11 %),7110,5040000,0,6480000,182897043,27.19
22/03/2023,5500,39874000,7.23(-0.96 %),5500,39874000,0,0,182891543,28.87
23/03/2023,7700,55466000,7.2(0.00 %),7700,55466000,0,0,182883843,28.88
24/03/2023,11300,82135000,7.29(1.25 %),13300,96555000,2000,14420000,182872543,28.88
27/03/2023,35800,264920000,7.4(1.37 %),35800,264920000,0,0,182836743,0.0
28/03/2023,41690,315176400,7.56(2.16 %),42700,322812000,1010,7635600,182795053,0.0
29/03/2023,-900,-6840000,7.6(0.00 %),20100,152760000,21000,159600000,182806933,27.23
30/03/2023,18595,143181500,7.7(1.32 %),19000,146300000,405,3118500,182788943,27.23
31/03/2023,-27900,-213714000,7.66(-0.52 %),1000,7660000,28900,221374000,182808943,27.23
03/04/2023,13200,101112000,7.66(-0.52 %),13200,101112000,0,0,182796148,27.23
04/04/2023,38300,294910000,7.7(0.00 %),38300,294910000,0,0,182786748,27.23
05/04/2023,32300,252263000,7.81(1.43 %),32300,252263000,0,0,182754448,27.25
06/04/2023,155190,1283421300,8.27(6.03 %),155200,1283504000,10,82700,182599248,27.31
07/04/2023,8500,69360000,8.16(-1.69 %),8500,69360000,0,0,182590748,27.31
10/04/2023,29200,233600000,8(-2.44 %),118100,944800000,88900,711200000,182472658,27.36
11/04/2023,36575,293697250,8.03(0.38 %),42300,339669000,5725,45971750,182430358,27.38
12/04/2023,-60400,-474140000,7.85(-1.88 %),4400,34540000,64800,508680000,182514858,27.34
13/04/2023,-59800,-462852000,7.74(-2.03 %),2000,15480000,61800,478332000,182518583,27.34
14/04/2023,-240800,-1820448000,7.56(-1.82 %),900,6804000,241700,1827252000,182582483,27.32
17/04/2023,-14300,-106821000,7.47(-1.71 %),0,0,14300,106821000,182644283,27.29
18/04/2023,-32700,-246231000,7.53(0.40 %),0,0,32700,246231000,182885983,27.19
19/04/2023,0,-246231000,7.6(1.33 %),0,0,0,246231000,182900283,27.19
20/04/2023,0,0,7.64(0.53 %),0,0,0,0,182900283,28.0
21/04/2023,-12200,-91988000,7.54(-0.79 %),0,0,12200,91988000,175618103,27.99
24/04/2023,-2025,-15329250,7.57(0.93 %),5600,42392000,7625,57721250,175612503,27.99
25/04/2023,13200,100848000,7.64(0.53 %),13200,100848000,0,0,175611503,27.99
26/04/2023,72080,588893600,8.17(7.50 %),72100,589057000,20,163400,175547028,28.02
27/04/2023,88400,736119000,8.3(1.59 %),90400,752899000,2000,16780000,175458628,28.92
28/04/2023,68200,567498000,8.1(-2.41 %),68200,567498000,0,0,175390428,28.95
04/05/2023,213500,1776784000,8.45(4.32 %),224700,1871536000,11200,94752000,175388448,28.95
05/05/2023,5900,50462000,8.43(-0.24 %),5900,50462000,0,0,175159848,28.18
08/05/2023,38800,329218000,8.4(0.00 %),38800,329218000,0,0,175132248,28.19
09/05/2023,51500,434315000,8.56(1.90 %),68500,580295000,17000,145980000,175063748,28.22
10/05/2023,85500,741549000,8.6(0.00 %),89200,773591000,3700,32042000,174978248,29.13
11/05/2023,12100,103947000,8.45(-1.74 %),12100,103947000,0,0,174979478,28.25
12/05/2023,-154300,-1290977000,8.31(-2.24 %),3300,27644000,157600,1318621000,174979918,28.25
15/05/2023,67200,574403000,8.5(2.29 %),67200,574403000,0,0,174912718,29.15
16/05/2023,26400,222907000,8.43(-0.82 %),28300,239026000,1900,16119000,174886318,29.17
17/05/2023,20600,178948000,8.8(4.39 %),26400,228770000,5800,49822000,174865718,29.17
18/05/2023,-97800,-860402000,8.7(-1.14 %),700,6131000,98500,866533000,174963518,29.13
19/05/2023,-104000,-885437000,8.5(-2.30 %),0,0,104000,885437000,175067518,29.09
22/05/2023,-20900,-177090000,8.45(-0.59 %),600,5089000,21500,182179000,175088418,29.08
23/05/2023,17600,149890000,8.56(1.30 %),17900,152434000,300,2544000,175070818,29.09
24/05/2023,-17000,-143758000,8.48(-0.93 %),12500,107579000,29500,251337000,175087818,29.08
25/05/2023,18900,160933000,8.52(0.47 %),18900,160933000,0,0,175068918,29.09
26/05/2023,45400,394908000,8.72(2.35 %),45400,394908000,0,0,175023518,29.11
29/05/2023,132100,1195937000,9.07(4.01 %),142100,1287537000,10000,91600000,174891418,29.16
30/05/2023,-41200,-369824000,9.07(0.00 %),0,0,41200,369824000,174932618,29.15
31/05/2023,-80000,-733412000,9.12(0.55 %),0,0,80000,733412000,175012618,29.11
01/06/2023,-56800,-516694000,9.1(-0.22 %),11100,101009000,67900,617703000,175049081,29.1
02/06/2023,-8200,-72609000,8.95(-1.65 %),6600,60144000,14800,132753000,175057281,29.09
05/06/2023,-36200,-319324000,8.8(-1.68 %),30600,273714000,66800,593038000,175093481,29.08
06/06/2023,29800,265028000,8.99(2.16 %),38000,337681000,8200,72653000,175063681,29.09
07/06/2023,38700,351995000,9.07(0.89 %),38700,351995000,0,0,175024981,29.11
08/06/2023,49500,453013000,9.15(0.88 %),49500,453013000,0,0,174975481,29.13
09/06/2023,-98300,-885052000,9.05(-1.09 %),300,2707000,98600,887759000,175073781,29.09
12/06/2023,-55900,-510856000,9.14(0.99 %),4000,36160000,59900,547016000,175129681,29.06
13/06/2023,1800,16691000,9.16(0.22 %),1800,16691000,0,0,175127881,29.06
14/06/2023,-76800,-699660000,9.09(-0.76 %),200,1832000,77000,701492000,175204681,29.03
15/06/2023,-93100,-838626000,8.94(-1.65 %),0,0,93100,838626000,175297781,28.99
16/06/2023,-41300,-371057000,8.9(0.00 %),300,2693000,41600,373750000,175382446,28.09
19/06/2023,-80600,-708768000,8.7(-2.25 %),0,0,80600,708768000,175475546,28.05
20/06/2023,-5100,-44549000,8.76(0.69 %),0,0,5100,44549000,175480646,28.05
21/06/2023,16100,143098000,8.89(1.02 %),16100,143098000,0,0,175581616,28.01
22/06/2023,35700,320672000,9.01(1.35 %),35700,320672000,0,0,175545916,28.89
23/06/2023,-10000,-89700000,8.97(-0.33 %),0,0,10000,89700000,175555916,28.02
26/06/2023,-5900,-52219000,8.88(-1.33 %),0,0,5900,52219000,175551016,28.02
27/06/2023,-39100,-344632000,8.82(-0.90 %),500,4450000,39600,349082000,175590116,28.0
28/06/2023,-1600,-14376000,8.87(0.80 %),0,0,1600,14376000,175591716,28.0
29/06/2023,-6700,-59141000,8.7(-2.25 %),0,0,6700,59141000,175598416,28.0
30/06/2023,0,0,8.7(0.00 %),0,0,0,0,175598416,28.0
03/07/2023,8700,75735000,8.71(0.11 %),10000,87100000,1300,11365000,175607591,28.0
04/07/2023,1600,13997000,8.77(0.80 %),2000,17480000,400,3483000,175605991,28.0
05/07/2023,10100,90289000,8.93(1.48 %),10700,95605000,600,5316000,175595891,28.0
06/07/2023,-3600,-31892000,8.85(-0.56 %),0,0,3600,31892000,175593262,28.0
07/07/2023,-100,-876000,8.76(-1.57 %),0,0,100,876000,175593862,28.0
10/07/2023,-500,-4769000,8.8(0.00 %),6500,57181000,7000,61950000,175594362,28.0
11/07/2023,57400,513797000,8.94(1.59 %),62500,558974000,5100,45177000,175536962,28.02
12/07/2023,2000,17870000,8.91(0.11 %),2000,17870000,0,0,175534962,28.03
13/07/2023,4800,43202000,9.11(2.36 %),8100,73526000,3300,30324000,175530162,28.03
14/07/2023,9500,87025000,9.13(0.33 %),9500,87025000,0,0,175521097,28.03
17/07/2023,23500,216412000,9.21(1.21 %),23500,216412000,0,0,175497597,28.04
18/07/2023,-8100,-73612000,9.06(-1.52 %),2500,22825000,10600,96437000,175505697,28.04
19/07/2023,-42700,-383065000,8.91(-2.09 %),0,0,42700,383065000,175498397,28.04
20/07/2023,-38800,-345922000,8.95(0.56 %),0,0,38800,345922000,175537197,28.02
21/07/2023,46300,419099000,9.08(0.89 %),49800,450774000,3500,31675000,175490897,28.04
24/07/2023,117500,1075126000,9.49(4.29 %),117500,1075126000,0,0,175423197,28.07
25/07/2023,158400,1549294000,9.79(3.05 %),158500,1550250000,100,956000,175268197,28.13
26/07/2023,-5800,-56037000,9.71(-0.82 %),9200,88871000,15000,144908000,175273997,28.13
27/07/2023,100,962000,9.62(-0.82 %),100,962000,0,0,175273897,28.13
28/07/2023,39900,385897000,9.68(0.83 %),39900,385897000,0,0,175233997,28.15
31/07/2023,-55800,-523200000,9.35(-3.61 %),5200,48724000,61000,571924000,175289797,28.13
01/08/2023,-25600,-239776000,9.35(-0.53 %),4500,42355000,30100,282131000,175228947,28.15
02/08/2023,18300,171414000,9.38(-0.21 %),19800,185514000,1500,14100000,175210647,28.16
03/08/2023,-28600,-266133000,9.33(-0.74 %),200,1873000,28800,268006000,175239247,28.15
04/08/2023,-134000,-1248711000,9.55(2.36 %),29900,283056000,163900,1531767000,175267224,28.14
07/08/2023,-16700,-159343000,9.56(0.10 %),0,0,16700,159343000,175283924,28.13
08/08/2023,-6900,-67524000,9.65(0.94 %),5000,48000000,11900,115524000,175290824,28.13
09/08/2023,-4500,-46050000,10.3(6.74 %),0,0,4500,46050000,175295324,28.12
10/08/2023,-60300,-622955000,10.3(0.00 %),13700,144550000,74000,767505000,175355624,28.1
11/08/2023,-29800,-299627000,10.2(-0.97 %),10900,108273000,40700,407900000,175385424,28.09
14/08/2023,-26800,-273655000,10.3(0.98 %),23200,238345000,50000,512000000,175514184,28.03
15/08/2023,-400,-4160000,10.3(0.00 %),0,0,400,4160000,175554884,28.02
16/08/2023,7000,70800000,10.15(-1.46 %),7000,70800000,0,0,175597884,28.0
17/08/2023,-20800,-208080000,9.81(-3.82 %),1000,9930000,21800,218010000,175618684,27.99
18/08/2023,5500,53398000,9.13(-6.84 %),8100,78176000,2600,24778000,175589184,28.0
21/08/2023,14100,122964000,8.81(-3.19 %),14100,122964000,0,0,175596826,28.0
22/08/2023,100,2390000,9(2.27 %),12500,109990000,12400,107600000,175586926,28.0
23/08/2023,3800,34124000,8.85(-1.67 %),3800,34124000,0,0,175583126,28.01
24/08/2023,1000,8954000,8.98(1.47 %),3200,28608000,2200,19654000,175582126,28.01
25/08/2023,-3500,-32728000,8.95(-0.33 %),12200,110166000,15700,142894000,175580126,28.01
28/08/2023,1000,8999000,9.05(1.12 %),1000,8999000,0,0,175579126,28.01
29/08/2023,-5200,-47456000,9.09(0.44 %),1000,9150000,6200,56606000,175595986,28.0
30/08/2023,1800,16254000,9.1(0.11 %),1800,16254000,0,0,175594186,28.0
31/08/2023,2900,26529000,9.14(0.44 %),2900,26529000,0,0,175597486,28.0
05/09/2023,-14500,-134500000,9.26(1.31 %),0,0,14500,134500000,175597486,28.0
06/09/2023,-900,-8334000,9.34(0.86 %),0,0,900,8334000,175598386,28.0
07/09/2023,-50100,-469428000,9.39(0.54 %),0,0,50100,469428000,175611986,27.99
08/09/2023,3600,33752000,9.32(-0.75 %),5000,46850000,1400,13098000,175607886,28.0
11/09/2023,-1100,-10069000,9(-3.43 %),0,0,1100,10069000,175657961,27.97
12/09/2023,0,0,9.05(0.56 %),0,0,0,0,175659411,27.97
13/09/2023,5000,45108000,8.9(-1.66 %),5000,45108000,0,0,175655456,27.98
14/09/2023,0,0,8.73(-1.91 %),0,0,0,0,175655396,27.98
15/09/2023,500,4397000,8.8(0.80 %),1100,9677000,600,5280000,175654246,27.98
18/09/2023,0,0,8.98(2.05 %),0,0,0,0,175654246,28.84
19/09/2023,0,0,9(0.22 %),0,0,0,0,175654226,27.98
20/09/2023,5500,49735000,9.1(1.11 %),5700,51546000,200,1811000,175648726,27.98
21/09/2023,24100,222834000,9.25(1.65 %),25100,232134000,1000,9300000,175624626,27.99
22/09/2023,-19700,-175419000,8.95(-3.24 %),500,4481000,20200,179900000,175623626,27.99
25/09/2023,-500,-4515000,8.33(-6.93 %),1000,9000000,1500,13515000,175623701,27.99
26/09/2023,-34100,-278588000,8(-3.96 %),1800,14476000,35900,293064000,175642101,27.98
27/09/2023,-1800,-14580000,8.1(1.25 %),0,0,1800,14580000,175643901,27.98
28/09/2023,1000,7900000,7.91(-2.35 %),1000,7900000,0,0,175642901,27.98
29/09/2023,0,0,8(1.14 %),0,0,0,0,175680182,27.97
02/10/2023,0,0,8.02(0.25 %),0,0,0,0,175680166,27.97
03/10/2023,1900,14826000,7.68(-4.24 %),1900,14826000,0,0,175678266,27.97
04/10/2023,-100,-770000,7.75(0.91 %),0,0,100,770000,175678366,27.97
05/10/2023,-24400,-187993000,7.79(0.52 %),1800,13858000,26200,201851000,175676466,27.97
06/10/2023,-13300,-101780000,7.76(-0.39 %),6700,51866000,20000,153646000,175689766,28.83
09/10/2023,0,0,7.78(0.26 %),0,0,0,0,175689766,28.83
10/10/2023,0,0,7.88(1.29 %),0,0,0,0,175716066,27.95
11/10/2023,15300,120536000,7.95(0.89 %),15300,120536000,0,0,175700766,27.96
12/10/2023,6000,48206000,8(0.63 %),9500,76305000,3500,28099000,175691266,27.96
13/10/2023,300,2361000,7.89(-1.38 %),600,4746000,300,2385000,175690666,27.96
16/10/2023,-18200,-142533000,7.78(-1.39 %),0,0,18200,142533000,175694166,27.96
17/10/2023,-5600,-43925000,7.77(-0.13 %),0,0,5600,43925000,175694466,27.96
18/10/2023,-1700,-14423000,7.35(-5.41 %),2800,20581000,4500,35004000,175709866,27.95
19/10/2023,100,750000,7.35(0.00 %),100,750000,0,0,175715366,27.95
20/10/2023,4000,29676000,7.55(2.72 %),4000,29676000,0,0,175715866,27.95
23/10/2023,300,2277000,7.5(-0.66 %),300,2277000,0,0,175715566,27.95
24/10/2023,0,0,7.51(0.13 %),0,0,0,0,175715566,28.82
25/10/2023,-3100,-23449000,7.51(0.00 %),0,0,3100,23449000,175715566,27.95
26/10/2023,-3300,-23337000,7(-6.79 %),0,0,3300,23337000,175715566,27.95
27/10/2023,-2000,-14039000,7.11(1.57 %),200,1405000,2200,15444000,175718466,27.95
30/10/2023,1000,6976000,6.98(-1.83 %),1600,11212000,600,4236000,175720166,27.95
31/10/2023,1900,13330000,6.9(-1.15 %),1900,13330000,0,0,175720466,27.95
01/11/2023,103900,710891000,6.94(0.58 %),104300,713631000,400,2740000,175616766,27.99
02/11/2023,97600,692915000,7.27(4.76 %),98000,695799000,400,2884000,175519166,28.9
03/11/2023,-8100,-58847000,7.24(-0.41 %),300,2184000,8400,61031000,175527266,28.9
06/11/2023,-172600,-1247504000,7.25(0.14 %),100,729000,172700,1248233000,175699866,28.82
07/11/2023,18900,136702000,7.19(-0.83 %),19200,138859000,300,2157000,175680966,28.83
08/11/2023,43200,314974000,7.52(4.59 %),44400,323914000,1200,8940000,175636741,27.98
09/11/2023,16300,123514000,7.57(0.66 %),18000,136610000,1700,13096000,175619041,27.99
10/11/2023,10200,76253000,7.42(-1.98 %),10200,76253000,0,0,175610041,27.99
13/11/2023,10400,78190000,7.51(1.21 %),10400,78190000,0,0,175601341,28.0
14/11/2023,18650,142613500,7.6(1.20 %),18650,142613500,0,0,175580991,28.87
15/11/2023,39900,309353000,7.73(1.71 %),39900,309353000,0,0,175541091,28.89
16/11/2023,0,0,7.66(-0.91 %),0,0,0,0,175541091,28.89
17/11/2023,13400,102448000,7.56(-1.31 %),13400,102448000,0,0,175527891,28.03
20/11/2023,20900,156449000,7.56(0.00 %),23500,176012000,2600,19563000,175504491,28.04
21/11/2023,12000,90917000,7.61(0.66 %),13700,103973000,1700,13056000,175490791,28.04
22/11/2023,4000,30517000,7.6(-0.13 %),4200,32041000,200,1524000,175489191,28.04
23/11/2023,32900,251850000,7.57(-0.39 %),32900,251850000,0,0,175456291,28.93
24/11/2023,-27200,-202658000,7.45(-1.59 %),100,743000,27300,203401000,175483491,28.91
27/11/2023,-7500,-56525000,7.42(-0.40 %),0,0,7500,56525000,175490991,28.91
28/11/2023,-12200,-89733000,7.36(-0.81 %),6200,45573000,18400,135306000,175503191,28.91
29/11/2023,5900,44264000,7.4(0.54 %),6700,50248000,800,5984000,175497291,28.91
30/11/2023,12400,92848000,7.48(1.08 %),12600,94346000,200,1498000,175484891,28.91
01/12/2023,-4100,-30616000,7.46(-0.27 %),700,5243000,4800,35859000,175485791,28.91
04/12/2023,35400,269691000,7.61(2.01 %),35600,271191000,200,1500000,175450391,28.93
05/12/2023,-200,-1531000,7.63(0.26 %),600,4572000,800,6103000,175450591,28.93
06/12/2023,22000,172997000,7.9(3.54 %),23300,183267000,1300,10270000,175428591,28.94
07/12/2023,-14200,-110368000,7.83(-0.89 %),600,4638000,14800,115006000,175442791,28.93
08/12/2023,2300,17868000,7.79(-0.51 %),2500,19450000,200,1582000,175440491,28.93
11/12/2023,-10900,-84518000,7.7(-1.16 %),1300,10028000,12200,94546000,175451391,28.93
12/12/2023,0,0,7.72(0.26 %),0,0,0,0,175451391,28.93
13/12/2023,-29800,-229261000,7.6(-1.55 %),0,0,29800,229261000,175481191,28.91
14/12/2023,-19700,-150226000,7.56(-0.53 %),0,0,19700,150226000,175500891,28.91
15/12/2023,-11900,-89388000,7.48(-1.06 %),100,751000,12000,90139000,175512791,28.9
18/12/2023,-4100,-30886000,7.4(-1.07 %),100,744000,4200,31630000,175516891,28.9
19/12/2023,-25700,-189834000,7.4(0.00 %),0,0,25700,189834000,175542591,28.89
20/12/2023,-14300,-106159000,7.48(1.08 %),0,0,14300,106159000,175556891,28.88
21/12/2023,-16200,-119941000,7.48(0.00 %),300,2220000,16500,122161000,175573091,28.88
22/12/2023,-900,-6754000,7.5(0.27 %),100,746000,1000,7500000,175573991,28.88
25/12/2023,15000,113222000,7.55(0.67 %),16100,121472000,1100,8250000,175558991,28.88
26/12/2023,6700,50529000,7.51(-0.53 %),6700,50529000,0,0,175552291,28.88
27/12/2023,17400,133264000,7.66(2.00 %),17400,133264000,0,0,175534891,28.89
28/12/2023,17000,130600000,7.67(0.13 %),17000,130600000,0,0,175517891,28.9
29/12/2023,300,2310000,7.68(0.13 %),500,3850000,200,1540000,175517591,28.9
02/01/2024,2900,22475000,7.7(0.26 %),2900,22475000,0,0,175519632,28.03
03/01/2024,2800,22779000,7.83(1.69 %),22400,175302000,19600,152523000,175519735,28.9
04/01/2024,500,3891000,7.78(-0.64 %),4000,31261000,3500,27370000,175519235,28.9
05/01/2024,-100,-777000,7.7(-1.03 %),1600,12430000,1700,13207000,175519335,28.9
08/01/2024,22900,176877000,7.74(0.52 %),22900,176877000,0,0,175496435,28.91
09/01/2024,800,6221000,7.68(-0.78 %),4800,37061000,4000,30840000,175489008,28.04
10/01/2024,24500,189078000,7.67(-0.13 %),24500,189078000,0,0,175464512,28.05
11/01/2024,1200,9037000,7.7(0.39 %),8700,66902000,7500,57865000,175459800,28.06
12/01/2024,8000,61113000,7.6(-1.30 %),8000,61113000,0,0,175459035,28.92
15/01/2024,0,0,7.61(0.13 %),0,0,0,0,175459312,28.06
16/01/2024,-5500,-41551000,7.56(-0.66 %),0,0,5500,41551000,175459312,28.06
17/01/2024,24500,183736000,7.53(-0.40 %),27000,202616000,2500,18880000,175432300,28.07
18/01/2024,6500,49067000,7.55(0.27 %),6500,49067000,0,0,175433535,28.93
19/01/2024,7000,53011000,7.58(0.40 %),7000,53011000,0,0,175426535,28.94
22/01/2024,30600,236497000,7.8(2.90 %),33800,261009000,3200,24512000,175395935,28.95
23/01/2024,1400,10849000,7.74(-0.77 %),2500,19375000,1100,8526000,175394535,28.95
24/01/2024,-4400,-33985000,7.74(0.00 %),0,0,4400,33985000,175398935,28.95
25/01/2024,3700,28647000,8.06(4.13 %),22300,178974000,18600,150327000,175395235,28.95
26/01/2024,-8800,-70756000,8(-0.74 %),200,1604000,9000,72360000,175404035,28.95
29/01/2024,-5200,-43421000,8.11(1.38 %),5600,45429000,10800,88850000,175389712,28.08
30/01/2024,10600,85789000,8.11(0.00 %),18600,150909000,8000,65120000,175380160,28.09
31/01/2024,43900,351940000,8(-1.36 %),44100,353544000,200,1604000,175346864,28.1
01/02/2024,24100,198920000,8.4(5.00 %),31400,259030000,7300,60110000,175346858,28.97
02/02/2024,-36200,-301586000,8.25(-1.79 %),100,832000,36300,302418000,175323456,28.11
05/02/2024,-24000,-199439000,8.21(-0.48 %),0,0,24000,199439000,175375658,28.96
06/02/2024,4600,37935000,8.21(0.00 %),6900,56910000,2300,18975000,175360288,28.1
07/02/2024,8800,72737000,8.4(2.31 %),9700,80117000,900,7380000,175374576,28.09
15/02/2024,19900,168199000,8.48(0.95 %),19900,168199000,0,0,175356976,28.1
16/02/2024,38600,326733000,8.53(0.59 %),38600,326733000,0,0,175319280,28.11
19/02/2024,0,36000,8.5(-0.35 %),1400,11902000,1400,11866000,175317888,28.11
20/02/2024,52900,453610000,8.63(1.53 %),52900,453610000,0,0,175264976,28.14
21/02/2024,-2200,-20440000,8.8(1.97 %),18600,162590000,20800,183030000,175247776,28.14
22/02/2024,5146,44770640,8.65(-1.70 %),5800,50588000,654,5817360,175247776,28.14
23/02/2024,-7262,-58214790,8.4(-2.89 %),27800,239525000,35062,297739790,175255174,29.01
26/02/2024,90300,761475000,8.42(0.24 %),94300,795371000,4000,33896000,175141344,28.19
27/02/2024,29900,253512000,8.5(0.95 %),30200,256050000,300,2538000,175134974,29.06
28/02/2024,97700,837155000,8.63(1.53 %),97700,837155000,0,0,175037274,29.1
29/02/2024,2500,21047000,8.53(-1.16 %),16000,136196000,13500,115149000,175036800,28.23
01/03/2024,6700,57444000,8.57(0.47 %),24600,210035000,17900,152591000,175012199,29.11
04/03/2024,7600,65365000,8.65(0.93 %),8100,69710000,500,4345000,175004599,29.12
05/03/2024,-23500,-202074000,8.6(-0.58 %),3900,33492000,27400,235566000,175031600,28.23
06/03/2024,-20000,-172000000,8.49(-1.28 %),0,0,20000,172000000,175048099,29.1
07/03/2024,-600,-6392000,8.55(0.00 %),15300,128536000,15900,134928000,175048699,29.1
08/03/2024,-41500,-347581000,8.28(-3.16 %),6900,57963000,48400,405544000,175090199,29.08
11/03/2024,-49300,-404445000,8.02(-3.14 %),1500,12341000,50800,416786000,175139499,29.06
12/03/2024,40800,324451000,8.06(0.50 %),83100,666235000,42300,341784000,175039900,28.23
13/03/2024,72900,585794000,8.09(0.37 %),72900,585794000,0,0,175017799,28.24
14/03/2024,3200,26511000,8.09(0.00 %),11000,89320000,7800,62809000,175014599,29.11
15/03/2024,18400,147727000,8.07(-0.25 %),21300,171072000,2900,23345000,174996199,29.12
18/03/2024,-61300,-488614000,7.94(-1.61 %),36300,292961000,97600,781575000,174999344,28.24
19/03/2024,-24600,-194951000,7.91(-0.38 %),5600,44383000,30200,239334000,174996656,28.25
20/03/2024,44500,355036000,8.01(1.26 %),46400,370227000,1900,15191000,175037599,29.1
21/03/2024,23600,191656000,8.13(1.50 %),24200,196483000,600,4827000,175013999,29.11
22/03/2024,5200,42279000,8.06(-0.86 %),6100,49656000,900,7377000,175008799,29.11
25/03/2024,-5600,-43809000,7.98(-0.99 %),23600,189642000,29200,233451000,175026656,28.23
26/03/2024,-7200,-57165000,8(0.25 %),0,0,7200,57165000,175071299,29.09
27/03/2024,-100,-798000,7.99(-0.12 %),0,0,100,798000,175056752,28.22
28/03/2024,-18400,-147288000,7.98(-0.13 %),2200,17609000,20600,164897000,175061744,28.22
29/03/2024,-62200,-509358000,8.19(2.63 %),10000,81800000,72200,591158000,175051856,28.22
01/04/2024,-37200,-302941000,8.31(1.47 %),8300,68680000,45500,371621000,175064144,28.22
02/04/2024,-6300,-51204000,8.4(1.08 %),10700,88971000,17000,140175000,175058149,29.09
03/04/2024,611000,5321589000,8.8(4.76 %),656000,5717793000,45000,396204000,174515152,28.44
04/04/2024,57600,499459000,8.62(-2.05 %),76900,666673000,19300,167214000,174389549,29.38
05/04/2024,101300,856200000,8.45(-1.97 %),105800,894380000,4500,38180000,174394448,28.49
08/04/2024,-346000,-2845390000,8.05(-4.73 %),22800,187479000,368800,3032869000,174634249,29.27
09/04/2024,-130200,-1046882000,8.1(0.62 %),33800,272004000,164000,1318886000,174764449,29.22
10/04/2024,-135300,-1089792000,8.02(-0.99 %),20000,161338000,155300,1251130000,174899749,29.16
11/04/2024,-84400,-672319000,8.01(-0.12 %),0,0,84400,672319000,174874448,28.3
12/04/2024,-135300,-1081983000,7.99(-0.25 %),0,0,135300,1081983000,175029744,28.23
15/04/2024,-99800,-748593000,7.44(-6.88 %),38100,289782000,137900,1038375000,175219249,29.03
16/04/2024,-71400,-511365000,7.2(-3.23 %),1000,7120000,72400,518485000,175290649,29.0
17/04/2024,-6000,-43570000,7.54(4.72 %),0,0,6000,43570000,175225249,29.02
19/04/2024,-21100,-157064000,7.54(0.00 %),0,0,21100,157064000,175246349,29.01
22/04/2024,42700,324333000,7.73(2.52 %),65100,496519000,22400,172186000,175361632,28.1
23/04/2024,0,0,7.54(-2.46 %),0,0,0,0,175382720,28.09
24/04/2024,0,0,7.65(1.46 %),0,0,0,0,175203649,29.03
25/04/2024,-21700,-166254000,7.65(0.00 %),0,0,21700,166254000,175225349,29.02
26/04/2024,-30800,-238474000,8.1(5.88 %),1000,7670000,31800,246144000,175404128,28.08
02/05/2024,-7800,-64363000,8.2(1.23 %),8100,66204000,15900,130567000,175417728,28.07
03/05/2024,200,1626000,8.1(-1.22 %),200,1626000,0,0,175449328,28.06
06/05/2024,43500,357065000,8.29(2.35 %),43500,357065000,0,0,175421728,28.07
07/05/2024,61200,514457000,8.48(2.29 %),62900,529043000,1700,14586000,175358816,28.1
08/05/2024,48000,402870000,8.5(0.24 %),48000,402870000,0,0,175310816,28.12
09/05/2024,56600,477640000,8.48(-0.24 %),73900,624451000,17300,146811000,175238624,28.15
10/05/2024,983500,8877749000,9.07(6.96 %),1072900,9680097000,89400,802348000,174165728,28.59
13/05/2024,344100,3334777000,9.7(6.95 %),380100,3683191000,36000,348414000,173802928,28.74
14/05/2024,475500,4603945000,9.72(0.21 %),524800,5078733000,49300,474788000,173391524,29.8
15/05/2024,8500,78070000,9.85(1.34 %),319000,3155418000,310500,3077348000,173383024,29.8
16/05/2024,53200,492944000,9.61(-2.44 %),149000,1437587000,95800,944643000,173329824,29.82
17/05/2024,213200,2073299000,9.9(3.02 %),378100,3673067000,164900,1599768000,172917216,29.1
20/05/2024,-419200,-4182369000,9.88(-0.20 %),140000,1400972000,559200,5583341000,172873024,29.12
21/05/2024,208900,2061523000,10(1.21 %),280900,2775859000,72000,714336000,172757024,29.16
22/05/2024,-440800,-4434757000,9.88(-1.20 %),75000,765655000,515800,5200412000,173241216,28.97
23/05/2024,-311800,-3088506000,10(1.21 %),110500,1080472000,422300,4168978000,173202720,28.98
24/05/2024,-21900,-215749000,9.65(-3.50 %),249600,2480714000,271500,2696463000,174154624,29.48
27/05/2024,184500,1790765000,9.85(2.07 %),219100,2127198000,34600,336433000,173672128,28.79
28/05/2024,712100,7401087000,10.5(6.60 %),844700,8751256000,132600,1350169000,173098928,29.02
29/05/2024,198800,2174870000,10.8(2.86 %),475000,5182095000,276200,3007225000,172658528,29.2
30/05/2024,26000,184170000,10.65(-1.39 %),420000,4432155000,394000,4247985000,172371168,29.32
31/05/2024,-511800,-5540265000,10.75(0.94 %),43500,466910000,555300,6007175000,172603872,29.23
03/06/2024,-524500,-5605515000,10.5(-2.33 %),33200,353630000,557700,5959145000,172603874,30.13
04/06/2024,-63900,-668305000,10.65(1.43 %),248700,2646965000,312600,3315270000,172667774,30.1
05/06/2024,-306900,-3307985000,10.2(-4.23 %),43900,467885000,350800,3775870000,172974674,29.97
06/06/2024,1108900,12048705000,10.9(6.86 %),1111800,12078955000,2900,30250000,172985874,29.07
07/06/2024,91250,965112500,10.55(-3.21 %),109950,1165632500,18700,200520000,173226724,28.97
10/06/2024,-506500,-5266915000,10.3(-2.37 %),500,5325000,507000,5272240000,173733224,29.65
11/06/2024,-287100,-2921211000,9.92(-3.69 %),166400,1652952000,453500,4574163000,172985874,29.07
12/06/2024,-319000,-3189665000,10.25(3.33 %),126100,1259991000,445100,4449656000,173462324,28.88
13/06/2024,0,0,9.9(-3.41 %),0,0,0,0,173915624,28.69
14/06/2024,-276500,-2680573000,9.21(-6.97 %),9800,91317000,286300,2771890000,174350924,28.51
17/06/2024,17000,162601000,9.1(-1.19 %),189300,1747065000,172300,1584464000,174433524,28.48
18/06/2024,55500,520134000,9.3(2.20 %),59800,560898000,4300,40764000,174660024,28.38
19/06/2024,0,-4000,9.33(0.32 %),100,923000,100,927000,174832224,28.31
20/06/2024,-189600,-1787281000,9.4(0.75 %),0,0,189600,1787281000,174836524,28.31
21/06/2024,-29135,-275836700,9.6(2.13 %),0,0,29135,275836700,174836624,28.31
24/06/2024,-14600,-138501000,9.27(-3.44 %),200,1855000,14800,140356000,175026024,28.23
25/06/2024,-2600,-24050000,9.35(0.86 %),0,0,2600,24050000,175055159,28.22
26/06/2024,72100,688081000,9.58(2.46 %),76300,728013000,4200,39932000,174993659,28.25
27/06/2024,0,0,9.46(-1.25 %),0,0,0,0,174996259,28.25
28/06/2024,-10000,-90000000,9(-4.86 %),0,0,10000,90000000,175000459,28.24
04/07/2024,2600,25762000,9.31(1.09 %),17500,163776000,14900,138014000,174957659,0.0
05/07/2024,53000,507316000,9.61(3.22 %),82800,790235000,29800,282919000,174904659,0.0
08/07/2024,-105100,-1015133000,9.51(-1.04 %),2700,25712000,107800,1040845000,175009759,0.0
09/07/2024,12900,122255000,9.51(0.00 %),36700,349563000,23800,227308000,174996859,0.0
10/07/2024,-70900,-673070000,9.33(-1.89 %),17300,162982000,88200,836052000,175067759,0.0
11/07/2024,61600,586289000,9.5(1.82 %),64300,611885000,2700,25596000,175006159,0.0
12/07/2024,30100,285311000,9.41(-0.95 %),44900,425997000,14800,140686000,174976059,0.0
15/07/2024,975400,9497027000,9.98(6.06 %),975400,9497027000,0,0,174000659,0.0
16/07/2024,-56600,-570672000,9.94(-0.40 %),7700,76035000,64300,646707000,174057259,0.0
17/07/2024,-1900,-29912000,9.5(-4.43 %),25900,247745000,27800,277657000,174059159,0.0
18/07/2024,-391000,-3716675000,9.55(0.53 %),14100,134050000,405100,3850725000,174450159,0.0
19/07/2024,-235800,-2228255000,9.32(-2.41 %),15100,142144000,250900,2370399000,174685959,0.0
22/07/2024,-293300,-2714830000,9.19(-1.39 %),11100,100917000,304400,2815747000,174979259,0.0
23/07/2024,-14300,-141393000,8.71(-5.22 %),26700,236688000,41000,378081000,174993559,0.0
24/07/2024,89400,785612000,8.86(1.72 %),89400,785612000,0,0,174904159,0.0
25/07/2024,23700,206275000,8.7(-1.81 %),29500,256958000,5800,50683000,174880459,0.0
26/07/2024,19900,174515000,8.9(2.30 %),30900,271337000,11000,96822000,174860559,0.0
29/07/2024,-107200,-962568000,8.89(-0.11 %),1600,14251000,108800,976819000,174967759,0.0
30/07/2024,-107200,-962568000,9.51(6.97 %),1600,14251000,108800,976819000,175074959,0.0
31/07/2024,101400,982594000,9.37(-1.47 %),137000,1327835000,35600,345241000,174973559,0.0
01/08/2024,66100,593933000,9.07(-3.20 %),67200,604273000,1100,10340000,174573769,0.0
02/08/2024,-59800,-541432000,9.3(2.54 %),0,0,59800,541432000,174633569,0.0
05/08/2024,-190600,-1691861000,8.65(-6.99 %),900,7884000,191500,1699745000,174824169,0.0
06/08/2024,-174600,-1542944000,8.83(2.08 %),2300,20380000,176900,1563324000,174998769,0.0
07/08/2024,23400,207988000,9(1.93 %),23400,207988000,0,0,174975369,0.0
08/08/2024,-900,-8082000,8.85(-1.67 %),0,0,900,8082000,174976269,0.0
09/08/2024,0,0,8.88(0.34 %),0,0,0,0,174976269,0.0
12/08/2024,-47300,-420363000,8.95(0.79 %),0,0,47300,420363000,175023569,0.0
13/08/2024,9900,88057000,8.95(0.00 %),17800,158386000,7900,70329000,175013669,0.0
14/08/2024,14300,124951000,8.8(-1.68 %),14300,124951000,0,0,174999369,0.0
15/08/2024,0,0,8.36(-5.00 %),0,0,0,0,174999369,0.0
16/08/2024,-7200,-61562000,8.59(2.75 %),11700,98889000,18900,160451000,175006569,0.0
19/08/2024,-1300,-11336000,8.59(0.00 %),0,0,1300,11336000,175007869,0.0
20/08/2024,110900,944002000,8.58(-0.12 %),110900,944002000,0,0,174896969,0.0
21/08/2024,101000,847499000,8.42(-1.86 %),102700,861855000,1700,14356000,174795969,0.0
22/08/2024,17200,141751000,8.2(-2.61 %),17200,141751000,0,0,174778769,0.0
23/08/2024,-101900,-799975000,7.63(-6.95 %),9500,72565000,111400,872540000,174880669,0.0
26/08/2024,-63300,-474966000,7.48(-1.97 %),6200,46637000,69500,521603000,174943969,0.0
27/08/2024,16100,120991000,7.55(0.94 %),28900,217430000,12800,96439000,174927869,0.0
28/08/2024,0,0,7.54(-0.13 %),0,0,0,0,174927869,0.0
29/08/2024,3600,26768000,7.46(-1.06 %),3800,28258000,200,1490000,174924269,0.0
30/08/2024,-100,-749000,7.35(-1.47 %),0,0,100,749000,174924369,0.0
04/09/2024,2800,17782000,7.15(-2.72 %),30400,215300000,27600,197518000,174921393,0.0
05/09/2024,-1200,-9157000,7.19(0.56 %),6500,47039000,7700,56196000,174922593,0.0
06/09/2024,600,4278000,6.69(-6.95 %),600,4278000,0,0,174921993,0.0
09/09/2024,92300,606284000,6.73(0.60 %),117700,775511000,25400,169227000,174829693,0.0
10/09/2024,4500,29784000,6.53(-2.97 %),9200,61096000,4700,31312000,174825193,0.0
11/09/2024,91500,573255000,6.21(-4.90 %),107100,672352000,15600,99097000,174733693,0.0
12/09/2024,102200,623524000,6.05(-2.58 %),188800,1170720000,86600,547196000,174631493,0.0
13/09/2024,545100,3377000000,6.24(3.14 %),545100,3377000000,0,0,174086393,0.0
16/09/2024,52900,339208000,6.41(2.72 %),105200,677615000,52300,338407000,174033493,0.0
17/09/2024,-147100,-930086000,6.23(-2.81 %),20800,130237000,167900,1060323000,174180593,0.0
18/09/2024,-173800,-1085166000,6.28(0.80 %),1100,6930000,174900,1092096000,174354393,0.0
19/09/2024,-14000,-88783000,6.27(-0.16 %),37100,234458000,51100,323241000,174368393,0.0
20/09/2024,-97900,-617303000,6.27(0.00 %),2200,13860000,100100,631163000,174466293,0.0
23/09/2024,-23200,-146501000,6.33(0.96 %),9800,61609000,33000,208110000,174489493,0.0
24/09/2024,204900,1304179000,6.52(3.00 %),231700,1479540000,26800,175361000,174284593,0.0
25/09/2024,-50400,-327806000,6.47(-0.77 %),300,1941000,50700,329747000,174334993,0.0
26/09/2024,8700,55192000,6.44(-0.46 %),19800,126850000,11100,71658000,174326293,0.0
27/09/2024,114700,731755000,6.31(-2.02 %),239800,1527840000,125100,796085000,174211593,0.0
30/09/2024,72400,459655000,6.39(1.27 %),92400,585555000,20000,125900000,174139193,0.0
01/10/2024,-6600,-46507000,6.43(0.63 %),27400,176863000,34000,223370000,173991609,0.0
02/10/2024,20000,127697000,6.46(0.47 %),39400,251766000,19400,124069000,173971609,0.0
03/10/2024,-75400,-480906000,6.34(-1.86 %),100,635000,75500,481541000,174047009,0.0
04/10/2024,-22600,-143697000,6.33(-0.16 %),3500,22419000,26100,166116000,174069609,0.0
07/10/2024,-37700,-239650000,6.34(0.16 %),1900,11991000,39600,251641000,174107309,0.0
08/10/2024,16500,104349000,6.36(0.32 %),20900,132398000,4400,28049000,174090809,0.0
09/10/2024,-1200,-6447000,6.37(0.16 %),40400,257918000,41600,264365000,174092009,0.0
10/10/2024,72900,467348000,6.38(0.16 %),92800,594633000,19900,127285000,174019109,0.0
11/10/2024,134100,865162000,6.55(2.66 %),161000,1038707000,26900,173545000,173885009,0.0
14/10/2024,-72900,-475185000,6.48(-1.07 %),0,0,72900,475185000,173957909,0.0
15/10/2024,-114000,-732457000,6.38(-1.54 %),2300,14766000,116300,747223000,174071909,0.0
16/10/2024,-119600,-763798000,6.38(0.00 %),500,3195000,120100,766993000,174191509,0.0
17/10/2024,-63900,-407179000,6.36(-0.31 %),10000,63750000,73900,470929000,174255409,0.0
18/10/2024,-41700,-265390000,6.35(-0.16 %),0,0,41700,265390000,174297109,0.0
21/10/2024,-37500,-238705000,6.34(-0.16 %),0,0,37500,238705000,174334609,0.0
22/10/2024,-22300,-141416000,6.34(0.00 %),200,1266000,22500,142682000,174356909,0.0
23/10/2024,-1000,-6341000,6.34(0.00 %),19000,120268000,20000,126609000,174357909,0.0
24/10/2024,-50300,-315768000,6.34(0.00 %),500,3165000,50800,318933000,174408209,0.0
25/10/2024,-22900,-144334000,6.29(-0.79 %),0,0,22900,144334000,174431109,0.0
28/10/2024,15300,97180000,6.33(0.64 %),40600,257185000,25300,160005000,174415809,0.0
29/10/2024,-37500,-224980000,6.33(0.00 %),73300,461398000,110800,686378000,174453309,0.0
30/10/2024,12700,80644000,6.31(-0.32 %),50200,317472000,37500,236828000,174440609,0.0
31/10/2024,63400,399291000,6.3(-0.16 %),101300,638210000,37900,238919000,174377209,0.0
01/11/2024,-26000,-162664000,6.18(-1.90 %),5900,36782000,31900,199446000,174453509,0.0
04/11/2024,-167600,-1035130000,6.17(-0.16 %),5400,33318000,173000,1068448000,174621109,0.0
05/11/2024,-50800,-316665000,6.19(0.32 %),61200,378039000,112000,694704000,174671909,0.0
06/11/2024,81000,513852000,6.35(2.58 %),125200,794189000,44200,280337000,174590909,0.0
07/11/2024,-1200,-7657000,6.35(0.00 %),50500,320985000,51700,328642000,174592109,0.0
08/11/2024,-10800,-68659000,6.34(-0.16 %),72500,458643000,83300,527302000,174602909,0.0
11/11/2024,-134000,-852792000,6.53(3.00 %),7200,45439000,141200,898231000,174736909,0.0
12/11/2024,-99800,-643318000,6.4(-1.99 %),8200,53207000,108000,696525000,175268884,28.13
13/11/2024,-158100,-1007736000,6.37(-0.47 %),500,3195000,158600,1010931000,174994809,0.0
14/11/2024,-225500,-1428064000,6.28(-1.41 %),0,0,225500,1428064000,175220309,0.0
15/11/2024,-12200,-76574000,6.28(0.00 %),1000,6290000,13200,82864000,175232509,0.0
18/11/2024,-3000,-18846000,6.3(0.32 %),500,3132000,3500,21978000,175235509,0.0
19/11/2024,2500,15797000,6.25(-0.79 %),6200,39177000,3700,23380000,175233009,0.0
20/11/2024,3400,21595000,6.32(1.12 %),9300,58663000,5900,37068000,175229609,0.0
21/11/2024,-500,-3099000,6.32(0.00 %),6400,40417000,6900,43516000,175230109,0.0
22/11/2024,3900,24691000,6.34(0.32 %),7600,48121000,3700,23430000,175226209,0.0
25/11/2024,25100,160438000,6.45(1.74 %),26300,168090000,1200,7652000,175297609,28.12
26/11/2024,14900,97332000,6.5(0.78 %),14900,97332000,0,0,175286484,28.13
27/11/2024,600,3826000,6.39(-1.69 %),800,5126000,200,1300000,175286884,28.13
28/11/2024,-5700,-36856000,6.39(0.00 %),1100,7040000,6800,43896000,175285784,28.13
29/11/2024,-2300,-15236000,6.49(1.56 %),10800,70041000,13100,85277000,175275184,28.13
02/12/2024,-10900,-70668000,6.45(-0.62 %),0,0,10900,70668000,175281984,28.13
03/12/2024,27300,178176000,6.56(1.71 %),27400,178824000,100,648000,175267684,28.13
04/12/2024,-5000,-35912000,7.01(6.86 %),3800,25756000,8800,61668000,175274784,28.13
05/12/2024,-100400,-717643000,7.02(0.14 %),10000,69244000,110400,786887000,175264884,28.14
09/12/2024,82400,559487000,6.79(1.19 %),82400,559487000,0,0,175284984,28.13
10/12/2024,5200,35469000,6.93(2.06 %),14000,97773000,8800,62304000,175270984,28.13
16/12/2024,-42700,-287648000,6.71(0.60 %),0,0,42700,287648000,175434884,28.07
17/12/2024,-31700,-211831000,6.67(-0.60 %),600,4002000,32300,215833000,175532484,28.03
18/12/2024,6000,40933000,6.84(2.55 %),6000,40933000,0,0,175569184,28.01
19/12/2024,-8100,-59582000,6.85(0.15 %),23300,157231000,31400,216813000,175578184,28.01
20/12/2024,10900,75630000,6.82(-0.44 %),16900,116810000,6000,41180000,175561284,28.01
24/12/2024,0,0,6.74(-2.18 %),0,0,0,0,175546484,28.02
25/12/2024,24200,164432000,6.77(0.45 %),24200,164432000,0,0,175522284,28.03
26/12/2024,-31100,-222153000,6.96(2.81 %),24300,170545000,55400,392698000,175554384,28.02
27/12/2024,52200,368185000,7.07(1.58 %),59900,422347000,7700,54162000,175494484,28.04
30/12/2024,17200,121039000,6.92(-2.12 %),20900,146902000,3700,25863000,175528984,28.03
31/12/2024,7500,53039000,7(1.16 %),10100,71192000,2600,18153000,175526609,28.03
02/01/2025,16600,118320000,7.19(2.71 %),16600,118320000,0,0,175513709,28.03
03/01/2025,-55300,-402333000,7.11(-1.11 %),500,3648000,55800,405981000,175515809,28.03
06/01/2025,32800,233535000,7.03(-1.13 %),32800,233535000,0,0,175483009,28.05
07/01/2025,6200,44066000,7.05(0.28 %),6200,44066000,0,0,175483009,28.05
08/01/2025,14800,104050000,7.15(1.42 %),16800,118127000,2000,14077000,175515809,28.03
09/01/2025,-18000,-128063000,7.05(-1.40 %),7200,51724000,25200,179787000,175508609,28.04
10/01/2025,-68500,-481003000,6.75(-4.26 %),0,0,68500,481003000,175510609,28.04
13/01/2025,34000,232977000,6.9(2.22 %),38000,260024000,4000,27047000,175497809,28.04
14/01/2025,-22400,-155124000,6.93(0.43 %),1100,7601000,23500,162725000,175565209,28.01
15/01/2025,89900,635970000,7.05(1.73 %),89900,635970000,0,0,175479309,28.05
16/01/2025,9200,65427000,7.05(0.00 %),9400,66845000,200,1418000,175470109,0.0
17/01/2025,48800,350101000,7.24(2.70 %),48800,350101000,0,0,175444609,28.06
20/01/2025,119900,893403000,7.5(3.59 %),126400,942063000,6500,48660000,175318409,28.11
21/01/2025,30200,223479000,7.41(-1.20 %),34600,256156000,4400,32677000,175283809,28.13
22/01/2025,-90000,-663805000,7.41(0.00 %),16600,123722000,106600,787527000,175273709,28.13
23/01/2025,-33200,-245428000,7.4(-0.13 %),27500,202552000,60700,447980000,175250609,28.14
24/01/2025,-46700,-338509000,7.19(-2.84 %),8200,60213000,54900,398722000,175349009,28.1
03/02/2025,-40300,-288423000,0(0.00 %),3700,26221000,44000,314644000,175406009,28.08
04/02/2025,85400,619259000,7.34(3.38 %),85600,620697000,200,1438000,175375309,28.09
05/02/2025,8000,58007000,7.31(-0.41 %),19600,142770000,11600,84763000,175399709,28.08
06/02/2025,39400,283950000,7.25(-0.82 %),46200,333639000,6800,49689000,175353709,28.1
07/02/2025,16100,115526000,7.24(-0.14 %),26100,188099000,10000,72573000,175339209,28.11
10/02/2025,123300,894088000,7.24(0.00 %),137200,994394000,13900,100306000,175208809,28.16
11/02/2025,281800,2030636000,7.3(0.83 %),282600,2036434000,800,5798000,174936209,28.27
12/02/2025,-20400,-147836000,7.3(0.00 %),22200,164838000,42600,312674000,174927909,28.27
13/02/2025,-52500,-380946000,7.25(-0.68 %),0,0,52500,380946000,174928709,28.27
14/02/2025,-54900,-398008000,7.24(-0.14 %),200,1452000,55100,399460000,174971109,28.26
17/02/2025,-8200,-58994000,7.3(0.83 %),33100,240538000,41300,299532000,174990509,28.25
18/02/2025,-37200,-270761000,7.31(0.14 %),14900,109333000,52100,380094000,175030709,28.23
19/02/2025,107800,795295000,7.48(2.33 %),109000,804271000,1200,8976000,174963009,28.26
20/02/2025,-52000,-384986000,7.36(-1.60 %),6800,49712000,58800,434698000,175008309,28.24
21/02/2025,-142700,-1042571000,7.26(-1.36 %),500,3645000,143200,1046216000,175009009,28.24
24/02/2025,-40000,-290413000,7.22(-0.55 %),0,0,40000,290413000,175067809,28.22
25/02/2025,-36400,-264110000,7.2(-0.28 %),0,0,36400,264110000,175211025,28.16
26/02/2025,-51500,-374521000,7.2(0.00 %),400,2888000,51900,377409000,175250625,28.14
27/02/2025,-28000,-202317000,7.16(-0.56 %),4400,31504000,32400,233821000,175282625,28.13
28/02/2025,-17500,-126257000,7.2(0.56 %),0,0,17500,126257000,175334525,28.11
03/03/2025,39900,288325000,7.27(0.97 %),39900,288325000,0,0,175327025,28.11
04/03/2025,-50000,-359625000,7.16(-1.51 %),0,0,50000,359625000,175344525,28.1
05/03/2025,-5900,-42518000,7.14(-0.28 %),9700,69452000,15600,111970000,175334825,28.11
06/03/2025,-9100,-64094000,7.18(0.56 %),28000,202833000,37100,266927000,175356825,28.1
07/03/2025,30200,216765000,7.18(0.00 %),30200,216765000,0,0,175342225,28.1
10/03/2025,39800,287574000,7.14(-0.56 %),49200,355204000,9400,67630000,175330125,28.11
11/03/2025,23500,173023000,7.25(1.54 %),47200,341690000,23700,168667000,175330125,28.11
12/03/2025,-45200,-325689000,7.18(-0.97 %),800,5776000,46000,331465000,175291525,28.13
13/03/2025,-72100,-516894000,7.1(-1.11 %),0,0,72100,516894000,175315225,28.12
14/03/2025,-59800,-423880000,7.09(-0.14 %),0,0,59800,423880000,175361225,28.1
17/03/2025,-8400,-59897000,7.08(-0.14 %),0,0,8400,59897000,175433325,28.07
18/03/2025,12500,88441000,7.05(-0.42 %),12500,88441000,0,0,175480625,28.05
19/03/2025,5000,35266000,7.01(-0.57 %),5200,36688000,200,1422000,175483825,28.05
20/03/2025,-115100,-805657000,6.96(-0.71 %),800,5632000,115900,811289000,175483084,28.05
21/03/2025,-33500,-232577000,6.96(0.00 %),0,0,33500,232577000,175483284,28.05
24/03/2025,-16800,-117430000,6.96(0.00 %),0,0,16800,117430000,175599184,28.0
25/03/2025,19200,134584000,6.96(0.00 %),24900,174484000,5700,39900000,175607784,28.0
26/03/2025,4900,34108000,6.92(-0.57 %),4900,34108000,0,0,175619684,27.99
27/03/2025,100,693000,6.93(0.14 %),100,693000,0,0,175625284,27.99
28/03/2025,-31400,-217111000,6.9(-0.43 %),0,0,31400,217111000,175625284,27.99
31/03/2025,-11600,-80133000,6.89(-0.14 %),0,0,11600,80133000,175625284,27.99
01/04/2025,96200,660847000,6.95(0.87 %),96800,665047000,600,4200000,175559884,28.02
02/04/2025,11200,77840000,6.97(0.29 %),11200,77840000,0,0,175560284,28.01
03/04/2025,-45000,-303257000,6.49(-6.89 %),0,0,45000,303257000,175560884,28.01
04/04/2025,-82800,-511617000,6.3(-2.93 %),15000,91836000,97800,603453000,175545884,28.02
08/04/2025,-62200,-374961000,5.91(-6.19 %),24000,144519000,86200,519480000,175566884,28.01
09/04/2025,147900,863597000,5.91(0.00 %),154500,901960000,6600,38363000,175510184,28.04
10/04/2025,0,0,6.32(6.94 %),0,0,0,0,175596471,28.0
11/04/2025,-19400,-125196000,6.59(4.27 %),14700,94909000,34100,220105000,175588371,28.0
14/04/2025,-50800,-340827000,6.7(1.67 %),20400,136234000,71200,477061000,175567971,28.01
15/04/2025,72600,489310000,6.76(0.90 %),90500,609554000,17900,120244000,175511571,28.03
16/04/2025,44300,299229000,6.75(-0.15 %),47800,322854000,3500,23625000,175534971,28.03
17/04/2025,66700,445108000,6.74(-0.15 %),70900,473416000,4200,28308000,175481971,28.05
18/04/2025,52200,350965000,6.79(0.74 %),52200,350965000,0,0,175433314,28.07
21/04/2025,-18500,-131163000,6.8(0.15 %),40500,274452000,59000,405615000,175397014,28.08
22/04/2025,-121400,-806530000,6.68(-1.76 %),16700,110672000,138100,917202000,175380314,28.09
23/04/2025,-1400,-11230000,6.72(0.60 %),18700,125440000,20100,136670000,175420614,28.07
24/04/2025,6500,43666000,6.75(0.45 %),26800,180002000,20300,136336000,175531914,28.03
25/04/2025,13700,92205000,6.73(-0.30 %),42200,284157000,28500,191952000,175509814,28.04
28/04/2025,5300,35732000,6.7(-0.45 %),10300,69332000,5000,33600000,175519814,28.03
29/04/2025,9700,64510000,6.62(-1.19 %),10200,67835000,500,3325000,175538114,28.02
05/05/2025,0,-63628000,6.5(-1.81 %),0,0,0,63628000,175543114,28.02
06/05/2025,-10500,-68751000,6.5(0.00 %),2000,12932000,12500,81683000,175543614,28.02
07/05/2025,-24400,-157869000,6.41(-1.38 %),0,0,24400,157869000,175553314,28.02
08/05/2025,-4200,-27152000,6.46(0.78 %),0,0,4200,27152000,175563814,28.01
09/05/2025,-29100,-186206000,6.36(-1.55 %),0,0,29100,186206000,175588214,28.0
12/05/2025,-6900,-44145000,6.4(0.63 %),0,0,6900,44145000,175592414,28.0
13/05/2025,-8400,-53839000,6.4(0.00 %),0,0,8400,53839000,175621514,27.99
14/05/2025,27300,176516000,6.52(1.88 %),33900,219680000,6600,43164000,175601114,28.0
15/05/2025,300,-159618000,6.51(-0.15 %),300,1935000,0,161553000,175609514,27.99
16/05/2025,0,-11700000,6.44(-1.08 %),0,0,0,11700000,175609514,27.99
19/05/2025,1600,-43914000,6.4(-0.62 %),1600,10304000,0,54218000,175634114,27.98
20/05/2025,0,-145126000,6.36(-0.62 %),0,0,0,145126000,175635914,27.98
21/05/2025,0,-163549000,6.29(-1.10 %),0,0,0,163549000,175642714,27.98
22/05/2025,0,-127486000,6.22(-1.11 %),0,0,0,127486000,175665514,27.97
23/05/2025,-17500,-108791000,6.22(0.00 %),0,0,17500,108791000,175691314,27.96
26/05/2025,1700,-99215000,6.23(0.16 %),1700,10588000,0,109803000,175711714,27.95
27/05/2025,51900,331959000,6.42(3.05 %),51900,331959000,0,0,175677314,27.97
28/05/2025,1000,-39560000,6.36(-0.93 %),1000,6425000,0,45985000,175693314,27.96
29/05/2025,500,-98088000,6.38(0.31 %),500,3180000,0,101268000,175693314,27.96
30/05/2025,500,-179340000,6.29(-1.41 %),500,3180000,0,182520000,175699514,27.96
02/06/2025,0,-135461000,6.27(-0.32 %),0,0,0,135461000,175714914,27.95
03/06/2025,37000,230816000,6.31(0.64 %),37000,234626000,0,3810000,175706914,27.95
04/06/2025,20500,129759000,6.31(0.00 %),20500,129759000,0,0,175707914,27.95
05/06/2025,38300,243914000,6.4(1.43 %),38300,243914000,0,0,175669614,27.97
06/06/2025,6200,-180193000,6.49(1.41 %),6200,40610000,0,220803000,175669614,27.97
09/06/2025,3700,-125588000,6.37(-1.85 %),3700,23748000,0,149336000,175669614,27.97
10/06/2025,7300,30424000,6.31(-0.94 %),7300,46349000,0,15925000,175691814,27.96
11/06/2025,-10200,-64374000,6.31(0.00 %),0,0,10200,64374000,175711414,27.95
12/06/2025,-300,-1939000,6.32(0.16 %),500,3165000,800,5104000,175711414,27.95
13/06/2025,-24400,-152347000,6.22(-1.58 %),0,0,24400,152347000,175721614,27.95
16/06/2025,-2800,-17301000,6.25(0.48 %),1200,7464000,4000,24765000,175721914,27.95
17/06/2025,1700,10635000,6.24(-0.16 %),1900,11894000,200,1259000,175744614,27.94
18/06/2025,-5400,-33578000,6.2(-0.64 %),200,1248000,5600,34826000,175747414,27.94
19/06/2025,-22300,-138022000,6.18(-0.32 %),0,0,22300,138022000,175747414,27.94
20/06/2025,-17700,-108825000,6.14(-0.65 %),0,0,17700,108825000,175752814,27.94
23/06/2025,0,0,6.04(-1.63 %),0,0,0,0,175775114,27.93
24/06/2025,-3700,-22720000,6.13(1.49 %),0,0,3700,22720000,175792814,27.92
25/06/2025,0,0,6.13(0.00 %),0,0,0,0,175792814,27.92
26/06/2025,0,0,6.13(0.00 %),0,0,0,0,175796514,27.92
27/06/2025,0,0,6.12(-0.16 %),0,0,0,0,175796514,27.92
30/06/2025,2900,17846000,6.15(0.49 %),2900,17846000,0,0,175793614,27.92
01/07/2025,3500,21595000,6.12(-0.49 %),3500,21595000,0,0,175790114,27.92
02/07/2025,11000,67430000,6.12(0.00 %),11000,67430000,0,0,175779114,27.93
03/07/2025,57200,353118000,6.12(0.00 %),57200,353118000,0,0,175721939,27.95
04/07/2025,12000,74500000,6.19(1.14 %),12000,74500000,0,0,175709939,27.95
07/07/2025,-300,-1823000,6.21(0.32 %),2700,16837000,3000,18660000,175709939,27.95
08/07/2025,18800,117877000,6.27(0.97 %),18800,117877000,0,0,175691139,27.96
09/07/2025,4000,25002000,6.3(0.48 %),7600,47749000,3600,22747000,175687439,27.96
10/07/2025,-18400,-124144000,6.54(3.81 %),28000,182805000,46400,306949000,175687439,27.96
11/07/2025,5200,34049000,6.45(-1.38 %),5200,34049000,0,0,175682239,27.96
14/07/2025,76500,494339000,6.48(0.47 %),76600,494984000,100,645000,175624139,27.99
15/07/2025,30800,202238000,6.57(1.39 %),30800,202238000,0,0,175593339,28.0
16/07/2025,21100,138599000,6.57(0.00 %),21100,138599000,0,0,175572239,28.01
17/07/2025,-13100,-91712000,6.71(2.13 %),32100,215328000,45200,307040000,175572239,28.01
18/07/2025,71000,475378000,6.77(0.89 %),71000,475378000,0,0,175501239,28.04
21/07/2025,9700,65760000,6.7(-1.03 %),9700,65760000,0,0,175504639,28.04
22/07/2025,3400,22661000,6.66(-0.60 %),8400,55911000,5000,33250000,175501239,28.04
23/07/2025,15200,102855000,6.69(0.45 %),43200,289576000,28000,186721000,175486039,28.05
24/07/2025,-9700,-70045000,6.88(2.84 %),35500,243930000,45200,313975000,175486039,28.05
25/07/2025,-8900,-61000000,6.79(-1.31 %),700,4810000,9600,65810000,175486039,28.05
28/07/2025,198800,1368658000,6.9(1.62 %),202100,1391581000,3300,22923000,175296939,28.12
29/07/2025,6100,43596000,6.57(-4.78 %),34600,237430000,28500,193834000,175299739,28.12
30/07/2025,30800,207341000,7.02(6.85 %),35900,240988000,5100,33647000,175268939,28.13
31/07/2025,-21000,-155431000,7.32(4.27 %),9700,71748000,30700,227179000,175268939,28.13
01/08/2025,15900,112697000,7.09(-3.14 %),24000,170774000,8100,58077000,175253039,28.14
04/08/2025,14300,99170000,7.1(0.14 %),36700,259761000,22400,160591000,175259819,28.14
05/08/2025,95900,682686000,7.05(-0.70 %),114000,811119000,18100,128433000,175163919,28.18
06/08/2025,39100,278215000,7.1(0.71 %),39100,278215000,0,0,175124819,28.19
07/08/2025,32600,233619000,7.19(1.27 %),32600,233619000,0,0,175092219,28.21
08/08/2025,-28300,-210024000,7.24(0.70 %),20400,147371000,48700,357395000,175092219,28.21
11/08/2025,28700,208094000,7.25(0.14 %),39500,286195000,10800,78101000,175063519,28.22
12/08/2025,30100,216528000,7.21(-0.55 %),30100,216528000,0,0,175061719,28.22
13/08/2025,59500,426647000,7.21(0.00 %),62800,450440000,3300,23793000,175002219,28.24
14/08/2025,29700,216433000,7.39(2.50 %),38900,284545000,9200,68112000,174972519,28.26
15/08/2025,-68400,-496236000,7.23(-2.17 %),0,0,68400,496236000,174972519,28.26
18/08/2025,-19700,-141320000,7.1(-1.80 %),400,2876000,20100,144196000,174972519,28.26
19/08/2025,71500,509317000,7.17(0.99 %),97700,698709000,26200,189392000,174969419,28.26
20/08/2025,-49700,-354320000,7.06(-1.53 %),4200,30112000,53900,384432000,174989119,28.25
21/08/2025,-10500,-73900000,7.02(-0.57 %),3700,26273000,14200,100173000,174989119,28.25
22/08/2025,-99500,-685644000,6.81(-2.99 %),800,5544000,100300,691188000,174989119,28.25
25/08/2025,-28000,-191694000,6.78(-0.44 %),0,0,28000,191694000,175038819,28.23
