Ngay,KLGDRong,GTDGRong,ThayDoi,KLMua,GtMua,KLBan,GtBan,RoomConLai,DangSoHuu
14/04/2004,300,11550,0(0.00 %),300,11550,0,0,0,0.0
15/04/2004,3000,115500,0(0.00 %),3000,115500,0,0,0,0.0
27/04/2004,500,17750,0(0.00 %),500,17750,0,0,0,0.0
04/05/2004,2000,72400,0(0.00 %),2000,72400,0,0,0,0.0
07/05/2004,1000,35000,0(0.00 %),1000,35000,0,0,0,0.0
10/05/2004,20,710,0(0.00 %),20,710,0,0,0,0.0
18/05/2004,1010,35448,0(0.00 %),1010,35448,0,0,0,0.0
19/05/2004,1000,35000,0(0.00 %),1000,35000,0,0,0,0.0
20/05/2004,1000,35100,0(0.00 %),1000,35100,0,0,0,0.0
21/05/2004,1000,35200,0(0.00 %),1000,35200,0,0,0,0.0
24/05/2004,2190,76650,0(0.00 %),2190,76650,0,0,0,0.0
25/05/2004,-900,-31500,0(0.00 %),1000,35000,1900,66500,0,0.0
26/05/2004,1000,35000,0(0.00 %),1000,35000,0,0,0,0.0
31/05/2004,1000,34500,0(0.00 %),1000,34500,0,0,0,0.0
04/06/2004,-2000,-67000,0(0.00 %),0,0,2000,67000,0,0.0
07/06/2004,200,6600,0(0.00 %),200,6600,0,0,0,0.0
11/06/2004,100,3310,0(0.00 %),100,3310,0,0,0,0.0
01/07/2004,20,656,0(0.00 %),20,656,0,0,0,0.0
02/07/2004,20,654,0(0.00 %),20,654,0,0,0,0.0
08/07/2004,-2160,-68688,0(0.00 %),0,0,2160,68688,0,0.0
13/07/2004,-470,-14899,0(0.00 %),0,0,470,14899,0,0.0
15/07/2004,-2000,-62000,0(0.00 %),0,0,2000,62000,0,0.0
20/07/2004,1000,31000,0(0.00 %),1000,31000,0,0,0,0.0
21/07/2004,500,15500,0(0.00 %),500,15500,0,0,0,0.0
27/07/2004,100,3050,0(0.00 %),100,3050,0,0,0,0.0
09/08/2004,27980,733572,0(0.00 %),27980,733572,0,0,0,0.0
16/08/2004,-1020,-27132,0(0.00 %),0,0,1020,27132,0,0.0
17/08/2004,-1000,-26400,0(0.00 %),0,0,1000,26400,0,0.0
20/08/2004,3600,102600,0(0.00 %),3600,102600,0,0,0,0.0
24/08/2004,-500,-14350,0(0.00 %),1500,43050,2000,57400,0,0.0
27/08/2004,7500,217500,0(0.00 %),7500,217500,0,0,0,0.0
31/08/2004,15000,435000,0(0.00 %),15000,435000,0,0,0,0.0
06/09/2004,-1500,-42750,0(0.00 %),0,0,1500,42750,0,0.0
07/09/2004,-350,-9975,0(0.00 %),0,0,350,9975,0,0.0
09/09/2004,-200,-5680,0(0.00 %),0,0,200,5680,0,0.0
10/09/2004,-300,-8520,0(0.00 %),0,0,300,8520,0,0.0
13/09/2004,100,2860,0(0.00 %),100,2860,0,0,0,0.0
14/09/2004,24410,707890,0(0.00 %),24410,707890,0,0,0,0.0
15/09/2004,1600,46720,0(0.00 %),1600,46720,0,0,0,0.0
16/09/2004,8600,249400,0(0.00 %),8600,249400,0,0,0,0.0
23/09/2004,10000,290000,0(0.00 %),10000,290000,0,0,0,0.0
28/09/2004,4280,126260,0(0.00 %),4280,126260,0,0,0,0.0
29/09/2004,9300,274350,0(0.00 %),9300,274350,0,0,0,0.0
01/10/2004,3000,89922,0(0.00 %),3000,89922,0,0,0,0.0
06/10/2004,1000,29700,0(0.00 %),1000,29700,0,0,0,0.0
14/10/2004,1000,29600,0(0.00 %),1000,29600,0,0,0,0.0
18/10/2004,6020,180600,0(0.00 %),6020,180600,0,0,0,0.0
19/10/2004,10180,310490,0(0.00 %),10180,310490,0,0,0,0.0
20/10/2004,1700,51945,0(0.00 %),1700,51945,0,0,0,0.0
25/10/2004,1000,30600,0(0.00 %),1000,30600,0,0,0,0.0
27/10/2004,8940,276564,0(0.00 %),8940,276564,0,0,0,0.0
28/10/2004,2500,77500,0(0.00 %),2500,77500,0,0,0,0.0
29/10/2004,7610,235149,0(0.00 %),7610,235149,0,0,0,0.0
17/11/2004,500,15400,0(0.00 %),500,15400,0,0,0,0.0
19/11/2004,15000,464250,0(0.00 %),15000,464250,0,0,0,0.0
22/11/2004,80,2440,0(0.00 %),80,2440,0,0,0,0.0
23/11/2004,14000,427000,0(0.00 %),14000,427000,0,0,0,0.0
29/11/2004,6000,179400,0(0.00 %),6000,179400,0,0,0,0.0
30/11/2004,250,7750,0(0.00 %),250,7750,0,0,0,0.0
01/12/2004,1000,31000,0(0.00 %),1000,31000,0,0,0,0.0
15/12/2004,-120,-3648,0(0.00 %),0,0,120,3648,0,0.0
16/12/2004,-3000,-91500,0(0.00 %),0,0,3000,91500,0,0.0
17/12/2004,15000,462000,0(0.00 %),15000,462000,0,0,0,0.0
20/12/2004,8200,252260,0(0.00 %),10000,307700,1800,55440,0,0.0
21/12/2004,-580,-17922,0(0.00 %),1000,30900,1580,48822,0,0.0
23/12/2004,3800,117800,0(0.00 %),3800,117800,0,0,0,0.0
24/12/2004,7500,235500,0(0.00 %),7500,235500,0,0,0,0.0
28/12/2004,600,19440,0(0.00 %),600,19440,0,0,0,0.0
29/12/2004,15000,469500,0(0.00 %),15000,469500,0,0,0,0.0
31/12/2004,-730,-22922,0(0.00 %),0,0,730,22922,0,0.0
14/01/2005,3370,104470,0(0.00 %),3370,104470,0,0,0,0.0
20/01/2005,550,16885,0(0.00 %),550,16885,0,0,0,0.0
24/01/2005,10520,326120,0(0.00 %),10520,326120,0,0,0,0.0
01/02/2005,5480,172620,0(0.00 %),5480,172620,0,0,0,0.0
02/02/2005,4160,131040,0(0.00 %),4160,131040,0,0,0,0.0
03/02/2005,9000,287100,0(0.00 %),9000,287100,0,0,0,0.0
18/02/2005,1000,31900,0(0.00 %),1000,31900,0,0,0,0.0
23/02/2005,58000,1827000,0(0.00 %),58000,1827000,0,0,0,0.0
01/03/2005,2090,66462,0(0.00 %),2090,66462,0,0,0,0.0
03/03/2005,9100,289380,0(0.00 %),9100,289380,0,0,0,0.0
04/03/2005,400,12720,0(0.00 %),400,12720,0,0,0,0.0
07/03/2005,400,12720,0(0.00 %),400,12720,0,0,0,0.0
22/03/2005,2500,81250,0(0.00 %),2500,81250,0,0,0,0.0
23/03/2005,3390,111870,0(0.00 %),3390,111870,0,0,0,0.0
24/03/2005,6610,230028,0(0.00 %),6610,230028,0,0,0,0.0
25/03/2005,20000,688500,0(0.00 %),20000,688500,0,0,0,0.0
01/04/2005,480,16320,0(0.00 %),480,16320,0,0,0,0.0
15/04/2005,-3670,-128450,0(0.00 %),0,0,3670,128450,0,0.0
18/04/2005,-2330,-81616,0(0.00 %),0,0,2330,81616,0,0.0
20/04/2005,790,27413,0(0.00 %),1790,62113,1000,34700,0,0.0
21/04/2005,-2790,-96813,0(0.00 %),210,7287,3000,104100,0,0.0
22/04/2005,2200,76340,0(0.00 %),2200,76340,0,0,0,0.0
26/04/2005,-1000,-33700,0(0.00 %),0,0,1000,33700,0,0.0
04/05/2005,460,15410,0(0.00 %),460,15410,0,0,0,0.0
17/05/2005,15000,501922,0(0.00 %),15000,501922,0,0,0,0.0
20/05/2005,23810,797635,0(0.00 %),24310,814385,500,16750,0,0.0
23/05/2005,5010,168330,0(0.00 %),5010,168330,0,0,0,0.0
27/05/2005,-1200,-40110,0(0.00 %),0,0,1200,40110,0,0.0
30/05/2005,400,13360,0(0.00 %),400,13360,0,0,0,0.0
01/06/2005,3160,105860,0(0.00 %),3160,105860,0,0,0,0.0
03/06/2005,7210,241535,0(0.00 %),7210,241535,0,0,0,0.0
06/06/2005,950,31890,0(0.00 %),950,31890,0,0,0,0.0
07/06/2005,1550,52020,0(0.00 %),1550,52020,0,0,0,0.0
10/06/2005,2000,67000,0(0.00 %),2000,67000,0,0,0,0.0
15/06/2005,300,10110,0(0.00 %),300,10110,0,0,0,0.0
20/06/2005,700,23520,0(0.00 %),700,23520,0,0,0,0.0
23/06/2005,200,6760,0(0.00 %),200,6760,0,0,0,0.0
24/06/2005,300,10140,0(0.00 %),300,10140,0,0,0,0.0
05/07/2005,500,17000,0(0.00 %),500,17000,0,0,0,0.0
11/07/2005,760,26600,0(0.00 %),760,26600,0,0,0,0.0
12/07/2005,670,23497,0(0.00 %),670,23497,0,0,0,0.0
14/07/2005,-120,-4224,0(0.00 %),50,1760,170,5984,0,0.0
18/07/2005,2430,85293,0(0.00 %),2430,85293,0,0,0,0.0
19/07/2005,120,4212,0(0.00 %),300,10530,180,6318,0,0.0
20/07/2005,-240,-8400,0(0.00 %),760,26600,1000,35000,0,0.0
21/07/2005,-1640,-56800,0(0.00 %),1190,41650,2830,98450,0,0.0
22/07/2005,-2000,-72200,0(0.00 %),0,0,2000,72200,0,0.0
25/07/2005,-3130,-114245,0(0.00 %),0,0,3130,114245,0,0.0
28/07/2005,830,29714,0(0.00 %),5000,179000,4170,149286,0,0.0
29/07/2005,200,7200,0(0.00 %),200,7200,0,0,0,0.0
04/08/2005,920,36064,39.2(4.26 %),920,36064,0,0,0,0.0
05/08/2005,650,25180,38.2(-2.55 %),650,25180,0,0,0,0.0
08/08/2005,1000,38500,38.5(0.79 %),1000,38500,0,0,0,0.0
09/08/2005,11800,451000,38.2(-0.78 %),11800,451000,0,0,0,0.0
10/08/2005,6100,232950,38.1(-0.26 %),6100,232950,0,0,0,0.0
11/08/2005,2500,94750,37.9(-0.52 %),2500,94750,0,0,0,0.0
12/08/2005,4600,174800,38(0.26 %),4600,174800,0,0,0,0.0
15/08/2005,1000,37900,37.5(-1.32 %),1000,37900,0,0,0,0.0
17/08/2005,5000,189000,37.8(0.80 %),5000,189000,0,0,0,0.0
18/08/2005,2000,75800,37.9(0.26 %),2000,75800,0,0,0,0.0
24/08/2005,2600,97240,37.4(-0.27 %),2600,97240,0,0,0,0.0
30/08/2005,1000,38900,38.9(0.26 %),1000,38900,0,0,0,0.0
31/08/2005,3050,118424,38.8(-0.26 %),3050,118424,0,0,0,0.0
01/09/2005,830,32204,38.8(0.00 %),830,32204,0,0,0,0.0
08/09/2005,1100,43580,39.6(0.00 %),1100,43580,0,0,0,0.0
09/09/2005,7000,276500,39.5(-0.25 %),7000,276500,0,0,0,0.0
12/09/2005,300,11790,39.2(-0.76 %),300,11790,0,0,0,0.0
13/09/2005,300,11700,39.2(0.00 %),300,11700,0,0,0,0.0
16/09/2005,1000,40400,40.4(1.00 %),1000,40400,0,0,0,0.0
19/09/2005,9990,422577,42.3(4.70 %),9990,422577,0,0,0,0.0
21/09/2005,2550,107610,42.2(-4.95 %),2550,107610,0,0,0,0.0
22/09/2005,5000,219000,43.8(3.79 %),5000,219000,0,0,0,0.0
23/09/2005,3700,159100,43(-1.83 %),3700,159100,0,0,0,0.0
29/09/2005,1000,43900,43.9(0.92 %),1000,43900,0,0,0,0.0
03/10/2005,4600,222180,47(2.17 %),4600,222180,0,0,0,0.0
04/10/2005,430,20460,46.5(-1.06 %),930,43710,500,23250,0,0.0
07/10/2005,3500,157500,45(1.12 %),3500,157500,0,0,0,0.0
10/10/2005,5140,231300,45(0.00 %),5140,231300,0,0,0,0.0
12/10/2005,290,12905,44.5(0.00 %),590,26255,300,13350,0,0.0
14/10/2005,2080,94016,45.3(1.34 %),2080,94016,0,0,0,0.0
17/10/2005,2340,109980,47(3.75 %),2340,109980,0,0,0,0.0
18/10/2005,1300,61600,47(0.00 %),1300,61600,0,0,0,0.0
19/10/2005,300,14070,46.9(-0.21 %),300,14070,0,0,0,0.0
21/10/2005,1000,46500,46.5(-0.21 %),1000,46500,0,0,0,0.0
24/10/2005,200,9360,46.5(0.00 %),200,9360,0,0,0,0.0
26/10/2005,-15640,-681904,43.6(-4.80 %),0,0,15640,681904,0,0.0
27/10/2005,19300,803680,43.6(0.00 %),22300,934480,3000,130800,0,0.0
31/10/2005,-700,-31710,45.3(0.67 %),300,13590,1000,45300,0,0.0
01/11/2005,18600,802100,45(-0.66 %),18600,802100,0,0,0,0.0
02/11/2005,21900,946020,45.7(1.56 %),21900,946020,0,0,0,0.0
04/11/2005,30400,1362080,46.3(-1.49 %),30400,1362080,0,0,0,0.0
07/11/2005,48114,2117416,46(-0.65 %),48114,2117416,0,0,0,0.0
08/11/2005,480,22080,46(0.00 %),480,22080,0,0,0,0.0
10/11/2005,13161,575136,45.8(-0.43 %),13161,575136,0,0,0,0.0
15/11/2005,10,455,45.6(0.22 %),10,455,0,0,0,0.0
16/11/2005,2540,116078,45.7(0.22 %),2540,116078,0,0,0,0.0
17/11/2005,-6900,-313405,45.2(-1.09 %),8100,367615,15000,681020,0,0.0
18/11/2005,100,4510,45(-0.44 %),100,4510,0,0,0,0.0
23/11/2005,2000,87000,43.5(-2.03 %),2000,87000,0,0,0,0.0
24/11/2005,-3560,-152368,42.8(-1.61 %),0,0,3560,152368,0,0.0
25/11/2005,1250,53658,44(2.80 %),1250,53658,0,0,0,0.0
29/11/2005,-5970,-256710,43(1.18 %),200,8600,6170,265310,0,0.0
30/11/2005,-100,-4410,44.1(2.56 %),0,0,100,4410,0,0.0
01/12/2005,-700,-30870,44.1(0.00 %),300,13230,1000,44100,0,0.0
02/12/2005,300,13260,44.2(0.23 %),300,13260,0,0,0,0.0
05/12/2005,-1290,-56760,44(-0.45 %),1000,44000,2290,100760,0,0.0
06/12/2005,100,4370,43.7(-0.68 %),100,4370,0,0,0,0.0
07/12/2005,13680,601920,44(0.69 %),13680,601920,0,0,0,0.0
08/12/2005,500,22250,44.5(1.14 %),500,22250,0,0,0,0.0
09/12/2005,200,8860,44.3(-0.45 %),200,8860,0,0,0,0.0
12/12/2005,300,13290,44.3(0.00 %),300,13290,0,0,0,0.0
13/12/2005,1850,81030,43.8(-1.13 %),1850,81030,0,0,0,0.0
14/12/2005,200,8800,44(0.46 %),200,8800,0,0,0,0.0
15/12/2005,-2000,-88140,44.1(0.23 %),200,8880,2200,97020,0,0.0
16/12/2005,100,4420,44.2(0.23 %),100,4420,0,0,0,0.0
19/12/2005,1420,61840,43.5(-1.58 %),1420,61840,0,0,0,0.0
21/12/2005,-310,-13670,43.7(0.00 %),100,4370,410,18040,0,0.0
22/12/2005,-1700,-70150,43.5(-0.46 %),300,13050,2000,83200,0,0.0
23/12/2005,-880,-38896,44.2(1.61 %),0,0,880,38896,0,0.0
26/12/2005,500,22100,44.2(0.00 %),500,22100,0,0,0,0.0
27/12/2005,600,26520,43.7(-1.13 %),600,26520,0,0,0,0.0
28/12/2005,4300,183700,42.7(-2.29 %),4300,183700,0,0,0,0.0
29/12/2005,200,8540,42.7(0.00 %),200,8540,0,0,0,0.0
30/12/2005,7500,322500,43(0.70 %),9500,408500,2000,86000,0,0.0
03/01/2006,-2960,-126096,42.6(-0.93 %),700,29820,3660,155916,0,0.0
04/01/2006,4860,208980,43(0.94 %),5860,251980,1000,43000,0,0.0
05/01/2006,160,6880,43(0.00 %),160,6880,0,0,0,0.0
06/01/2006,8310,358992,43.2(0.47 %),9310,402192,1000,43200,0,0.0
09/01/2006,5040,216720,43(-0.46 %),5040,216720,0,0,0,0.0
10/01/2006,400,17200,43(0.00 %),400,17200,0,0,0,0.0
11/01/2006,10000,430000,43(0.00 %),10000,430000,0,0,0,0.0
12/01/2006,19990,863568,43.2(0.47 %),19990,863568,0,0,0,0.0
17/01/2006,3000,129900,43.3(0.70 %),3000,129900,0,0,0,0.0
18/01/2006,7470,326369,43.7(0.92 %),7470,326369,0,0,0,0.0
20/01/2006,10,441,44.1(0.23 %),10,441,0,0,0,0.0
23/01/2006,4870,214767,44.1(0.00 %),4870,214767,0,0,0,0.0
24/01/2006,1350,59535,44.1(0.00 %),1350,59535,0,0,0,0.0
07/02/2006,1500,71250,47.8(1.49 %),2000,95000,500,23750,0,0.0
08/02/2006,-1600,-78400,49(2.51 %),2000,98000,3600,176400,0,0.0
09/02/2006,500,24250,48.5(-1.02 %),500,24250,0,0,0,0.0
13/02/2006,9990,471528,47.2(-1.67 %),9990,471528,0,0,0,0.0
14/02/2006,8840,420784,47.6(0.85 %),8840,420784,0,0,0,0.0
15/02/2006,250,12150,48.2(1.26 %),250,12150,0,0,0,0.0
17/02/2006,10000,490000,49(0.82 %),10000,490000,0,0,0,0.0
21/02/2006,580,29580,48.5(-4.90 %),580,29580,0,0,0,0.0
23/02/2006,5500,268000,48.8(2.52 %),5500,268000,0,0,0,0.0
24/02/2006,600,29400,49.6(1.64 %),600,29400,0,0,0,0.0
27/02/2006,120,5120,51(2.82 %),2420,122420,2300,117300,0,0.0
01/03/2006,40,2240,56(4.67 %),340,19040,300,16800,0,0.0
03/03/2006,-23640,-1442840,56(-4.27 %),1360,82160,25000,1525000,0,0.0
07/03/2006,100,5900,59(0.85 %),100,5900,0,0,0,0.0
08/03/2006,-3190,-188410,59(0.00 %),220,12980,3410,201390,0,0.0
09/03/2006,200,11800,59(0.00 %),200,11800,0,0,0,0.0
10/03/2006,-11130,-656670,59(0.00 %),0,0,11130,656670,0,0.0
13/03/2006,-10000,-615000,61.5(4.24 %),0,0,10000,615000,0,0.0
14/03/2006,-4650,-297880,63(2.44 %),980,62440,5630,360320,0,0.0
15/03/2006,14120,895360,63(0.00 %),14120,895360,0,0,0,0.0
16/03/2006,-9100,-582400,64(1.59 %),0,0,9100,582400,0,0.0
21/03/2006,100,7000,71(1.43 %),300,21000,200,14000,0,0.0
22/03/2006,400,28000,68(-4.23 %),400,28000,0,0,0,0.0
23/03/2006,-3800,-264200,69.5(2.21 %),1200,83300,5000,347500,0,0.0
24/03/2006,2000,140000,70(0.72 %),2500,175000,500,35000,0,0.0
27/03/2006,-500,-35500,71(1.43 %),0,0,500,35500,0,0.0
28/03/2006,100,7200,71.5(0.70 %),100,7200,0,0,0,0.0
30/03/2006,-250,-19250,77.5(3.33 %),500,38500,750,57750,0,0.0
03/04/2006,700,59500,85(4.94 %),700,59500,0,0,0,0.0
04/04/2006,1900,169100,81(-4.71 %),1900,169100,0,0,0,0.0
05/04/2006,-13770,-1166600,85(4.94 %),0,0,13770,1166600,0,0.0
06/04/2006,-39970,-3414770,86(1.18 %),530,45050,40500,3459820,0,0.0
07/04/2006,-7180,-631840,88(2.33 %),0,0,7180,631840,0,0.0
10/04/2006,970,85360,88(0.00 %),970,85360,0,0,0,0.0
11/04/2006,-3000,-258000,86(-2.27 %),0,0,3000,258000,0,0.0
12/04/2006,-13880,-1205240,88(2.33 %),1900,163400,15780,1368640,0,0.0
13/04/2006,-1630,-146700,89.5(1.70 %),110,9900,1740,156600,0,0.0
17/04/2006,4000,368350,92.5(2.78 %),4000,368350,0,0,0,0.0
18/04/2006,-5040,-468720,93(0.54 %),1000,93000,6040,561720,0,0.0
19/04/2006,150,14300,92(-1.08 %),500,46500,350,32200,0,0.0
20/04/2006,-11630,-1034970,89(-3.26 %),600,53500,12230,1088470,0,0.0
24/04/2006,3200,288800,93(2.76 %),6700,614300,3500,325500,0,0.0
25/04/2006,850,80450,94(1.08 %),850,80450,0,0,0,0.0
26/04/2006,300,27900,91(-3.19 %),300,27900,0,0,0,0.0
27/04/2006,500,43250,86.5(-4.95 %),500,43250,0,0,0,0.0
28/04/2006,170,14025,87(0.58 %),500,41250,330,27225,0,0.0
03/05/2006,-220,-19370,89(2.30 %),200,17800,420,37170,0,0.0
04/05/2006,-4370,-385310,88(-1.12 %),0,0,4370,385310,0,0.0
05/05/2006,-6140,-536900,87(-1.14 %),200,17600,6340,554500,0,0.0
08/05/2006,500,42250,84.5(-2.87 %),1300,111850,800,69600,0,0.0
09/05/2006,520,41860,80.5(-4.73 %),520,41860,0,0,0,0.0
10/05/2006,35100,2685150,76.5(-4.97 %),35100,2685150,0,0,0,0.0
11/05/2006,-3300,-264000,80(4.58 %),0,0,3300,264000,0,0.0
12/05/2006,-2000,-168000,84(5.00 %),0,0,2000,168000,0,0.0
15/05/2006,-730,-64240,88(4.76 %),0,0,730,64240,0,0.0
16/05/2006,160,14040,84(-4.55 %),160,14040,0,0,0,0.0
17/05/2006,-300,-26400,86(2.38 %),0,0,300,26400,0,0.0
18/05/2006,-2830,-237720,84(-2.33 %),170,14280,3000,252000,0,0.0
19/05/2006,-1500,-127250,84(0.00 %),500,40750,2000,168000,0,0.0
22/05/2006,100,8000,80(-4.76 %),100,8000,0,0,0,0.0
23/05/2006,-5500,-432500,77(-3.75 %),500,38500,6000,471000,0,0.0
25/05/2006,550,43775,79.5(-1.24 %),550,43775,0,0,0,0.0
29/05/2006,500,39450,78(-0.64 %),700,55350,200,15900,0,0.0
30/05/2006,19000,1443500,76(-2.56 %),20000,1520000,1000,76500,0,0.0
31/05/2006,-300,-22800,79(3.95 %),0,0,300,22800,0,0.0
01/06/2006,150,11625,77.5(-1.90 %),150,11625,0,0,0,0.0
02/06/2006,-510,-40035,78.5(1.29 %),240,18840,750,58875,0,0.0
05/06/2006,-150,-11975,79.5(1.27 %),100,7900,250,19875,0,0.0
07/06/2006,100,7850,79.5(0.00 %),100,7850,0,0,0,0.0
12/06/2006,-200,-16500,82.5(4.43 %),0,0,200,16500,0,0.0
13/06/2006,-300,-25350,84.5(2.42 %),0,0,300,25350,0,0.0
15/06/2006,10,830,82(-2.38 %),10,830,0,0,0,0.0
19/06/2006,60,4890,81(-0.61 %),60,4890,0,0,0,0.0
20/06/2006,-300,-24150,80.5(-0.62 %),0,0,300,24150,0,0.0
21/06/2006,12070,941460,78(-3.11 %),12070,941460,0,0,0,0.0
22/06/2006,-19260,-1559690,81.5(4.49 %),940,76610,20200,1636300,0,0.0
23/06/2006,1280,103140,80.5(-1.23 %),1280,103140,0,0,0,0.0
28/06/2006,-200,-16600,83.5(3.09 %),0,0,200,16600,0,0.0
29/06/2006,-220,-18480,84(0.60 %),80,6720,300,25200,0,0.0
30/06/2006,950,80050,83.5(-0.60 %),950,80050,0,0,0,0.0
03/07/2006,1520,127680,83(-0.60 %),1520,127680,0,0,0,0.0
04/07/2006,610,50220,81(-2.41 %),2800,229800,2190,179580,0,0.0
05/07/2006,-50,-3600,62(-23.46 %),1000,61500,1050,65100,0,0.0
06/07/2006,1000,64000,64(3.23 %),1000,64000,0,0,0,0.0
07/07/2006,1700,109650,64(0.00 %),1800,116100,100,6450,0,0.0
10/07/2006,170,10710,63(-1.56 %),170,10710,0,0,0,0.0
13/07/2006,200,12300,61(-1.61 %),200,12300,0,0,0,0.0
14/07/2006,1000,61500,61.5(0.82 %),1000,61500,0,0,0,0.0
17/07/2006,-50,-3075,61.5(0.00 %),50,3075,100,6150,0,0.0
18/07/2006,23000,1414500,61.5(0.00 %),25000,1537500,2000,123000,0,0.0
19/07/2006,11370,670830,59(-4.07 %),11370,670830,0,0,0,0.0
20/07/2006,23840,1466410,61.5(4.24 %),25040,1539960,1200,73550,0,0.0
21/07/2006,9000,529000,58.5(-4.88 %),9000,529000,0,0,0,0.0
24/07/2006,-1000,-57000,57(-2.56 %),0,0,1000,57000,0,0.0
25/07/2006,7310,402050,55(-3.51 %),9370,515350,2060,113300,0,0.0
26/07/2006,-1000,-55500,54.5(-0.91 %),0,0,1000,55500,0,0.0
27/07/2006,-1000,-56000,56(2.75 %),0,0,1000,56000,0,0.0
28/07/2006,-1800,-100800,56(0.00 %),0,0,1800,100800,0,0.0
31/07/2006,-300,-16050,53.5(-4.46 %),200,10700,500,26750,0,0.0
02/08/2006,50,2425,51(0.00 %),50,2425,0,0,0,0.0
03/08/2006,3390,181365,53.5(4.90 %),3390,181365,0,0,0,0.0
04/08/2006,24300,1360800,56(4.67 %),24400,1366400,100,5600,0,0.0
07/08/2006,37110,2150360,56(0.00 %),37110,2150360,0,0,0,0.0
08/08/2006,8500,476000,57.5(2.68 %),8500,476000,0,0,0,0.0
09/08/2006,1000,57000,57(-0.87 %),1000,57000,0,0,0,0.0
10/08/2006,100,5700,57(0.00 %),100,5700,0,0,0,0.0
11/08/2006,1540,89475,58.5(2.63 %),1640,95275,100,5800,0,0.0
14/08/2006,-1000,-61000,61(4.27 %),0,0,1000,61000,0,0.0
15/08/2006,950,57950,61(0.00 %),950,57950,0,0,0,0.0
16/08/2006,670,41355,62(1.64 %),670,41355,0,0,0,0.0
18/08/2006,500,30500,60.5(-0.82 %),500,30500,0,0,0,0.0
21/08/2006,-330,-19965,60.5(0.00 %),0,0,330,19965,0,0.0
22/08/2006,5820,340470,58.5(-3.31 %),5820,340470,0,0,0,0.0
23/08/2006,800,48150,61(4.27 %),800,48150,0,0,0,0.0
24/08/2006,-2000,-126000,63(3.28 %),0,0,2000,126000,0,0.0
25/08/2006,3660,228850,62.5(-0.79 %),3660,228850,0,0,0,0.0
28/08/2006,450,28350,63.5(1.60 %),450,28350,0,0,0,0.0
30/08/2006,3180,208290,65.5(2.34 %),3180,208290,0,0,0,0.0
31/08/2006,890,57500,65(-0.76 %),890,57500,0,0,0,0.0
01/09/2006,0,-100,66.5(2.31 %),400,26400,400,26500,0,0.0
05/09/2006,-250,-17375,69.5(4.51 %),50,3475,300,20850,0,0.0
06/09/2006,1750,125300,70(0.72 %),1750,125300,0,0,0,0.0
07/09/2006,6900,479350,69.5(-0.71 %),7100,493450,200,14100,0,0.0
08/09/2006,500,34750,69.5(0.00 %),500,34750,0,0,0,0.0
11/09/2006,-320,-22400,70(0.72 %),0,0,320,22400,0,0.0
12/09/2006,9800,676200,68.5(-2.14 %),9800,676200,0,0,0,0.0
13/09/2006,9210,630885,69(0.73 %),9210,630885,0,0,0,0.0
14/09/2006,4740,327060,69(0.00 %),8200,565800,3460,238740,0,0.0
15/09/2006,-130,-9230,71(2.90 %),0,0,130,9230,0,0.0
19/09/2006,100,7700,77(4.76 %),100,7700,0,0,0,0.0
20/09/2006,1000,79000,78(1.30 %),1000,79000,0,0,0,0.0
21/09/2006,36000,2799000,77.5(-0.64 %),36000,2799000,0,0,0,0.0
22/09/2006,70140,5493420,78.5(1.29 %),70140,5493420,0,0,0,0.0
25/09/2006,800,62800,78.5(0.00 %),800,62800,0,0,0,0.0
26/09/2006,100,8200,82(4.46 %),100,8200,0,0,0,0.0
27/09/2006,3030,247750,81(-1.22 %),3030,247750,0,0,0,0.0
28/09/2006,1290,104240,80.5(-0.62 %),1290,104240,0,0,0,0.0
02/10/2006,1150,92380,81(0.62 %),1550,124780,400,32400,0,0.0
03/10/2006,6800,547400,80.5(-0.62 %),6910,556255,110,8855,0,0.0
04/10/2006,70860,5776600,81.5(1.24 %),72310,5893100,1450,116500,0,0.0
05/10/2006,-1490,-120690,80.5(-1.23 %),10,810,1500,121500,0,0.0
06/10/2006,1000,76000,76(-5.59 %),1000,76000,0,0,0,0.0
09/10/2006,2670,201220,75(-1.32 %),2670,201220,0,0,0,0.0
10/10/2006,780,57140,73(-2.67 %),1780,130140,1000,73000,0,0.0
16/10/2006,500,36000,72(-1.37 %),500,36000,0,0,0,0.0
17/10/2006,480,33600,69.5(-3.47 %),480,33600,0,0,0,0.0
18/10/2006,1790,121720,68(-2.16 %),1790,121720,0,0,0,0.0
20/10/2006,1100,79150,72(1.41 %),1100,79150,0,0,0,0.0
23/10/2006,5650,404045,71.5(-0.69 %),5650,404045,0,0,0,0.0
24/10/2006,2460,174660,71(-0.70 %),2460,174660,0,0,0,0.0
25/10/2006,13050,920100,70.5(-0.70 %),13050,920100,0,0,0,0.0
26/10/2006,1250,87500,70(-0.71 %),1250,87500,0,0,0,0.0
30/10/2006,2510,170680,68(-2.16 %),2510,170680,0,0,0,0.0
31/10/2006,200,13600,68.5(0.74 %),200,13600,0,0,0,0.0
02/11/2006,6990,479760,69(-0.72 %),6990,479760,0,0,0,0.0
03/11/2006,5070,347320,68.5(-0.72 %),5070,347320,0,0,0,0.0
06/11/2006,8300,573055,69(0.73 %),9210,635390,910,62335,0,0.0
07/11/2006,109280,7833780,72(4.35 %),110050,7888450,770,54670,0,0.0
08/11/2006,73590,5340830,73(1.39 %),73790,5355430,200,14600,0,0.0
09/11/2006,5630,416620,75(2.74 %),5630,416620,0,0,0,0.0
10/11/2006,12220,898170,73.5(-2.00 %),12220,898170,0,0,0,0.0
13/11/2006,11730,878600,75.5(2.72 %),11830,886100,100,7500,0,0.0
14/11/2006,2740,210425,77(1.99 %),3110,239470,370,29045,0,0.0
15/11/2006,18880,1471800,75(-2.60 %),18880,1471800,0,0,0,0.0
16/11/2006,1860,137500,74(-1.33 %),2000,148000,140,10500,0,0.0
17/11/2006,1980,148500,75(1.35 %),1980,148500,0,0,0,0.0
20/11/2006,5310,400950,75(0.00 %),5400,407700,90,6750,0,0.0
21/11/2006,1420,106500,75(0.00 %),1420,106500,0,0,0,0.0
22/11/2006,3690,274905,74.5(-0.67 %),3690,274905,0,0,0,0.0
23/11/2006,-9940,-772320,78(4.70 %),4260,332280,14200,1104600,0,0.0
24/11/2006,500,40750,81.5(4.49 %),700,57050,200,16300,0,0.0
27/11/2006,3500,271250,77.5(-4.91 %),3500,271250,0,0,0,0.0
28/11/2006,950,75400,77.5(0.00 %),1750,135400,800,60000,0,0.0
29/11/2006,1990,148755,74(-4.52 %),2990,222755,1000,74000,0,0.0
30/11/2006,-3480,-257520,75.5(2.03 %),0,0,3480,257520,0,0.0
01/12/2006,1100,83050,75(-0.66 %),1100,83050,0,0,0,0.0
04/12/2006,-80,-5960,74.5(-0.67 %),100,7450,180,13410,0,0.0
05/12/2006,21280,1569030,73.5(-1.34 %),21280,1569030,0,0,0,0.0
06/12/2006,300,21900,73(-0.68 %),300,21900,0,0,0,0.0
07/12/2006,-1400,-104950,76.5(4.79 %),100,7300,1500,112250,0,0.0
08/12/2006,2000,156000,78(1.96 %),2000,156000,0,0,0,0.0
11/12/2006,4300,336100,78(0.00 %),4300,336100,0,0,0,0.0
12/12/2006,10200,784900,74.5(-4.49 %),10200,784900,0,0,0,0.0
13/12/2006,1050,78750,75(0.67 %),1050,78750,0,0,0,0.0
14/12/2006,430,31820,74(-1.33 %),430,31820,0,0,0,0.0
15/12/2006,4580,338700,73(-1.35 %),5080,375200,500,36500,0,0.0
18/12/2006,12490,926170,72.5(-0.68 %),13520,1000330,1030,74160,0,0.0
19/12/2006,-2100,-149420,72(-0.69 %),180,12960,2280,162380,0,0.0
20/12/2006,350,24500,70(-2.78 %),1700,119000,1350,94500,0,0.0
21/12/2006,890,59935,66.5(-5.00 %),2520,168330,1630,108395,0,0.0
22/12/2006,3710,241150,65(-2.26 %),3710,241150,0,0,0,0.0
25/12/2006,-2220,-144960,68(4.62 %),0,0,2220,144960,0,0.0
26/12/2006,3100,217150,70(2.94 %),3200,224150,100,7000,0,0.0
27/12/2006,2900,201450,69.5(-0.71 %),3200,222300,300,20850,0,0.0
28/12/2006,14480,1001580,68.5(-1.44 %),14880,1029180,400,27600,0,0.0
01/03/2007,-15800,-1208800000,76(-3.80 %),5100,387600000,20900,1596400000,0,0.0
02/03/2007,-1840,-143520000,78(2.63 %),300,23400000,2140,166920000,0,0.0
05/03/2007,-22760,-1859610000,81.5(4.49 %),9340,756540000,32100,2616150000,0,0.0
06/03/2007,-35640,-3027660000,84(3.07 %),0,0,35640,3027660000,0,0.0
07/03/2007,-9180,-768340000,83(-1.19 %),950,78850000,10130,847190000,0,0.0
08/03/2007,-199650,-17369550000,87(4.82 %),2570,223590000,202220,17593140000,0,0.0
09/03/2007,-157580,-14339780000,91(4.60 %),42520,3869320000,200100,18209100000,0,0.0
12/03/2007,0,0,95.5(4.95 %),0,0,0,0,0,0.0
13/03/2007,-124500,-12450000000,100(4.71 %),27800,2780000000,152300,15230000000,0,0.0
14/03/2007,11510,1145000000,95(-5.00 %),11510,1145000000,0,0,0,0.0
15/03/2007,28380,2568390000,90.5(-4.74 %),45100,4081550000,16720,1513160000,0,0.0
16/03/2007,-15350,-1455380000,95(4.97 %),100,9400000,15450,1464780000,0,0.0
19/03/2007,17100,1624500000,95(0.00 %),25350,2408250000,8250,783750000,0,0.0
20/03/2007,47840,4329520000,90.5(-4.74 %),50630,4582015000,2790,252495000,0,0.0
21/03/2007,-1400,-127700000,88(-2.76 %),400,35200000,1800,162900000,0,0.0
22/03/2007,-9880,-829280000,84(-4.55 %),830,71180000,10710,900460000,0,0.0
23/03/2007,-3730,-313320000,84(0.00 %),10,840000,3740,314160000,0,0.0
26/03/2007,6240,499200000,80(-4.76 %),25500,2040000000,19260,1540800000,0,0.0
27/03/2007,41500,3154000000,76(-5.00 %),61500,4674000000,20000,1520000000,0,0.0
28/03/2007,-17550,-1375850000,79.5(4.61 %),100,7700000,17650,1383550000,0,0.0
29/03/2007,-7050,-578000000,83(4.40 %),100,8300000,7150,586300000,0,0.0
30/03/2007,19600,1602400000,82(-1.20 %),38000,3166400000,18400,1564000000,0,0.0
02/04/2007,20000,1600000000,78(-4.88 %),20000,1600000000,0,0,0,0.0
03/04/2007,-6880,-519440000,77(-1.28 %),20,1510000,6900,520950000,0,0.0
04/04/2007,-9230,-712120000,79(2.60 %),6800,526000000,16030,1238120000,0,0.0
05/04/2007,55600,4354600000,78(-1.27 %),55600,4354600000,0,0,0,0.0
06/04/2007,1000,75500000,75.5(-3.21 %),1000,75500000,0,0,0,0.0
09/04/2007,20040,1552565000,77(1.99 %),24060,1863615000,4020,311050000,0,0.0
10/04/2007,200,15400000,76.5(-0.65 %),200,15400000,0,0,0,0.0
11/04/2007,-270,-20655000,76.5(0.00 %),150,11475000,420,32130000,0,0.0
12/04/2007,17000,1292000000,74(-3.27 %),17000,1292000000,0,0,0,0.0
13/04/2007,11000,807000000,72(-2.70 %),11000,807000000,0,0,0,0.0
16/04/2007,24850,1702000000,68.5(-4.86 %),25000,1712500000,150,10500000,0,0.0
17/04/2007,-14330,-964010000,67(-2.19 %),6000,398100000,20330,1362110000,0,0.0
18/04/2007,-10880,-761600000,70(4.48 %),0,0,10880,761600000,0,0.0
19/04/2007,6900,507150000,73.5(5.00 %),9900,727650000,3000,220500000,0,0.0
20/04/2007,38060,2753125000,72.5(-1.36 %),45770,3312100000,7710,558975000,0,0.0
23/04/2007,-7350,-507150000,69(-4.83 %),360,24840000,7710,531990000,0,0.0
24/04/2007,-220120,-14527920000,66(-4.35 %),20870,1377420000,240990,15905340000,0,0.0
25/04/2007,2290,173730000,68(3.03 %),10600,730500000,8310,556770000,0,0.0
02/05/2007,58900,4211140000,71(4.41 %),70510,5002210000,11610,791070000,0,0.0
03/05/2007,1000,70000000,70(-1.41 %),1000,70000000,0,0,0,0.0
04/05/2007,-7590,-511575000,68(-2.86 %),500,34500000,8090,546075000,0,0.0
07/05/2007,-700,-49300000,70.5(3.68 %),300,21150000,1000,70450000,0,0.0
08/05/2007,-55570,-3974690000,73(3.55 %),20590,1483070000,76160,5457760000,0,0.0
09/05/2007,-2100,-147930000,70(-4.11 %),400,28000000,2500,175930000,0,0.0
10/05/2007,81200,5684000000,70(0.00 %),82200,5754000000,1000,70000000,0,0.0
11/05/2007,450,31500000,72(2.86 %),500,35000000,50,3500000,0,0.0
14/05/2007,-600,-44300000,73.5(2.08 %),400,29200000,1000,73500000,0,0.0
15/05/2007,13800,1020000000,75(2.04 %),25000,1850000000,11200,830000000,0,0.0
16/05/2007,700,51100000,72.5(-3.33 %),700,51100000,0,0,0,0.0
17/05/2007,1300,97500000,75(3.45 %),1300,97500000,0,0,0,0.0
18/05/2007,870,65250000,75(0.00 %),900,67500000,30,2250000,0,0.0
21/05/2007,1300,97500000,78(4.00 %),1300,97500000,0,0,0,0.0
22/05/2007,12930,1053795000,81.5(4.49 %),13390,1091285000,460,37490000,0,0.0
23/05/2007,67500,5696890000,83(1.84 %),69300,5850540000,1800,153650000,0,0.0
24/05/2007,1000,80000000,80(-3.61 %),11000,880000000,10000,800000000,0,0.0
25/05/2007,4510,355900000,81(1.25 %),9510,760900000,5000,405000000,0,0.0
28/05/2007,-5200,-429900000,81(0.00 %),700,57150000,5900,487050000,0,0.0
29/05/2007,-9530,-762400000,80(-1.23 %),1200,96000000,10730,858400000,0,0.0
30/05/2007,0,0,78(-2.50 %),0,0,0,0,0,0.0
31/05/2007,0,0,81.5(4.49 %),0,0,0,0,0,0.0
01/06/2007,450,36600000,81.5(0.00 %),550,44900000,100,8300000,0,0.0
04/06/2007,300,23850000,79.5(-2.45 %),300,23850000,0,0,0,0.0
05/06/2007,-320,-25340000,80(0.63 %),200,16000000,520,41340000,0,0.0
06/06/2007,-3300,-264850000,80.5(0.62 %),3100,249550000,6400,514400000,0,0.0
07/06/2007,-400,-33200000,81(0.62 %),2000,162000000,2400,195200000,0,0.0
08/06/2007,-2400,-193800000,80.5(-0.62 %),0,0,2400,193800000,0,0.0
11/06/2007,4650,372000000,80(-0.62 %),7050,564000000,2400,192000000,0,0.0
12/06/2007,6850,548400000,79.5(-0.62 %),9250,740000000,2400,191600000,0,0.0
13/06/2007,710,56615000,79(-0.63 %),1050,83475000,340,26860000,0,0.0
14/06/2007,-2560,-201290000,78.5(-0.63 %),100,7850000,2660,209140000,0,0.0
15/06/2007,0,0,79.5(1.27 %),0,0,0,0,0,0.0
18/06/2007,1650,132000000,80(0.63 %),2000,160000000,350,28000000,0,0.0
19/06/2007,-200,-16000000,80(0.00 %),100,8000000,300,24000000,0,0.0
20/06/2007,1640,131200000,80(0.00 %),5080,406400000,3440,275200000,0,0.0
21/06/2007,-51670,-4030260000,79(-1.25 %),4000,312000000,55670,4342260000,0,0.0
22/06/2007,100,7900000,79(0.00 %),100,7900000,0,0,0,0.0
25/06/2007,2900,228900000,78.5(-0.63 %),2900,228900000,0,0,0,0.0
26/06/2007,480,37770000,78.5(0.00 %),480,37770000,0,0,0,0.0
27/06/2007,500,39250000,78.5(0.00 %),500,39250000,0,0,0,0.0
28/06/2007,-18660,-1460565000,78.5(0.00 %),1510,117780000,20170,1578345000,0,0.0
29/06/2007,-6900,-538200000,77.5(-1.27 %),200,15600000,7100,553800000,0,0.0
02/07/2007,-1410,-109275000,76(-1.94 %),50100,3857650000,51510,3966925000,0,0.0
03/07/2007,50880,3866880000,76(0.00 %),72070,5477320000,21190,1610440000,0,0.0
04/07/2007,240,18230000,79.5(4.61 %),250,19000000,10,770000,0,0.0
05/07/2007,53750,4270670000,79(-0.63 %),53750,4270670000,0,0,0,0.0
06/07/2007,100,8000000,80(1.27 %),100,8000000,0,0,0,0.0
09/07/2007,-3960,-302340000,80(0.00 %),10500,840000000,14460,1142340000,0,0.0
10/07/2007,-3000,-249000000,83(3.75 %),0,0,3000,249000000,0,0.0
11/07/2007,1000,82000000,81.5(-1.81 %),1000,82000000,0,0,0,0.0
12/07/2007,0,0,80(-1.84 %),0,0,0,0,0,0.0
13/07/2007,-300,-24000000,81(1.25 %),0,0,300,24000000,0,0.0
16/07/2007,-210,-16800000,80(-1.23 %),0,0,210,16800000,0,0.0
17/07/2007,200,15900000,79(-1.25 %),200,15900000,0,0,0,0.0
18/07/2007,1500,118500000,79.5(0.63 %),1500,118500000,0,0,0,0.0
19/07/2007,0,0,79.5(0.00 %),0,0,0,0,0,0.0
20/07/2007,9250,745625000,81(1.89 %),10250,826625000,1000,81000000,0,0.0
23/07/2007,26800,2195700000,82(1.23 %),26900,2203900000,100,8200000,0,0.0
24/07/2007,10300,844300000,81(-1.22 %),10300,844300000,0,0,0,0.0
25/07/2007,-2200,-177150000,80(-1.23 %),100,8000000,2300,185150000,0,0.0
26/07/2007,14150,1124925000,79.5(-0.62 %),14150,1124925000,0,0,0,0.0
27/07/2007,0,0,78.5(-1.26 %),0,0,0,0,0,0.0
30/07/2007,0,0,78.5(0.00 %),0,0,0,0,0,0.0
31/07/2007,25100,1932700000,77(-1.91 %),25100,1932700000,0,0,0,0.0
01/08/2007,-16110,-1216305000,79(2.60 %),20,1510000,16130,1217815000,0,0.0
02/08/2007,10050,773900000,77(-2.53 %),10050,773900000,0,0,0,0.0
03/08/2007,120,9240000,77(0.00 %),120,9240000,0,0,0,0.0
06/08/2007,-2050,-156825000,76(-1.30 %),0,0,2050,156825000,0,0.0
07/08/2007,300,22750000,76(0.00 %),300,22750000,0,0,0,0.0
08/08/2007,0,0,76(0.00 %),0,0,0,0,0,0.0
09/08/2007,0,0,79.5(4.61 %),0,0,0,0,0,0.0
10/08/2007,900,71000000,78(-1.89 %),900,71000000,0,0,0,0.0
13/08/2007,460,34160000,76(-2.56 %),1160,87260000,700,53100000,0,0.0
14/08/2007,0,0,76.5(0.66 %),0,0,0,0,0,0.0
15/08/2007,17690,1362130000,77(0.65 %),17690,1362130000,0,0,0,0.0
16/08/2007,1200,91900000,77(0.00 %),1200,91900000,0,0,0,0.0
17/08/2007,10010,758110000,76(-1.30 %),10010,758110000,0,0,0,0.0
20/08/2007,36600,2938710000,79.5(4.61 %),50000,3975000000,13400,1036290000,0,0.0
21/08/2007,990,78220000,78(-1.89 %),1000,79000000,10,780000,0,0.0
22/08/2007,200,15400000,77(-1.28 %),200,15400000,0,0,0,0.0
23/08/2007,0,0,77(0.00 %),0,0,0,0,0,0.0
24/08/2007,200,15400000,78(1.30 %),200,15400000,0,0,0,0.0
27/08/2007,300,23400000,78(0.00 %),300,23400000,0,0,0,0.0
28/08/2007,100,7800000,78(0.00 %),100,7800000,0,0,0,0.0
29/08/2007,-2510,-195280000,77.5(-0.64 %),0,0,2510,195280000,0,0.0
30/08/2007,7110,554780000,78.5(1.29 %),7310,570180000,200,15400000,0,0.0
31/08/2007,39340,3135665000,80(1.91 %),39340,3135665000,0,0,0,0.0
04/09/2007,700,56600000,81(1.25 %),700,56600000,0,0,0,0.0
05/09/2007,20990,1715685000,81.5(0.62 %),20990,1715685000,0,0,0,0.0
06/09/2007,1450,118175000,81.5(0.00 %),1450,118175000,0,0,0,0.0
07/09/2007,1330,108395000,81.5(0.00 %),1500,122250000,170,13855000,0,0.0
10/09/2007,1200,98400000,82(0.61 %),2100,172200000,900,73800000,0,0.0
11/09/2007,3020,249150000,82.5(0.61 %),3020,249150000,0,0,0,0.0
12/09/2007,0,0,84(1.82 %),0,0,0,0,0,0.0
13/09/2007,-1000,-86500000,86.5(2.98 %),0,0,1000,86500000,0,0.0
14/09/2007,-4030,-341350000,85(-1.73 %),800,69200000,4830,410550000,0,0.0
17/09/2007,-900,-75100000,83.5(-1.76 %),100,8400000,1000,83500000,0,0.0
18/09/2007,-4200,-352175000,84.5(1.20 %),50,4200000,4250,356375000,0,0.0
19/09/2007,63060,5422010000,86(1.78 %),65060,5594010000,2000,172000000,0,0.0
20/09/2007,-3000,-262500000,86(0.00 %),0,0,3000,262500000,0,0.0
21/09/2007,4100,352600000,85(-1.16 %),4100,352600000,0,0,0,0.0
24/09/2007,-2000,-172000000,89(4.71 %),1000,89000000,3000,261000000,0,0.0
25/09/2007,-3500,-316000000,89.5(0.56 %),2800,252000000,6300,568000000,0,0.0
26/09/2007,700,62650000,89.5(0.00 %),700,62650000,0,0,0,0.0
27/09/2007,7900,702300000,88.5(-1.12 %),7900,702300000,0,0,0,0.0
28/09/2007,-30000,-2692500000,92.5(4.52 %),0,0,30000,2692500000,0,0.0
01/10/2007,0,0,97(4.86 %),0,0,0,0,0,0.0
02/10/2007,7540,764800000,101(4.12 %),18590,1869000000,11050,1104200000,0,0.0
03/10/2007,28110,2886490000,106(4.95 %),28810,2959990000,700,73500000,0,0.0
04/10/2007,1890,193380000,102(-3.77 %),2090,214380000,200,21000000,0,0.0
05/10/2007,780,77810000,101(-0.98 %),3480,351210000,2700,273400000,0,0.0
08/10/2007,130,12870000,100(-0.99 %),130,12870000,0,0,0,0.0
09/10/2007,0,0,103(3.00 %),0,0,0,0,0,0.0
10/10/2007,11790,1229360000,104(0.97 %),12790,1334360000,1000,105000000,0,0.0
11/10/2007,5020,531720000,105(0.96 %),5500,582600000,480,50880000,0,0.0
12/10/2007,41670,4398610000,106(0.95 %),41670,4398610000,0,0,0,0.0
15/10/2007,770,83490000,107(0.94 %),1100,118800000,330,35310000,0,0.0
16/10/2007,1830,193980000,104(-2.80 %),1830,193980000,0,0,0,0.0
17/10/2007,-2200,-229570000,103(-0.96 %),1400,144600000,3600,374170000,0,0.0
18/10/2007,12800,1322200000,103(0.00 %),12800,1322200000,0,0,0,0.0
19/10/2007,-17680,-1770080000,101(-1.94 %),3600,360950000,21280,2131030000,0,0.0
22/10/2007,1800,180000000,100(-0.99 %),1800,180000000,0,0,0,0.0
23/10/2007,-900,-89000000,99(-1.00 %),100,10000000,1000,99000000,0,0.0
24/10/2007,450,45300000,102(3.03 %),450,45300000,0,0,0,0.0
25/10/2007,3500,358800000,103(0.98 %),3500,358800000,0,0,0,0.0
26/10/2007,5000,513500000,102(-0.97 %),5000,513500000,0,0,0,0.0
29/10/2007,1000,101000000,101(-0.98 %),1000,101000000,0,0,0,0.0
30/10/2007,17400,1781400000,102(0.99 %),17400,1781400000,0,0,0,0.0
31/10/2007,140,14280000,101(-0.98 %),500,51000000,360,36720000,0,0.0
01/11/2007,4000,417000000,105(3.96 %),4000,417000000,0,0,0,0.0
02/11/2007,3500,367500000,105(0.00 %),3500,367500000,0,0,0,0.0
05/11/2007,-200,-20600000,103(-1.90 %),0,0,200,20600000,0,0.0
06/11/2007,0,0,102(-0.97 %),0,0,0,0,0,0.0
07/11/2007,0,0,103(0.98 %),0,0,0,0,0,0.0
08/11/2007,-4000,-412000000,103(0.00 %),0,0,4000,412000000,0,0.0
09/11/2007,0,0,102(-0.97 %),0,0,0,0,0,0.0
12/11/2007,1600,162800000,98(-3.92 %),1800,183200000,200,20400000,0,0.0
13/11/2007,5940,564530000,93.5(-4.59 %),8040,760880000,2100,196350000,0,0.0
14/11/2007,-300,-28200000,98(4.81 %),0,0,300,28200000,0,0.0
15/11/2007,15430,1508000000,97(-1.02 %),15430,1508000000,0,0,0,0.0
16/11/2007,-35570,-3331295000,94(-3.09 %),500,46750000,36070,3378045000,0,0.0
19/11/2007,0,0,98.5(4.79 %),0,0,0,0,0,0.0
20/11/2007,-380,-38000000,98(-0.51 %),150,15000000,530,53000000,0,0.0
21/11/2007,1200,115200000,97(-1.02 %),1200,115200000,0,0,0,0.0
22/11/2007,3440,333680000,97(0.00 %),3440,333680000,0,0,0,0.0
23/11/2007,-19050,-1828800000,96(-1.03 %),1600,153600000,20650,1982400000,0,0.0
26/11/2007,820,81720000,97(1.04 %),4010,387960000,3190,306240000,0,0.0
27/11/2007,-17500,-1697850000,95(-2.06 %),2500,242150000,20000,1940000000,0,0.0
28/11/2007,-18000,-1279000000,70(2.94 %),2000,141000000,20000,1420000000,0,0.0
29/11/2007,2050,141900000,68(-2.86 %),2050,141900000,0,0,0,0.0
30/11/2007,-52560,-3414350000,66(-2.94 %),4500,294700000,57060,3709050000,0,0.0
03/12/2007,-26150,-1672130000,64.5(-2.27 %),2300,148670000,28450,1820800000,0,0.0
04/12/2007,-28200,-1804425000,65.5(1.55 %),250,16375000,28450,1820800000,0,0.0
05/12/2007,-109850,-6922900000,64.5(-1.53 %),1000,64250000,110850,6987150000,0,0.0
06/12/2007,0,0,63.5(-1.55 %),0,0,0,0,0,0.0
07/12/2007,0,0,64(0.79 %),0,0,0,0,0,0.0
10/12/2007,0,0,63.5(-0.78 %),0,0,0,0,0,0.0
11/12/2007,0,0,62(-2.36 %),0,0,0,0,0,0.0
12/12/2007,1850,114300000,62(0.00 %),1850,114300000,0,0,0,0.0
13/12/2007,900,56250000,62(0.00 %),900,56250000,0,0,0,0.0
14/12/2007,-3000,-182250000,60.5(-2.42 %),3000,183000000,6000,365250000,0,0.0
17/12/2007,-10960,-654970000,58.5(-3.31 %),160,9570000,11120,664540000,0,0.0
18/12/2007,-160,-9280000,58.5(0.00 %),0,0,160,9280000,0,0.0
19/12/2007,2000,121000000,61(4.27 %),2000,121000000,0,0,0,0.0
20/12/2007,-900,-53400000,59.5(-2.46 %),100,6100000,1000,59500000,0,0.0
21/12/2007,0,0,60.5(1.68 %),0,0,0,0,0,0.0
24/12/2007,-1500,-91500000,60.5(0.00 %),0,0,1500,91500000,0,0.0
25/12/2007,-400,-24200000,60(-0.83 %),0,0,400,24200000,0,0.0
26/12/2007,-1000,-59000000,60(0.00 %),200,11800000,1200,70800000,0,0.0
27/12/2007,0,0,61(1.67 %),0,0,0,0,0,0.0
28/12/2007,-1000,-60000000,60(-1.64 %),0,0,1000,60000000,0,0.0
02/01/2008,0,0,58.5(-2.50 %),0,0,0,0,0,0.0
03/01/2008,100,5800000,58(-0.85 %),100,5800000,0,0,0,0.0
04/01/2008,-310,-17515000,57(-1.72 %),0,0,310,17515000,0,0.0
07/01/2008,-250,-13655000,54.5(-4.39 %),300,16800000,550,30455000,0,0.0
08/01/2008,230,12995000,55.5(1.83 %),230,12995000,0,0,0,0.0
09/01/2008,0,0,54(-2.70 %),200,10900000,200,10900000,0,0.0
10/01/2008,-710,-36705000,51.5(-4.63 %),0,0,710,36705000,0,0.0
11/01/2008,-8500,-437750000,52.5(1.94 %),0,0,8500,437750000,0,0.0
14/01/2008,1000,50500000,50.5(-3.81 %),1000,50500000,0,0,0,0.0
15/01/2008,-10000,-480000000,48(-4.95 %),0,0,10000,480000000,0,0.0
16/01/2008,-24150,-1207725000,50(4.17 %),850,42275000,25000,1250000000,0,0.0
17/01/2008,14550,719250000,48(-4.00 %),14550,719250000,0,0,0,0.0
18/01/2008,50,2400000,50(4.17 %),50,2400000,0,0,0,0.0
21/01/2008,0,0,50(0.00 %),0,0,0,0,0,0.0
22/01/2008,-50,-3075000,49(-2.00 %),400,19200000,450,22275000,0,0.0
23/01/2008,0,0,46.6(-4.90 %),0,0,0,0,0,0.0
24/01/2008,-1700,-79850000,45.9(-1.50 %),0,0,1700,79850000,0,0.0
25/01/2008,0,0,46.8(1.96 %),0,0,0,0,0,0.0
28/01/2008,100,4700000,47(0.43 %),100,4700000,0,0,0,0.0
29/01/2008,0,0,49.3(4.89 %),0,0,0,0,0,0.0
30/01/2008,0,0,51.5(4.46 %),0,0,0,0,0,0.0
31/01/2008,100,5150000,53(2.91 %),100,5150000,0,0,0,0.0
01/02/2008,0,0,55.5(4.72 %),0,0,0,0,0,0.0
12/02/2008,400,22000000,55(-0.90 %),400,22000000,0,0,0,0.0
13/02/2008,0,0,52.5(-4.55 %),0,0,0,0,0,0.0
14/02/2008,310,16275000,53(0.95 %),310,16275000,0,0,0,0.0
15/02/2008,-2000,-106000000,52.5(-0.94 %),0,0,2000,106000000,0,0.0
18/02/2008,2020,102000000,49.9(-4.95 %),2020,102000000,0,0,0,0.0
19/02/2008,300,14400000,50.5(1.20 %),300,14400000,0,0,0,0.0
20/02/2008,-200,-10000000,48(-4.95 %),0,0,200,10000000,0,0.0
21/02/2008,1130,51641000,45.6(-5.00 %),1130,51641000,0,0,0,0.0
22/02/2008,650,28210000,47.7(4.61 %),650,28210000,0,0,0,0.0
25/02/2008,300,14700000,50(4.82 %),300,14700000,0,0,0,0.0
26/02/2008,700,33950000,47.5(-5.00 %),700,33950000,0,0,0,0.0
27/02/2008,0,0,47(-1.05 %),0,0,0,0,0,0.0
28/02/2008,12150,561070000,45(-4.26 %),13550,626870000,1400,65800000,0,0.0
29/02/2008,-10000,-431700000,42.8(-4.89 %),0,0,10000,431700000,0,0.0
03/03/2008,-570,-19349000,40.7(-4.91 %),7500,309100000,8070,328449000,0,0.0
04/03/2008,350,13545000,38.7(-4.91 %),350,13545000,0,0,0,0.0
05/03/2008,0,0,36.8(-4.91 %),0,0,0,0,0,0.0
06/03/2008,0,0,38.6(4.89 %),0,0,0,0,0,0.0
07/03/2008,110,4455000,40.5(4.92 %),110,4455000,0,0,0,0.0
10/03/2008,6280,260696000,39.2(-3.21 %),6280,260696000,0,0,0,0.0
11/03/2008,1400,53370000,38(-3.06 %),1600,61210000,200,7840000,0,0.0
12/03/2008,-10360,-394330000,38(0.00 %),1800,66600000,12160,460930000,0,0.0
13/03/2008,-9140,-359594000,38.6(1.58 %),3100,119152000,12240,478746000,0,0.0
14/03/2008,1640,62320000,38.4(-0.52 %),1780,67640000,140,5320000,0,0.0
17/03/2008,0,0,36.5(-4.95 %),0,0,0,0,0,0.0
18/03/2008,0,0,34.7(-4.93 %),0,0,0,0,0,0.0
19/03/2008,-500,-16095000,33(-4.90 %),1500,50100000,2000,66195000,0,0.0
20/03/2008,-1300,-40992000,31.4(-4.85 %),880,27720000,2180,68712000,0,0.0
21/03/2008,140,3360000,29.9(-4.78 %),1340,40140000,1200,36780000,0,0.0
24/03/2008,16330,465405000,28.5(-4.68 %),17430,496755000,1100,31350000,0,0.0
25/03/2008,10570,286447000,27.1(-4.91 %),11770,318967000,1200,32520000,0,0.0
26/03/2008,-8560,-221100000,28(3.32 %),2440,67100000,11000,288200000,0,0.0
27/03/2008,-700,-19740000,28.2(0.71 %),200,5640000,900,25380000,0,0.0
28/03/2008,0,0,28.4(0.71 %),0,0,0,0,0,0.0
31/03/2008,10,286000,28.6(0.70 %),10,286000,0,0,0,0.0
01/04/2008,1500,43200000,28.8(0.70 %),1500,43200000,0,0,0,0.0
02/04/2008,10,290000,29(0.69 %),10,290000,0,0,0,0.0
03/04/2008,10,292000,29.2(0.69 %),10,292000,0,0,0,0.0
04/04/2008,0,0,29.4(0.68 %),0,0,0,0,0,0.0
07/04/2008,0,0,29.9(1.70 %),0,0,0,0,0,0.0
08/04/2008,23800,722840000,29.8(-0.33 %),24300,737940000,500,15100000,0,0.0
09/04/2008,12050,355966000,29.3(-1.68 %),13050,385466000,1000,29500000,0,0.0
10/04/2008,8820,254016000,28.8(-1.71 %),8820,254016000,0,0,0,0.0
11/04/2008,2920,82636000,28.3(-1.74 %),2920,82636000,0,0,0,0.0
16/04/2008,10,278000,27.8(-1.77 %),10,278000,0,0,0,0.0
17/04/2008,0,0,28.3(1.80 %),0,0,0,0,0,0.0
18/04/2008,100,2780000,27.8(-1.77 %),100,2780000,0,0,0,0.0
21/04/2008,0,0,27.3(-1.80 %),0,0,0,0,0,0.0
22/04/2008,30,804000,26.8(-1.83 %),30,804000,0,0,0,0.0
23/04/2008,0,0,26.3(-1.87 %),0,0,0,0,0,0.0
24/04/2008,50010,1290263000,26(-1.14 %),50010,1290263000,0,0,0,0.0
25/04/2008,1500,39300000,26.5(1.92 %),1500,39300000,0,0,0,0.0
28/04/2008,1500,40500000,27(1.89 %),1500,40500000,0,0,0,0.0
29/04/2008,2020,55550000,27.5(1.85 %),2020,55550000,0,0,0,0.0
05/05/2008,9300,257820000,27(-1.82 %),9300,257820000,0,0,0,0.0
06/05/2008,2000,53000000,26.5(-1.85 %),2000,53000000,0,0,0,0.0
07/05/2008,20290,527540000,26(-1.89 %),20290,527540000,0,0,0,0.0
08/05/2008,0,0,25.5(-1.92 %),0,0,0,0,0,0.0
09/05/2008,1760,44000000,25(-1.96 %),1760,44000000,0,0,0,0.0
12/05/2008,2680,65660000,24.5(-2.00 %),2680,65660000,0,0,0,0.0
13/05/2008,0,0,24.1(-1.63 %),0,0,0,0,0,0.0
14/05/2008,48230,1143051000,23.7(-1.66 %),55540,1316298000,7310,173247000,0,0.0
15/05/2008,0,0,23.3(-1.69 %),0,0,0,0,0,0.0
16/05/2008,-15670,-358843000,22.9(-1.72 %),19540,447466000,35210,806309000,0,0.0
19/05/2008,30230,681208000,22.6(-1.31 %),30230,681208000,0,0,0,0.0
20/05/2008,10440,231768000,22.2(-1.77 %),10440,231768000,0,0,0,0.0
21/05/2008,5890,128402000,21.8(-1.80 %),5890,128402000,0,0,0,0.0
22/05/2008,46500,996688000,21.4(-1.83 %),46500,996688000,0,0,0,0.0
23/05/2008,10200,214200000,21(-1.87 %),10200,214200000,0,0,0,0.0
26/05/2008,3980,81988000,20.6(-1.90 %),4000,82400000,20,412000,0,0.0
27/05/2008,0,0,20.6(0.00 %),0,0,0,0,0,0.0
28/05/2008,0,0,20.6(0.00 %),0,0,0,0,0,0.0
29/05/2008,0,0,20.6(0.00 %),0,0,0,0,0,0.0
30/05/2008,-870,-17574000,20.2(-1.94 %),0,0,870,17574000,0,0.0
02/06/2008,-12000,-237600000,19.8(-1.98 %),400,7920000,12400,245520000,0,0.0
03/06/2008,740,13690000,18.5(-1.60 %),1000,18500000,260,4810000,0,0.0
04/06/2008,-3000,-54600000,18.2(-1.62 %),2000,36400000,5000,91000000,0,0.0
05/06/2008,-3000,-53700000,17.9(-1.65 %),0,0,3000,53700000,0,0.0
06/06/2008,-700,-12320000,17.6(-1.68 %),0,0,700,12320000,0,0.0
09/06/2008,8220,142728000,17.3(-1.70 %),8850,153690000,630,10962000,0,0.0
10/06/2008,2600,44980000,17.6(1.73 %),2600,44980000,0,0,0,0.0
11/06/2008,-800,-14320000,17.9(1.70 %),0,0,800,14320000,0,0.0
12/06/2008,0,0,18.2(1.68 %),0,0,0,0,0,0.0
13/06/2008,800,14800000,18.5(1.65 %),800,14800000,0,0,0,0.0
16/06/2008,-220,-4136000,18.8(1.62 %),0,0,220,4136000,0,0.0
17/06/2008,0,0,19.1(1.60 %),0,0,0,0,0,0.0
18/06/2008,23470,449730000,19.4(1.57 %),26470,507930000,3000,58200000,0,0.0
19/06/2008,9360,176904000,18.9(-2.58 %),9360,176904000,0,0,0,0.0
20/06/2008,-9920,-182268000,18.5(-2.12 %),10310,191987000,20230,374255000,0,0.0
23/06/2008,4860,92340000,19(2.70 %),4860,92340000,0,0,0,0.0
24/06/2008,0,0,19.5(2.63 %),0,0,0,0,0,0.0
25/06/2008,0,0,20(2.56 %),0,0,0,0,0,0.0
26/06/2008,35020,719612000,20.6(3.00 %),36730,754838000,1710,35226000,0,0.0
27/06/2008,4500,93900000,21.2(2.91 %),4500,93900000,0,0,0,0.0
30/06/2008,200,4360000,21.8(2.83 %),200,4360000,0,0,0,0.0
01/07/2008,0,0,22.4(2.75 %),0,0,0,0,0,0.0
02/07/2008,0,0,23(2.68 %),0,0,0,0,0,0.0
03/07/2008,0,0,23.6(2.61 %),0,0,0,0,0,0.0
04/07/2008,0,0,24.3(2.97 %),0,0,0,0,0,0.0
07/07/2008,15460,382351000,24.1(-0.82 %),15850,391750000,390,9399000,0,0.0
08/07/2008,-74900,-1752660000,24.8(2.90 %),60100,1406340000,135000,3159000000,0,0.0
09/07/2008,2800,71400000,25.5(2.82 %),2800,71400000,0,0,0,0.0
10/07/2008,-128380,-3363556000,26.2(2.75 %),60,1572000,128440,3365128000,0,0.0
11/07/2008,-211960,-5701724000,26.9(2.67 %),12200,328180000,224160,6029904000,0,0.0
14/07/2008,-11000,-303023000,27.7(2.97 %),10000,276000000,21000,579023000,0,0.0
15/07/2008,10090,287565000,28.5(2.89 %),10090,287565000,0,0,0,0.0
16/07/2008,52880,1543016000,29.3(2.81 %),52880,1543016000,0,0,0,0.0
17/07/2008,-15000,-453900000,30.1(2.73 %),10000,298600000,25000,752500000,0,0.0
18/07/2008,32800,961120000,29.3(-2.66 %),34200,1002000000,1400,40880000,0,0.0
21/07/2008,400,11400000,28.5(-2.73 %),400,11400000,0,0,0,0.0
22/07/2008,-900,-24930000,27.7(-2.81 %),100,2770000,1000,27700000,0,0.0
23/07/2008,5000,134500000,26.9(-2.89 %),5000,134500000,0,0,0,0.0
24/07/2008,-45460,-1187666000,26.1(-2.97 %),1000,26360000,46460,1214026000,0,0.0
25/07/2008,0,0,25.4(-2.68 %),0,0,0,0,0,0.0
28/07/2008,-5270,-130169000,26.1(2.76 %),3030,74841000,8300,205010000,0,0.0
29/07/2008,0,0,26.8(2.68 %),0,0,0,0,0,0.0
30/07/2008,1600,41700000,27.6(2.99 %),3000,79600000,1400,37900000,0,0.0
31/07/2008,3000,82800000,28(1.45 %),3000,82800000,0,0,0,0.0
01/08/2008,1500,42000000,28.2(0.71 %),1500,42000000,0,0,0,0.0
04/08/2008,0,0,27.4(-2.84 %),0,0,0,0,0,0.0
05/08/2008,-2520,-67032000,26.6(-2.92 %),0,0,2520,67032000,0,0.0
06/08/2008,-2200,-57589000,26.2(-1.50 %),1000,26650000,3200,84239000,0,0.0
07/08/2008,7300,195050000,25.7(-1.91 %),7300,195050000,0,0,0,0.0
08/08/2008,0,0,26.4(2.72 %),0,0,0,0,0,0.0
11/08/2008,5000,135500000,27.1(2.65 %),5000,135500000,0,0,0,0.0
12/08/2008,8610,240219000,27.9(2.95 %),8610,240219000,0,0,0,0.0
13/08/2008,-5500,-151550000,27.7(-0.72 %),2000,54800000,7500,206350000,0,0.0
14/08/2008,2970,83060000,28.5(2.89 %),3470,97160000,500,14100000,0,0.0
15/08/2008,-7500,-219750000,29.3(2.81 %),0,0,7500,219750000,0,0.0
18/08/2008,6790,204913000,30.7(4.78 %),14290,432663000,7500,227750000,0,0.0
19/08/2008,-2710,-84351000,29.2(-4.89 %),3000,92659000,5710,177010000,0,0.0
20/08/2008,-840,-23352000,27.8(-4.79 %),2000,55600000,2840,78952000,0,0.0
21/08/2008,-940,-27398000,29(4.32 %),60,1602000,1000,29000000,0,0.0
22/08/2008,300,8910000,28(-3.45 %),300,8910000,0,0,0,0.0
25/08/2008,4500,132200000,29.4(5.00 %),4500,132200000,0,0,0,0.0
26/08/2008,-520,-16016000,30.8(4.76 %),1980,60984000,2500,77000000,0,0.0
27/08/2008,-3800,-121950000,31(0.65 %),2200,70750000,6000,192700000,0,0.0
28/08/2008,1910,56345000,29.5(-4.84 %),1910,56345000,0,0,0,0.0
29/08/2008,-3000,-84900000,28.3(-4.07 %),0,0,3000,84900000,0,0.0
03/09/2008,0,0,29.7(4.95 %),0,0,0,0,0,0.0
04/09/2008,920,27324000,29.7(0.00 %),920,27324000,0,0,0,0.0
05/09/2008,1350,38340000,28.5(-4.04 %),1350,38340000,0,0,0,0.0
08/09/2008,-5000,-135500000,27.5(-3.51 %),0,0,5000,135500000,0,0.0
09/09/2008,700,19500000,27.5(0.00 %),700,19500000,0,0,0,0.0
10/09/2008,300,8100000,27(-1.82 %),300,8100000,0,0,0,0.0
11/09/2008,2020,53280000,25.7(-4.81 %),2020,53280000,0,0,0,0.0
12/09/2008,-1130,-27659000,24.5(-4.67 %),630,15561000,1760,43220000,0,0.0
15/09/2008,-1000,-24100000,25.5(4.08 %),0,0,1000,24100000,0,0.0
16/09/2008,1500,36450000,24.3(-4.71 %),1500,36450000,0,0,0,0.0
17/09/2008,-4150,-95865000,23.1(-4.94 %),1200,27720000,5350,123585000,0,0.0
18/09/2008,2090,45980000,22(-4.76 %),2090,45980000,0,0,0,0.0
19/09/2008,-11810,-272811000,23.1(5.00 %),0,0,11810,272811000,0,0.0
22/09/2008,290,7018000,24.2(4.76 %),290,7018000,0,0,0,0.0
23/09/2008,600,14800000,25(3.31 %),600,14800000,0,0,0,0.0
24/09/2008,3010,74950000,24(-4.00 %),3010,74950000,0,0,0,0.0
25/09/2008,0,0,24.6(2.50 %),0,0,0,0,0,0.0
26/09/2008,2910,74802000,24.8(0.81 %),2910,74802000,0,0,0,0.0
29/09/2008,0,0,24(-3.23 %),0,0,0,0,0,0.0
30/09/2008,-1280,-29184000,22.8(-5.00 %),0,0,1280,29184000,0,0.0
01/10/2008,-320,-7008000,23.9(4.82 %),0,0,320,7008000,0,0.0
02/10/2008,-2720,-67084000,24.7(3.35 %),0,0,2720,67084000,0,0.0
03/10/2008,-1670,-40912000,24.7(0.00 %),1120,26432000,2790,67344000,0,0.0
06/10/2008,12410,291635000,23.5(-4.86 %),15000,352500000,2590,60865000,0,0.0
07/10/2008,9350,209440000,22.4(-4.68 %),11000,246400000,1650,36960000,0,0.0
08/10/2008,-2590,-55426000,21.3(-4.91 %),0,0,2590,55426000,0,0.0
09/10/2008,-27960,-571188000,20.9(-1.88 %),0,0,27960,571188000,0,0.0
10/10/2008,-8780,-174722000,19.9(-4.78 %),980,19502000,9760,194224000,0,0.0
13/10/2008,-75620,-1436804000,19(-4.52 %),10400,197600000,86020,1634404000,0,0.0
14/10/2008,-112990,-2248501000,19.9(4.74 %),0,0,112990,2248501000,0,0.0
15/10/2008,-71480,-1424862000,20(0.50 %),3520,70048000,75000,1494910000,0,0.0
16/10/2008,-73000,-1393329000,19(-5.00 %),0,0,73000,1393329000,0,0.0
17/10/2008,580,11484000,19.8(4.21 %),1070,21186000,490,9702000,0,0.0
20/10/2008,0,0,19.9(0.51 %),500,10000000,500,10000000,0,0.0
21/10/2008,0,0,20.8(4.52 %),0,0,0,0,0,0.0
22/10/2008,4710,99392000,21.5(3.37 %),6710,139392000,2000,40000000,0,0.0
23/10/2008,0,0,20.5(-4.65 %),0,0,0,0,0,0.0
24/10/2008,500,9150000,20(-2.44 %),1500,29550000,1000,20400000,0,0.0
27/10/2008,-1590,-30210000,19(-5.00 %),0,0,1590,30210000,0,0.0
28/10/2008,-1850,-33710000,18.6(-2.11 %),0,0,1850,33710000,0,0.0
29/10/2008,-10,-195000,19.5(4.84 %),0,0,10,195000,0,0.0
30/10/2008,9510,191452000,20.4(4.62 %),9510,191452000,0,0,0,0.0
31/10/2008,15450,329948000,21.4(4.90 %),15450,329948000,0,0,0,0.0
03/11/2008,29890,634990000,21(-1.87 %),29890,634990000,0,0,0,0.0
04/11/2008,8530,185402000,22(4.76 %),8530,185402000,0,0,0,0.0
05/11/2008,0,0,23.1(5.00 %),0,0,0,0,0,0.0
06/11/2008,0,0,22(-4.76 %),0,0,0,0,0,0.0
07/11/2008,14000,293520000,20.9(-5.00 %),14000,293520000,0,0,0,0.0
10/11/2008,-380,-9584000,20.5(-1.91 %),1000,20500000,1380,30084000,0,0.0
11/11/2008,20,412000,20.8(1.46 %),20,412000,0,0,0,0.0
12/11/2008,0,0,21(0.96 %),0,0,0,0,0,0.0
13/11/2008,0,0,20.5(-2.38 %),0,0,0,0,0,0.0
14/11/2008,0,0,21(2.44 %),0,0,0,0,0,0.0
17/11/2008,0,0,20.5(-2.38 %),0,0,0,0,0,0.0
18/11/2008,0,0,20.5(0.00 %),0,0,0,0,0,0.0
19/11/2008,0,0,20.5(0.00 %),0,0,0,0,0,0.0
20/11/2008,0,0,19.6(-4.39 %),0,0,0,0,0,0.0
21/11/2008,-2780,-52542000,19.5(-0.51 %),0,0,2780,52542000,0,0.0
24/11/2008,0,0,19(-2.56 %),0,0,0,0,0,0.0
25/11/2008,0,0,19.6(3.16 %),71715,1298041500,71715,1298041500,0,0.0
26/11/2008,0,0,19.5(-0.51 %),0,0,0,0,0,0.0
27/11/2008,500,9750000,19.3(-1.03 %),500,9750000,0,0,0,0.0
28/11/2008,0,0,20(3.63 %),0,0,0,0,0,0.0
01/12/2008,500,10000000,20(0.00 %),500,10000000,0,0,0,0.0
02/12/2008,0,0,19.6(-2.00 %),0,0,0,0,0,0.0
03/12/2008,-1950,-35100000,18(-3.23 %),0,0,1950,35100000,0,0.0
04/12/2008,0,0,18.1(0.56 %),0,0,0,0,0,0.0
05/12/2008,17600,317800000,18(-0.55 %),17600,317800000,0,0,0,0.0
08/12/2008,0,0,17.2(-4.44 %),0,0,0,0,0,0.0
09/12/2008,0,0,17.9(4.07 %),0,0,0,0,0,0.0
10/12/2008,0,0,17.5(-2.23 %),0,0,0,0,0,0.0
11/12/2008,0,0,18(2.86 %),0,0,0,0,0,0.0
12/12/2008,0,0,18.5(2.78 %),0,0,0,0,0,0.0
15/12/2008,0,0,18.7(1.08 %),0,0,0,0,0,0.0
16/12/2008,0,0,17.8(-4.81 %),0,0,0,0,0,0.0
17/12/2008,-20,-346000,18.5(3.93 %),0,0,20,346000,0,0.0
18/12/2008,0,0,18.3(-1.08 %),0,0,0,0,0,0.0
19/12/2008,10,179000,18(-1.64 %),10,179000,0,0,0,0.0
22/12/2008,0,0,18(0.00 %),0,0,0,0,0,0.0
23/12/2008,10030,180340000,18(0.00 %),10030,180340000,0,0,0,0.0
24/12/2008,4840,87888000,18.2(1.11 %),4840,87888000,0,0,0,0.0
25/12/2008,100,1830000,18.3(0.55 %),100,1830000,0,0,0,0.0
26/12/2008,22000,416600000,18.2(-0.55 %),22000,416600000,0,0,0,0.0
29/12/2008,3860,72368000,18.8(3.30 %),3860,72368000,0,0,0,0.0
30/12/2008,4620,88736000,19.2(2.13 %),4620,88736000,0,0,0,0.0
31/12/2008,4580,85764000,18.8(-2.08 %),4580,85764000,0,0,0,0.0
02/01/2009,3950,75345000,19.3(2.66 %),3950,75345000,0,0,1745844,31.71
05/01/2009,3330,63369000,19(-1.55 %),3330,63369000,0,0,1742514,31.75
06/01/2009,0,0,19(0.00 %),0,0,0,0,1742514,31.75
07/01/2009,-2000,-39000000,19.2(1.05 %),0,0,2000,39000000,1744514,31.73
08/01/2009,0,0,19.1(-0.52 %),0,0,0,0,1744514,31.73
09/01/2009,0,0,18.5(-3.14 %),0,0,0,0,1744514,31.73
12/01/2009,0,0,18.6(0.54 %),0,0,0,0,1744514,31.73
13/01/2009,0,0,18.9(1.61 %),0,0,0,0,1744514,31.73
14/01/2009,0,0,18.5(-2.12 %),0,0,0,0,1744514,31.73
15/01/2009,0,0,18.3(-1.08 %),0,0,0,0,1744514,31.73
16/01/2009,300,5340000,18.2(-0.55 %),300,5340000,0,0,1744214,31.73
19/01/2009,1000,18200000,18.2(0.00 %),1000,18200000,0,0,1743214,31.74
20/01/2009,4970,86081000,17.3(-4.95 %),4970,86081000,0,0,1738244,31.79
21/01/2009,0,0,17.4(0.58 %),0,0,0,0,1738244,31.79
22/01/2009,0,0,17.7(1.72 %),0,0,0,0,1738244,31.79
23/01/2009,500,9000000,18(1.69 %),500,9000000,0,0,1737744,31.79
02/02/2009,0,0,18(0.00 %),0,0,0,0,1737744,31.79
03/02/2009,0,0,17.5(-2.78 %),0,0,0,0,1737744,31.79
04/02/2009,1060,18658000,17.8(1.71 %),1060,18658000,0,0,1736684,31.8
05/02/2009,70,1253000,17.2(-3.37 %),70,1253000,0,0,1736614,31.81
06/02/2009,0,0,17.7(2.91 %),0,0,0,0,1736614,31.81
09/02/2009,-2000,-35400000,17.9(1.13 %),0,0,2000,35400000,1738614,31.79
10/02/2009,3000,53300000,17.7(-1.12 %),3000,53300000,0,0,1735614,31.82
11/02/2009,1000,17200000,17.2(-2.82 %),1000,17200000,0,0,1734614,31.83
12/02/2009,0,0,17.3(0.58 %),0,0,0,0,1734614,31.83
13/02/2009,3640,63700000,17.5(1.16 %),3640,63700000,0,0,1730974,31.86
16/02/2009,0,0,17.4(-0.57 %),0,0,0,0,1730974,31.86
17/02/2009,2600,44200000,17(-2.30 %),2600,44200000,0,0,1728374,31.89
18/02/2009,8500,144200000,17(0.00 %),8500,144200000,0,0,1719874,31.97
19/02/2009,0,0,16.9(-0.59 %),0,0,0,0,1719874,31.97
20/02/2009,0,0,16.5(-2.37 %),0,0,0,0,1719874,31.97
23/02/2009,-440,-6909000,15.8(-4.24 %),5000,78500000,5440,85409000,1720314,31.97
24/02/2009,5000,75500000,15.1(-4.43 %),5000,75500000,0,0,1715314,32.02
25/02/2009,5500,86050000,15.8(4.64 %),5500,86050000,0,0,1709814,32.07
26/02/2009,1700,26860000,16.1(1.90 %),1700,26860000,0,0,1708114,32.09
27/02/2009,17300,290083000,16.6(3.11 %),20000,333843000,2700,43760000,1690814,32.26
02/03/2009,0,0,16.6(0.00 %),0,0,0,0,1690814,32.26
03/03/2009,0,0,16.2(-2.41 %),0,0,0,0,1690814,32.26
04/03/2009,5000,81500000,16.5(1.85 %),5000,81500000,0,0,1685814,32.31
05/03/2009,0,0,16.9(2.42 %),0,0,0,0,1685814,32.31
06/03/2009,0,0,16.7(-1.18 %),0,0,0,0,1685814,32.31
09/03/2009,0,0,16.8(0.60 %),0,0,0,0,1685814,32.31
10/03/2009,0,0,17.2(2.38 %),0,0,0,0,1685814,32.31
11/03/2009,3000,52500000,17.5(1.74 %),3000,52500000,0,0,1682814,32.34
12/03/2009,0,0,17.1(-2.29 %),0,0,0,0,1682814,32.34
13/03/2009,620,10912000,17.4(1.75 %),620,10912000,0,0,1682194,32.34
16/03/2009,200,3480000,17.5(0.57 %),200,3480000,0,0,1681994,32.35
17/03/2009,50,895000,17.6(0.57 %),50,895000,0,0,1681944,32.35
18/03/2009,19500,355950000,18.4(4.55 %),19500,355950000,0,0,1662444,32.54
19/03/2009,4530,81792000,18.1(-1.63 %),5900,107000000,1370,25208000,1657914,32.58
20/03/2009,0,0,18(-0.55 %),0,0,0,0,1657914,32.58
23/03/2009,2700,48570000,17.5(-2.78 %),2700,48570000,0,0,1655214,32.61
24/03/2009,10000,181665000,18.3(4.57 %),10000,181665000,0,0,1645214,32.71
25/03/2009,1050,18690000,18.3(0.00 %),1050,18690000,0,0,1644164,32.72
26/03/2009,5780,105574000,18.5(1.09 %),5780,105574000,0,0,1638384,32.78
27/03/2009,7950,145675000,18.3(-1.08 %),10950,200575000,3000,54900000,1630434,32.86
30/03/2009,500,8800000,17.9(-2.19 %),500,8800000,0,0,1629934,32.86
31/03/2009,9700,168340000,17.5(-2.23 %),9700,168340000,0,0,1620234,32.96
01/04/2009,2000,35600000,18.1(3.43 %),2000,35600000,0,0,1618234,32.98
02/04/2009,0,0,18.6(2.76 %),3000,54600000,3000,54600000,1618234,32.98
03/04/2009,100,1950000,19.5(4.84 %),100,1950000,0,0,1618134,32.98
07/04/2009,12000,236400000,20.4(4.62 %),12000,236400000,0,0,1606134,33.1
08/04/2009,7500,150000000,19.6(-3.92 %),7500,150000000,0,0,1598634,33.17
09/04/2009,10,198000,19.6(0.00 %),10,198000,0,0,1598624,33.17
10/04/2009,9800,200900000,20.5(4.59 %),9800,200900000,0,0,1588824,33.27
13/04/2009,0,0,21.5(4.88 %),0,0,0,0,1588824,33.27
14/04/2009,11890,266635000,22.5(4.65 %),14390,322885000,2500,56250000,1576934,33.39
15/04/2009,8000,179100000,21.4(-4.89 %),8000,179100000,0,0,1568934,33.47
16/04/2009,24900,527150000,21.5(0.47 %),25900,548550000,1000,21400000,1544034,33.71
17/04/2009,10110,207276000,20.6(-4.19 %),10110,207276000,0,0,1533924,33.81
20/04/2009,43030,843408000,19.6(-4.85 %),43030,843408000,0,0,1490894,34.24
21/04/2009,10010,187196000,18.9(-3.57 %),10010,187196000,0,0,1480884,34.34
22/04/2009,140,2682000,19.8(4.76 %),300,5850000,160,3168000,1480744,34.34
23/04/2009,10,204000,20.2(2.02 %),10,204000,0,0,1480734,34.34
24/04/2009,-3750,-74449000,19.7(-2.48 %),1500,29400000,5250,103849000,1484484,34.3
27/04/2009,9900,193740000,19.4(-1.52 %),9900,193740000,0,0,1474584,34.4
28/04/2009,-450,-8546000,19.4(0.00 %),10,194000,460,8740000,1475034,34.4
29/04/2009,0,0,19.7(1.55 %),0,0,0,0,1475034,34.4
04/05/2009,-15160,-312296000,20.6(4.57 %),1000,20600000,16160,332896000,1490194,34.25
05/05/2009,15250,329400000,21.6(4.85 %),15250,329400000,0,0,1474944,34.4
06/05/2009,25100,534110000,21.1(-2.31 %),25100,534110000,0,0,1449844,34.64
07/05/2009,52040,1150143000,22.1(4.74 %),68710,1518133000,16670,367990000,1397804,35.16
08/05/2009,1510,32021000,21.5(-2.71 %),1510,32021000,0,0,1396294,35.17
11/05/2009,-15990,-340605000,21(-2.33 %),0,0,15990,340605000,1412284,35.02
12/05/2009,0,0,21.5(2.38 %),0,0,0,0,1412284,35.02
13/05/2009,-7970,-174748000,21.6(0.47 %),0,0,7970,174748000,1420254,34.94
14/05/2009,-3340,-71280000,21.8(0.93 %),0,0,3340,71280000,1423594,34.9
15/05/2009,-900,-19620000,21.8(0.00 %),0,0,900,19620000,1424494,34.9
18/05/2009,-2500,-53650000,22(0.92 %),0,0,2500,53650000,1426994,34.87
19/05/2009,0,0,23.1(5.00 %),0,0,0,0,1426994,34.87
20/05/2009,-170,-4114000,24.2(4.76 %),0,0,170,4114000,1427164,34.87
21/05/2009,-28230,-703576000,24.2(0.00 %),0,0,28230,703576000,1455394,34.59
22/05/2009,45900,1100100000,23.5(-2.89 %),45900,1100100000,0,0,1409494,35.04
25/05/2009,-800,-19283000,24.6(4.68 %),0,0,800,19283000,1410294,35.04
26/05/2009,-4000,-100150000,25.4(3.25 %),0,0,4000,100150000,1414294,35.0
27/05/2009,-500,-13650000,24.6(-3.15 %),2000,48600000,2500,62250000,1414794,34.99
28/05/2009,41830,1003170000,24(-2.44 %),161823,3953954000,119993,2950784000,1372964,35.41
29/05/2009,-740,-18352000,24.6(2.50 %),0,0,740,18352000,1373704,35.4
01/06/2009,0,0,25.8(4.88 %),0,0,0,0,1373704,35.4
02/06/2009,500,13500000,27(4.65 %),500,13500000,0,0,1373204,35.4
03/06/2009,-960,-27180000,28.3(4.81 %),40,1120000,1000,28300000,1374164,35.39
04/06/2009,0,0,29.7(4.95 %),0,0,0,0,1374164,35.39
05/06/2009,4790,148969000,31.1(4.71 %),4790,148969000,0,0,1369374,35.44
08/06/2009,31200,1017120000,32.6(4.82 %),31200,1017120000,0,0,1338174,35.75
09/06/2009,2250,72000000,31.1(-4.60 %),6000,192000000,3750,120000000,1335924,35.77
10/06/2009,4720,139712000,29.6(-4.82 %),5000,148000000,280,8288000,1331204,35.82
11/06/2009,23340,709632000,31(4.73 %),26460,805316000,3120,95684000,1307864,36.05
12/06/2009,0,0,31(0.00 %),0,0,0,0,1307864,36.05
15/06/2009,23740,707452000,29.5(-4.84 %),23740,707452000,0,0,1284124,36.29
16/06/2009,70,1967000,28.1(-4.75 %),70,1967000,0,0,1284054,36.29
17/06/2009,16030,428277000,27.9(-0.71 %),16030,428277000,0,0,1268024,36.44
18/06/2009,1650,47885000,28.9(3.58 %),1650,47885000,0,0,1266374,36.46
19/06/2009,0,0,28(-3.11 %),0,0,0,0,1266374,36.46
22/06/2009,-1500,-40500000,29(3.57 %),0,0,1500,40500000,1267874,36.45
23/06/2009,24990,689724000,27.6(-4.83 %),50000,1380000000,25010,690276000,1242884,36.69
24/06/2009,-12820,-370498000,28.9(4.71 %),0,0,12820,370498000,1255704,36.57
25/06/2009,-17640,-475718000,27.5(-4.84 %),34000,947600000,51640,1423318000,1273344,36.39
26/06/2009,7970,223108000,28(1.82 %),9280,259788000,1310,36680000,1265374,36.47
29/06/2009,-3000,-84000000,27(-3.57 %),0,0,3000,84000000,1268374,36.44
30/06/2009,-150,-4200000,26.2(-2.96 %),0,0,150,4200000,1268524,36.44
01/07/2009,19720,491028000,24.9(-4.96 %),19720,491028000,0,0,1248804,36.64
02/07/2009,0,0,25.9(4.02 %),0,0,0,0,1248804,36.64
03/07/2009,300,7800000,25.8(-0.39 %),300,7800000,0,0,1248504,36.64
06/07/2009,20,536000,27(4.65 %),20,536000,0,0,1248264,36.64
07/07/2009,200,5320000,27(0.00 %),200,5320000,0,0,1248284,36.64
08/07/2009,-10600,-289600000,27.4(1.48 %),900,23400000,11500,313000000,1258884,36.54
09/07/2009,-20000,-548500000,27.3(-0.36 %),0,0,20000,548500000,1278884,36.34
10/07/2009,0,0,27.2(-0.37 %),0,0,0,0,1278884,36.34
13/07/2009,0,0,25.9(-4.78 %),0,0,0,0,1278884,36.34
14/07/2009,-3820,-97902000,26(0.39 %),0,0,3820,97902000,1282704,36.3
15/07/2009,0,0,26(0.00 %),0,0,0,0,1282704,36.3
16/07/2009,-6000,-157200000,26.8(3.08 %),0,0,6000,157200000,1288704,36.24
17/07/2009,10,270000,27(0.75 %),10,270000,0,0,1288694,36.24
20/07/2009,0,0,25.8(-4.44 %),0,0,0,0,1288694,36.24
21/07/2009,10,255000,26(0.78 %),10,255000,0,0,1288684,36.24
22/07/2009,0,0,26.3(1.15 %),0,0,0,0,1288684,36.24
23/07/2009,10,260000,26.3(0.00 %),10,260000,0,0,1288674,36.24
24/07/2009,0,0,27.6(4.94 %),0,0,0,0,1288674,36.24
27/07/2009,0,0,28.9(4.71 %),0,0,0,0,1288674,36.24
28/07/2009,-23300,-705900000,29.1(0.69 %),2000,60600000,25300,766500000,1311974,36.01
29/07/2009,40,1196000,29.6(1.72 %),40,1196000,0,0,1311934,36.01
30/07/2009,-7700,-223595000,29(-2.03 %),29300,855560000,37000,1079155000,1319634,35.93
31/07/2009,-8800,-259248000,29.1(0.34 %),0,0,8800,259248000,1328434,35.85
03/08/2009,31500,913500000,29.4(1.03 %),31500,913500000,0,0,1296934,36.16
04/08/2009,0,0,30(2.04 %),0,0,0,0,1296934,36.16
05/08/2009,1080,32280000,29.9(-0.33 %),1230,36720000,150,4440000,1295854,36.17
06/08/2009,1010,30299000,29.9(0.00 %),1010,30299000,0,0,1294844,36.18
07/08/2009,1600,48800000,30.4(1.67 %),1600,48800000,0,0,1293244,36.2
10/08/2009,-18360,-578981000,31.6(3.95 %),27440,862184000,45800,1441165000,1311604,36.01
11/08/2009,-15620,-493550000,32.3(2.22 %),60940,1937886000,76560,2431436000,1327224,35.86
12/08/2009,-15680,-521228000,33(2.17 %),3620,119460000,19300,640688000,1342904,35.7
13/08/2009,-610,-20260000,34(3.03 %),0,0,610,20260000,1343514,35.7
14/08/2009,-30010,-992193000,33(-2.94 %),500,17000000,30510,1009193000,1373524,35.4
17/08/2009,6240,206806000,32.4(-1.82 %),6240,206806000,0,0,1367284,35.46
18/08/2009,-87350,-2709891000,33(1.85 %),0,0,87350,2709891000,1454634,34.6
19/08/2009,0,0,33.2(0.61 %),0,0,0,0,1454634,34.6
20/08/2009,-20940,-693526000,33.8(4.97 %),0,0,20940,693526000,1475574,34.39
21/08/2009,-12000,-424000000,35.4(4.73 %),0,0,12000,424000000,1487574,34.27
24/08/2009,200,7000000,35.2(-0.56 %),600,21120000,400,14120000,1487374,34.27
25/08/2009,-15000,-523600000,35.2(0.00 %),0,0,15000,523600000,1504164,34.11
26/08/2009,13210,461750000,35(-0.57 %),13210,461750000,0,0,1489164,34.26
27/08/2009,4470,155021000,35(0.00 %),4470,155021000,0,0,1484694,34.3
28/08/2009,5630,198246000,35.2(0.57 %),5640,198600000,10,354000,1479064,34.36
31/08/2009,-3420,-121410000,35.2(0.00 %),0,0,3420,121410000,1482484,34.32
01/09/2009,-1970,-69344000,35.4(0.57 %),0,0,1970,69344000,1484454,34.3
03/09/2009,0,0,35.2(-0.56 %),0,0,0,0,1484454,34.3
04/09/2009,-13660,-478021000,34.1(-3.12 %),2420,85210000,16080,563231000,1498114,34.17
07/09/2009,-3000,-100000000,32.5(-4.69 %),0,0,3000,100000000,1501114,34.14
08/09/2009,-25560,-855634000,33.6(3.38 %),0,0,25560,855634000,1526674,33.88
09/09/2009,0,0,33.5(-0.30 %),0,0,0,0,1526674,33.88
10/09/2009,-1400,-46640000,33.6(0.30 %),100,3310000,1500,49950000,1528074,33.87
11/09/2009,0,0,35.2(4.76 %),0,0,0,0,1528074,33.87
14/09/2009,-100,-3690000,36.9(4.83 %),0,0,100,3690000,1528174,33.87
15/09/2009,-500,-18450000,36.9(0.00 %),0,0,500,18450000,1528674,33.86
16/09/2009,2100,75850000,36.5(-1.08 %),2100,75850000,0,0,1526574,33.88
17/09/2009,-9010,-322558000,36(-1.37 %),0,0,9010,322558000,1535584,33.8
18/09/2009,0,0,36.5(1.39 %),0,0,0,0,1535584,33.8
21/09/2009,500,18250000,36.5(0.00 %),500,18250000,0,0,1535084,33.8
22/09/2009,300,10740000,35.7(-2.19 %),300,10740000,0,0,1534784,33.8
23/09/2009,0,0,37.4(4.76 %),0,0,0,0,1534784,33.8
24/09/2009,-39780,-1559376000,39.2(4.81 %),1000,39200000,40780,1598576000,1574564,33.41
25/09/2009,0,0,41.1(4.85 %),0,0,0,0,1574564,38.59
28/09/2009,1000,17400000,43.1(4.87 %),1000,17400000,0,0,1598564,38.43
29/09/2009,-3440,-155488000,45.2(4.87 %),0,0,3440,155488000,1603004,33.13
30/09/2009,-116600,-5526840000,47.4(4.87 %),8500,402900000,125100,5929740000,1719604,31.97
01/10/2009,-19990,-929730000,46.5(-1.90 %),1010,47470000,21000,977200000,1739594,31.78
02/10/2009,-11700,-521350000,47(1.08 %),300,14100000,12000,535450000,1751294,31.66
05/10/2009,-900,-44927000,48.5(3.19 %),10000,470000000,10900,514927000,1752194,31.65
06/10/2009,20190,974405000,48.5(0.00 %),20200,974900000,10,495000,1732004,31.85
07/10/2009,10080,490640000,48.7(0.41 %),10380,505430000,300,14790000,1721924,31.95
08/10/2009,-210,-10143000,48.2(-1.03 %),0,0,210,10143000,1722134,31.95
09/10/2009,-4500,-227250000,50.5(4.77 %),0,0,4500,227250000,1726634,31.9
12/10/2009,-6030,-319590000,53(4.95 %),0,0,6030,319590000,1732664,31.84
13/10/2009,41120,2272875000,55.5(4.72 %),51220,2833425000,10100,560550000,1691544,32.25
14/10/2009,50,2900000,57(2.70 %),250,14000000,200,11100000,1691494,32.25
15/10/2009,550,31125000,57(0.00 %),1550,89125000,1000,58000000,1690944,32.26
16/10/2009,10590,582450000,54.5(-4.39 %),10590,582450000,0,0,1585964,33.3
19/10/2009,5470,294440000,52.5(-3.67 %),5470,294440000,0,0,1674884,32.42
20/10/2009,17520,961990000,54.5(3.81 %),18020,989490000,500,27500000,1657364,32.59
21/10/2009,18700,1015130000,54.5(0.00 %),18700,1015130000,0,0,1638664,32.78
22/10/2009,12000,655000000,55(0.92 %),12000,655000000,0,0,1626664,32.89
23/10/2009,13310,727875000,52.5(-4.55 %),15400,839100000,2090,111225000,1613354,33.03
26/10/2009,16800,870100000,49.9(-4.95 %),17200,891100000,400,21000000,1596554,33.19
27/10/2009,11000,550000000,48.5(-2.81 %),11000,550000000,0,0,1585554,33.3
28/10/2009,-27560,-1391635000,50.5(4.12 %),16510,823900000,44070,2215535000,1613114,33.03
29/10/2009,6830,342060000,49(-2.97 %),8190,410000000,1360,67940000,1606284,33.1
30/10/2009,-17730,-880365000,49.5(1.02 %),3000,151500000,20730,1031865000,1624014,32.92
02/11/2009,16140,760194000,47.1(-4.85 %),16140,760194000,0,0,1607874,33.08
03/11/2009,4910,219550000,44.9(-4.67 %),18910,858750000,14000,639200000,1602964,33.13
04/11/2009,0,0,45(0.22 %),0,0,0,0,1602964,33.13
05/11/2009,-9870,-463890000,47(4.44 %),0,0,9870,463890000,1612834,33.03
06/11/2009,-9470,-441791000,46.3(-1.49 %),530,24827000,10000,466618000,1622304,32.94
09/11/2009,-3400,-152080000,44(-4.97 %),500,22250000,3900,174330000,1625704,32.9
10/11/2009,18460,776488000,41.8(-5.00 %),21000,885400000,2540,108912000,1607244,33.09
11/11/2009,0,0,42.9(2.63 %),0,0,0,0,1607244,33.09
12/11/2009,0,0,44.8(4.43 %),0,0,0,0,1607244,33.09
13/11/2009,19100,854519000,45.2(0.89 %),22670,1014238000,3570,159719000,1588144,33.28
16/11/2009,-3830,-174692000,45.4(0.44 %),0,0,3830,174692000,1591974,33.24
17/11/2009,9800,440843000,45.1(-0.66 %),10300,463500000,500,22657000,1582174,33.33
18/11/2009,4700,211503000,47.3(4.88 %),4700,211503000,0,0,1577474,33.38
19/11/2009,-2540,-122836000,49.6(4.86 %),0,0,2540,122836000,1580014,33.36
20/11/2009,0,0,48(-3.23 %),0,0,0,0,1580014,33.36
23/11/2009,0,0,45.6(-5.00 %),0,0,0,0,1580014,33.36
24/11/2009,10810,484970000,44.1(-3.29 %),10810,484970000,0,0,1569204,33.46
25/11/2009,300,13050000,41.9(-4.99 %),300,13050000,0,0,1568904,33.47
26/11/2009,370,14830000,39.9(-4.77 %),370,14830000,0,0,1568534,33.47
27/11/2009,12000,493880000,41.8(4.76 %),13000,531880000,1000,38000000,1556534,33.59
30/11/2009,-500,-21500000,43.7(4.55 %),0,0,500,21500000,1557034,33.58
01/12/2009,620,27900000,44.8(2.52 %),620,27900000,0,0,1556414,33.59
02/12/2009,-3230,-139608000,42.6(-4.91 %),0,0,3230,139608000,1559644,33.56
03/12/2009,-2760,-117435000,42.9(0.70 %),470,20485000,3230,137920000,1562404,33.53
04/12/2009,0,0,43.2(0.70 %),0,0,0,0,1562404,33.53
07/12/2009,0,0,42.1(-2.55 %),0,0,0,0,1562404,33.53
08/12/2009,1490,62616000,42(-0.24 %),1490,62616000,0,0,1560914,33.54
09/12/2009,350,14035000,39.9(-5.00 %),350,14035000,0,0,1560564,33.55
10/12/2009,1000,38000000,38(-4.76 %),1000,38000000,0,0,1559564,33.56
11/12/2009,7500,272450000,36.1(-5.00 %),7500,272450000,0,0,1552064,33.63
14/12/2009,-10,998000,37.5(3.88 %),1000,36550000,1010,35552000,1552074,33.63
15/12/2009,24270,913575000,37.5(0.00 %),24270,913575000,0,0,1527804,33.87
16/12/2009,5000,180800000,35.7(-4.80 %),6000,216800000,1000,36000000,1522804,33.92
17/12/2009,2600,88200000,34(-4.76 %),3100,105400000,500,17200000,1520204,33.95
18/12/2009,0,0,35.7(5.00 %),0,0,0,0,1520204,33.95
21/12/2009,4400,159200000,37.4(4.76 %),4400,159200000,0,0,1515804,33.99
22/12/2009,15400,587120000,38.3(2.41 %),15400,587120000,0,0,1500404,34.14
23/12/2009,3400,129960000,38.4(0.26 %),3900,149210000,500,19250000,1497004,34.18
24/12/2009,3000,116800000,39(1.56 %),3000,116800000,0,0,1494004,34.21
25/12/2009,-4000,-160000000,40.9(4.87 %),0,0,4000,160000000,1498004,34.17
28/12/2009,15000,617870000,41.9(2.44 %),15000,617870000,0,0,1483004,34.32
29/12/2009,11100,461010000,42.3(0.95 %),11100,461010000,0,0,1471904,34.43
30/12/2009,16370,712012000,44(4.02 %),16370,712012000,0,0,1455534,34.59
31/12/2009,6750,311953000,44(0.00 %),16750,751953000,10000,440000000,1448784,34.66
04/01/2010,0,0,46.2(5.00 %),0,0,0,0,1448784,34.66
05/01/2010,730,35332000,46.6(0.87 %),730,35332000,0,0,1448054,34.66
06/01/2010,-700,-31780000,47(0.86 %),100,4700000,800,36480000,1448754,34.66
07/01/2010,1500,68800000,47(0.00 %),10000,470000000,8500,401200000,1447254,34.67
08/01/2010,2470,119662000,45.9(-2.34 %),2670,129262000,200,9600000,1444784,34.69
11/01/2010,-400,-18620000,46.3(0.87 %),100,4630000,500,23250000,1445184,34.69
12/01/2010,0,0,45(-2.81 %),0,0,0,0,1445184,34.69
13/01/2010,130,5850000,45(0.00 %),130,5850000,0,0,1445054,34.69
14/01/2010,16420,738920000,46(2.22 %),16420,738920000,0,0,1428634,34.85
15/01/2010,-800,-35520000,43.9(-4.57 %),0,0,800,35520000,1429434,34.85
18/01/2010,50,2190000,41.8(-4.78 %),50,2190000,0,0,1429384,34.85
19/01/2010,-450,-18880000,42.5(1.67 %),30,1280000,480,20160000,1429834,34.84
20/01/2010,20,858000,42.4(-0.24 %),20,858000,0,0,1429814,34.84
21/01/2010,20,831000,40.6(-4.25 %),20,831000,0,0,1429794,34.84
22/01/2010,560,21850000,40(-1.48 %),560,21850000,0,0,1429234,34.85
25/01/2010,-10000,-400705000,41(2.50 %),0,0,10000,400705000,1439234,34.75
26/01/2010,-60180,-2526864000,42.9(4.63 %),0,0,60180,2526864000,1499414,34.15
27/01/2010,0,0,42.5(-0.93 %),0,0,0,0,1499414,34.15
28/01/2010,1000,42000000,42.6(0.24 %),1000,42000000,0,0,1498414,34.16
29/01/2010,0,0,42.5(-0.23 %),0,0,0,0,1498414,34.16
01/02/2010,-4000,-168000000,42(-1.18 %),0,0,4000,168000000,1502414,34.12
02/02/2010,-13170,-535477000,41.5(-1.19 %),19900,827750000,33070,1363227000,1515584,33.99
03/02/2010,-19460,-807035000,42(1.20 %),5990,249859000,25450,1056894000,1535044,33.8
04/02/2010,-39920,-1661452000,41.4(-1.43 %),1030,42753000,40950,1704205000,1574964,33.41
05/02/2010,-23250,-938269000,40.5(-2.17 %),3300,133040000,26550,1071309000,1598214,33.18
08/02/2010,290,11545000,39.6(-2.22 %),300,11941000,10,396000,1597924,33.18
09/02/2010,-9990,-388807000,38.9(-1.77 %),10,393000,10000,389200000,1607914,33.08
10/02/2010,-10000,-389450000,38.9(0.00 %),0,0,10000,389450000,1617914,32.98
11/02/2010,-2660,-105390000,40.2(3.34 %),90,3510000,2750,108900000,1620574,32.95
12/02/2010,-1000,-40200000,40.3(0.25 %),0,0,1000,40200000,1621574,32.94
22/02/2010,13140,545710000,41.1(1.99 %),15000,622500000,1860,76790000,1608434,33.07
23/02/2010,20300,812900000,40(-2.68 %),20300,812900000,0,0,1588134,33.28
24/02/2010,13200,529200000,40.2(0.50 %),13660,547600000,460,18400000,1574934,33.41
25/02/2010,5130,207765000,40.5(0.75 %),5130,207765000,0,0,1569804,33.46
26/02/2010,2870,116235000,41.4(2.22 %),2870,116235000,0,0,1569506,33.49
01/03/2010,-9650,-399510000,41.4(0.00 %),0,0,9650,399510000,1579156,33.36
02/03/2010,4030,168740000,42.3(2.17 %),28000,1173400000,23970,1004660000,1575126,33.4
03/03/2010,3500,148450000,44(4.02 %),7500,320850000,4000,172400000,1571626,33.44
04/03/2010,800,35380000,44.5(1.14 %),1800,79880000,1000,44500000,1570826,33.45
05/03/2010,-3310,-143530000,43.2(-2.92 %),0,0,3310,143530000,1574136,33.41
08/03/2010,-2340,-106002000,45.3(4.86 %),0,0,2340,106002000,1576476,33.39
09/03/2010,0,0,46.3(2.21 %),0,0,0,0,1576476,33.39
10/03/2010,37600,1808640000,48.4(4.54 %),40000,1922870000,2400,114230000,1538876,33.76
11/03/2010,10000,489600000,49.6(2.48 %),10000,489600000,0,0,1528876,33.86
12/03/2010,-3000,-148800000,48.8(-1.61 %),0,0,3000,148800000,1531876,33.83
15/03/2010,3000,146400000,48.7(-0.20 %),3000,146400000,0,0,1528876,33.86
16/03/2010,0,0,47.9(-1.64 %),0,0,0,0,1528876,33.86
17/03/2010,200,9600000,48(0.21 %),200,9600000,0,0,1528676,33.86
18/03/2010,21800,1069740000,50(4.17 %),35000,1703520000,13200,633780000,1506876,34.08
19/03/2010,50450,2624575000,52(4.00 %),65000,3382500000,14550,757925000,1456426,34.58
22/03/2010,0,0,49.4(-5.00 %),0,0,0,0,1456426,34.58
23/03/2010,-16940,-817291000,48.3(-2.23 %),0,0,16940,817291000,1473366,34.41
24/03/2010,0,0,48.8(1.04 %),0,0,0,0,1473366,34.41
25/03/2010,34500,1700990000,49(0.41 %),34500,1700990000,0,0,1438866,34.75
26/03/2010,2500,121950000,49(0.00 %),2500,121950000,0,0,1436366,34.78
29/03/2010,-5600,-272160000,48.6(-0.82 %),0,0,5600,272160000,1441966,34.72
30/03/2010,0,0,47(-3.29 %),0,0,0,0,1441966,34.72
31/03/2010,6060,284876000,47(0.00 %),6060,284876000,0,0,1435906,34.78
01/04/2010,20,960000,48(2.13 %),20,960000,0,0,1435886,34.78
02/04/2010,4020,194467000,48(0.00 %),4020,194467000,0,0,1431866,34.82
05/04/2010,1300,62140000,47.8(-0.42 %),1300,62140000,0,0,1430566,34.84
06/04/2010,-1600,-79980000,49(2.51 %),900,43020000,2500,123000000,1432166,34.82
07/04/2010,650,31980000,50.5(3.06 %),650,31980000,0,0,1431516,34.83
08/04/2010,-13030,-651995000,50.5(0.00 %),660,32945000,13690,684940000,1444546,34.7
09/04/2010,-600,-30900000,50.5(0.00 %),0,0,600,30900000,1445146,34.69
12/04/2010,0,0,49.8(-1.39 %),0,0,0,0,1445146,34.69
13/04/2010,20,996000,49.6(-0.40 %),20,996000,0,0,1445126,34.69
14/04/2010,-1680,-82320000,48.4(-2.42 %),0,0,1680,82320000,1446806,34.67
15/04/2010,0,0,49.6(2.48 %),0,0,0,0,1446806,34.67
16/04/2010,-1650,-82495000,50(0.81 %),390,19505000,2040,102000000,1448456,34.66
19/04/2010,-3300,-164500000,50(0.00 %),1000,50000000,4300,214500000,1451756,34.63
20/04/2010,-1900,-94750000,49.5(-1.00 %),500,25250000,2400,120000000,1453656,34.61
21/04/2010,-21890,-1124450000,51.5(4.04 %),0,0,21890,1124450000,1475546,34.39
22/04/2010,-5000,-260000000,52(0.97 %),0,0,5000,260000000,1480546,34.34
26/04/2010,-29640,-1532780000,52(0.00 %),0,0,29640,1532780000,1510186,34.05
27/04/2010,800,39590000,52(0.00 %),1340,67670000,540,28080000,1509386,34.06
28/04/2010,0,0,50(-3.85 %),0,0,0,0,1509386,34.06
29/04/2010,-2100,-107650000,52.5(5.00 %),0,0,2100,107650000,1511486,34.03
04/05/2010,-1190,-63580000,53.5(1.90 %),20,1060000,1210,64640000,1512676,34.02
05/05/2010,-1520,-80800000,53.5(0.00 %),20,1050000,1540,81850000,1514196,34.01
06/05/2010,-2040,-108905000,53(-0.93 %),0,0,2040,108905000,1516236,33.99
07/05/2010,180,9180000,51.5(-2.83 %),680,34680000,500,25500000,1516056,33.99
10/05/2010,-8760,-438580000,49.8(-3.30 %),0,0,8760,438580000,1524816,33.9
11/05/2010,510,25498000,50(0.40 %),510,25498000,0,0,1524306,33.91
12/05/2010,-1210,-58502000,47.8(-4.40 %),0,0,1210,58502000,1525516,33.9
13/05/2010,150,7155000,47.7(-0.21 %),150,7155000,0,0,1525366,33.9
14/05/2010,0,0,47.8(0.21 %),0,0,0,0,1525366,33.9
17/05/2010,1010,47958000,47.7(-0.21 %),2000,95200000,990,47242000,1524356,33.91
18/05/2010,10640,514596000,48.5(1.68 %),10640,514596000,0,0,1513716,34.01
19/05/2010,65920,3121905000,47(-3.09 %),65920,3121905000,0,0,1447796,34.66
20/05/2010,50,2370000,48(2.13 %),50,2370000,0,0,1447746,34.67
21/05/2010,80800,3807901000,45.6(-5.00 %),100010,4697663000,19210,889762000,1366946,35.47
24/05/2010,12780,582723000,45.9(0.66 %),12780,582723000,0,0,1354166,35.59
25/05/2010,11500,520707000,45.3(-1.31 %),50220,2276543000,38720,1755836000,1342666,35.71
26/05/2010,20020,906929000,46.1(1.77 %),20020,906929000,0,0,1322646,35.9
27/05/2010,-2180,-100397000,47(1.95 %),20,921000,2200,101318000,1324826,35.88
28/05/2010,0,0,48(2.13 %),0,0,0,0,1324826,35.88
31/05/2010,-1620,-76620000,47.4(-1.25 %),1000,47000000,2620,123620000,1326446,35.87
01/06/2010,60,2834000,47.4(0.00 %),60,2834000,0,0,1326386,35.87
02/06/2010,0,0,46.5(-1.90 %),0,0,0,0,1326386,35.87
03/06/2010,-1760,-81840000,46.5(0.00 %),0,0,1760,81840000,1328146,35.85
04/06/2010,520,24190000,46.5(0.00 %),520,24190000,0,0,1327626,35.85
07/06/2010,500,22550000,45.6(-1.94 %),500,22550000,0,0,1327126,35.86
08/06/2010,0,0,45.3(-0.66 %),0,0,0,0,1327126,35.86
09/06/2010,0,0,46(1.55 %),0,0,0,0,1327126,35.86
10/06/2010,0,0,43.9(-4.57 %),0,0,0,0,1327126,35.86
11/06/2010,0,0,45.9(4.56 %),0,0,0,0,1327126,35.86
14/06/2010,1100,50100000,45.8(-0.22 %),1100,50100000,0,0,1326026,35.87
15/06/2010,-1430,-65008000,47(2.62 %),0,0,1430,65008000,1327456,35.86
16/06/2010,18190,854930000,47(0.00 %),18190,854930000,0,0,1309266,36.04
17/06/2010,260,12220000,47.1(0.21 %),260,12220000,0,0,1309006,36.04
18/06/2010,520,24440000,46.7(-0.85 %),1000,47000000,480,22560000,1306126,36.07
21/06/2010,1830,85282000,46.6(-0.21 %),1830,85282000,0,0,1306656,36.06
22/06/2010,10,470000,46.3(-0.64 %),10,470000,0,0,1306646,36.06
23/06/2010,50,2320000,46.3(0.00 %),50,2320000,0,0,1306596,36.06
24/06/2010,0,0,48.6(4.97 %),0,0,0,0,1306596,36.06
25/06/2010,10,465000,46.5(-4.32 %),10,465000,0,0,1306586,36.06
28/06/2010,-1300,-60670000,46.3(-0.43 %),0,0,1300,60670000,1307886,36.05
29/06/2010,0,0,47.3(2.16 %),0,0,0,0,1307886,36.05
30/06/2010,40,1864000,47(-0.63 %),40,1864000,0,0,1307846,36.05
01/07/2010,0,0,46.1(-1.91 %),0,0,0,0,1307846,36.05
02/07/2010,0,0,45.9(-0.43 %),0,0,0,0,1307846,36.05
05/07/2010,3000,137700000,46.4(1.09 %),3000,137700000,0,0,1304846,36.08
06/07/2010,-50,-2320000,46.3(-0.22 %),0,0,50,2320000,1304896,36.08
07/07/2010,0,0,45.5(-1.73 %),0,0,0,0,1304896,36.08
08/07/2010,-5600,-267120000,47.7(4.84 %),0,0,5600,267120000,1310496,36.02
09/07/2010,960,45764000,47.5(-0.42 %),960,45764000,0,0,1309536,36.03
12/07/2010,-70,-3525000,47.7(0.42 %),430,20425000,500,23950000,1309606,36.03
13/07/2010,40,1920000,48(0.63 %),40,1920000,0,0,1309566,36.03
14/07/2010,540,25620000,46.8(-2.50 %),540,25620000,0,0,1309026,36.04
15/07/2010,1320,61920000,46.7(-0.21 %),1320,61920000,0,0,1307706,36.05
16/07/2010,7640,357659000,46.7(0.00 %),7640,357659000,0,0,1300066,36.13
19/07/2010,-1000,-30600000,30.6(2.68 %),0,0,1000,30600000,1301066,36.12
20/07/2010,500,14990000,30.1(-1.63 %),1000,30150000,500,15160000,1300566,36.12
21/07/2010,-500,-14450000,29(-3.65 %),500,14550000,1000,29000000,1301066,36.12
22/07/2010,12490,349720000,28(-3.45 %),12490,349720000,0,0,1288576,36.24
23/07/2010,1510,41978000,27.8(-0.71 %),1510,41978000,0,0,1287066,36.26
26/07/2010,16400,453120000,27.8(0.00 %),16400,453120000,0,0,1270666,36.42
27/07/2010,0,0,27.8(0.00 %),0,0,0,0,1270666,36.42
28/07/2010,0,0,27.4(-1.44 %),0,0,0,0,1270666,36.42
29/07/2010,1560,42511000,27.5(0.36 %),1860,50640000,300,8129000,1269106,36.43
30/07/2010,-290,-8107000,27.6(0.36 %),1210,33443000,1500,41550000,1269396,36.43
02/08/2010,2050,56970000,27.6(0.00 %),2050,56970000,0,0,1267346,36.45
03/08/2010,-1500,-41400000,27.6(0.00 %),0,0,1500,41400000,1268846,36.44
04/08/2010,-270,-7430000,27.2(-1.45 %),30,820000,300,8250000,1269116,36.43
05/08/2010,510,13969000,26.9(-1.10 %),510,13969000,0,0,1268606,36.44
06/08/2010,23290,630889000,27.1(0.74 %),23290,630889000,0,0,1245316,36.67
09/08/2010,0,0,27(-0.37 %),0,0,0,0,1245316,36.67
10/08/2010,21270,568902000,26.7(-1.11 %),23000,615000000,1730,46098000,1224046,36.88
11/08/2010,10,272000,26.7(0.00 %),10,272000,0,0,0,49.0
12/08/2010,-360,-8382000,25.5(-4.49 %),2790,73075000,3150,81457000,1224396,36.88
13/08/2010,-1960,-49975000,26(1.96 %),10,260000,1970,50235000,1226356,36.86
16/08/2010,1310,34950000,26.9(3.46 %),1310,34950000,0,0,1225046,36.87
17/08/2010,1100,28820000,26.2(-2.60 %),1100,28820000,0,0,1215856,36.96
18/08/2010,1010,25993000,25.5(-2.67 %),1010,25993000,0,0,1222936,36.89
19/08/2010,5570,141550000,25.4(-0.39 %),5570,141550000,0,0,1217366,36.95
20/08/2010,410,10494000,25.6(0.79 %),410,10494000,0,0,1216956,3731882.0
23/08/2010,0,0,25.6(0.00 %),0,0,0,0,1216956,36.95
24/08/2010,0,0,24.6(-3.91 %),0,0,0,0,1216956,0.0
25/08/2010,800,18800000,23.7(-3.66 %),800,18800000,0,0,1216156,36.96
26/08/2010,0,0,23.5(-0.84 %),0,0,0,0,1216156,36.96
27/08/2010,13500,317250000,23.8(1.28 %),13500,317250000,0,0,1202656,37.09
30/08/2010,-3060,-75874000,24.9(4.62 %),0,0,3060,75874000,1205716,37.06
31/08/2010,0,0,25.6(2.81 %),0,0,0,0,1205716,37.06
01/09/2010,5000,128000000,25.6(0.00 %),5000,128000000,0,0,1200716,37.11
06/09/2010,-15670,-414012000,26.4(3.12 %),0,0,15670,414012000,1226614,36.96
07/09/2010,0,0,26.1(-1.14 %),0,0,0,0,1216386,36.96
08/09/2010,-26730,-670033000,25(-4.21 %),400,10440000,27130,680473000,1243116,36.69
09/09/2010,80,2072000,25.8(3.20 %),80,2072000,0,0,1243036,36.69
10/09/2010,-530,-13621000,25(-3.10 %),0,0,530,13621000,1243566,36.69
13/09/2010,0,0,25(0.00 %),0,0,0,0,1243566,36.69
14/09/2010,-2140,-53500000,25(0.00 %),0,0,2140,53500000,1245706,36.67
15/09/2010,0,0,25(0.00 %),0,0,0,0,1245706,36.67
16/09/2010,0,0,25(0.00 %),0,0,0,0,1245706,36.67
17/09/2010,0,0,25.5(2.00 %),0,0,0,0,1245706,36.67
20/09/2010,120,3096000,25.4(-0.39 %),120,3096000,0,0,1245586,36.67
21/09/2010,0,0,25.5(0.39 %),0,0,0,0,1245586,36.67
22/09/2010,8100,206550000,25.5(0.00 %),8100,206550000,0,0,1237486,36.75
23/09/2010,0,0,25.3(-0.78 %),0,0,0,0,1237486,36.75
24/09/2010,0,0,25.2(-0.40 %),0,0,0,0,1237486,36.75
27/09/2010,0,0,25.2(0.00 %),0,0,0,0,1237486,36.75
28/09/2010,15000,379498000,25.4(0.79 %),15000,379498000,0,0,1222486,36.9
29/09/2010,34700,882158000,25.5(0.39 %),34700,882158000,0,0,1187786,37.24
30/09/2010,28050,714690000,25.5(0.00 %),28050,714690000,0,0,1169964,37.52
01/10/2010,0,0,25.1(-1.57 %),0,0,0,0,1169964,37.42
04/10/2010,0,0,24.6(-1.99 %),0,0,0,0,1169964,37.42
05/10/2010,0,0,24.5(-0.41 %),0,0,0,0,1169964,37.42
06/10/2010,0,0,25(2.04 %),0,0,0,0,1169964,37.42
07/10/2010,50,1235000,24.7(-1.20 %),50,1235000,0,0,1169914,37.42
08/10/2010,0,0,24.2(-2.02 %),0,0,0,0,1169914,37.42
11/10/2010,0,0,24(-0.83 %),0,0,0,0,1169914,37.42
12/10/2010,0,0,23.5(-2.08 %),0,0,0,0,1169914,37.42
13/10/2010,0,0,23.5(0.00 %),0,0,0,0,1169914,37.42
14/10/2010,250,5875000,23.5(0.00 %),250,5875000,0,0,1169664,37.42
15/10/2010,1200,28200000,23.5(0.00 %),1200,28200000,0,0,1168464,37.43
18/10/2010,1000,23500000,23.5(0.00 %),1000,23500000,0,0,1167464,37.44
19/10/2010,1000,22800000,23.1(-1.70 %),1000,22800000,0,0,1166464,37.45
20/10/2010,0,0,22.2(-3.90 %),0,0,0,0,1166464,37.45
21/10/2010,0,0,22.2(0.00 %),0,0,0,0,1166464,37.45
22/10/2010,0,0,22(-0.90 %),0,0,0,0,1166464,37.45
25/10/2010,0,0,22(0.00 %),0,0,0,0,1166464,37.45
26/10/2010,0,0,22.1(0.45 %),0,0,0,0,1166464,37.45
27/10/2010,0,0,21.8(-1.36 %),0,0,0,0,1166464,37.45
28/10/2010,1130,24336000,21.6(-0.92 %),1130,24336000,0,0,1788236,20.9
29/10/2010,3280,70284000,21.6(0.00 %),3280,70284000,0,0,1784956,37.19
01/11/2010,0,0,21.2(-1.85 %),0,0,0,0,1784956,37.19
02/11/2010,0,0,20.8(-1.89 %),0,0,0,0,1784956,37.19
03/11/2010,6580,135956000,20.7(-0.48 %),6580,135956000,0,0,1778376,37.24
04/11/2010,5050,105885000,20.9(0.97 %),15050,312485000,10000,206600000,1773326,37.27
05/11/2010,18630,410930000,21.9(4.78 %),22730,496620000,4100,85690000,1754696,37.39
08/11/2010,38070,830426000,21.8(-0.46 %),38070,830426000,0,0,1716626,37.65
09/11/2010,41010,863066000,21(-3.67 %),41010,863066000,0,0,1675616,37.92
10/11/2010,10020,210426000,21.2(0.95 %),10020,210426000,0,0,1665596,37.98
11/11/2010,4600,96388000,20.6(-2.83 %),4600,96388000,0,0,1660996,38.01
12/11/2010,1160,24012000,19.8(-3.88 %),1160,24012000,0,0,1659836,38.02
15/11/2010,0,0,19.7(-0.51 %),0,0,0,0,1659836,38.02
16/11/2010,1000,19500000,19.7(0.00 %),1000,19500000,0,0,1658836,38.03
17/11/2010,0,0,19.8(0.51 %),0,0,0,0,1658836,38.03
18/11/2010,0,0,20.6(4.04 %),0,0,0,0,1658836,38.03
19/11/2010,0,0,19.9(-3.40 %),0,0,0,0,1658836,38.03
22/11/2010,0,0,19.9(0.00 %),0,0,0,0,1658836,38.03
23/11/2010,30,579000,19.3(2.12 %),30,579000,0,0,1658806,38.03
24/11/2010,8570,165249000,19.3(0.00 %),8570,165249000,0,0,1650236,38.09
25/11/2010,0,0,19.2(-0.52 %),0,0,0,0,1650236,38.09
26/11/2010,1000,19200000,19.2(0.00 %),1000,19200000,0,0,1649236,38.09
29/11/2010,-1200,-23023000,19.2(0.00 %),240,4600000,1440,27623000,1650436,38.08
30/11/2010,-50000,-1005000000,20.1(4.69 %),0,0,50000,1005000000,1700436,37.75
01/12/2010,-4330,-91669000,20.8(3.48 %),1530,31977000,5860,123646000,1704766,37.73
02/12/2010,-3260,-71068000,21.8(4.81 %),0,0,3260,71068000,1708026,37.7
03/12/2010,-23540,-529500000,22.8(4.59 %),1500,33900000,25040,563400000,1731566,37.55
06/12/2010,-8300,-201770000,23.5(3.07 %),3700,85030000,12000,286800000,1739866,37.49
07/12/2010,190,3870000,22.5(-4.26 %),1000,22500000,810,18630000,1739676,37.49
08/12/2010,5430,117631000,21.4(-4.89 %),5430,117631000,0,0,1734246,37.53
09/12/2010,-24900,-519860000,21.5(0.47 %),100,2140000,25000,522000000,1759146,37.37
10/12/2010,0,0,22.5(4.65 %),0,0,0,0,1759146,37.37
13/12/2010,-950,-22420000,23.6(4.89 %),50,1180000,1000,23600000,1760096,37.36
14/12/2010,800,18000000,22.5(-4.66 %),800,18000000,0,0,1759296,37.36
15/12/2010,300,6750000,22.8(1.33 %),300,6750000,0,0,1758996,37.37
16/12/2010,-9500,-206450000,21.7(-4.82 %),500,10900000,10000,217350000,1768496,37.3
17/12/2010,34000,768800000,22.7(4.61 %),34000,768800000,0,0,1734496,37.53
20/12/2010,20,443000,22.5(-0.88 %),30,676000,10,233000,1734476,37.53
21/12/2010,8830,199758000,23.1(2.67 %),8830,199758000,0,0,1725646,37.59
22/12/2010,39780,919598000,23(-0.43 %),40180,928918000,400,9320000,1685866,37.85
23/12/2010,0,0,22.1(-3.91 %),0,0,0,0,1685866,37.85
24/12/2010,-8830,-195093000,21.6(-2.26 %),0,0,8830,195093000,1694696,37.79
27/12/2010,0,0,22(1.85 %),0,0,0,0,1694696,37.79
28/12/2010,-3000,-65445000,22.3(1.36 %),0,0,3000,65445000,1697696,37.77
29/12/2010,-35770,-782309000,21.5(-3.59 %),500,11000000,36270,793309000,1733466,37.54
30/12/2010,0,0,21.3(-0.93 %),0,0,0,0,1733466,37.54
31/12/2010,0,0,21.4(0.47 %),0,0,0,0,1733466,37.54
04/01/2011,1120,23968000,21.8(1.87 %),1120,23968000,0,0,1732346,37.54
05/01/2011,600,13200000,21.7(-0.46 %),600,13200000,0,0,1731746,37.55
06/01/2011,0,0,21.7(0.00 %),0,0,0,0,1731746,37.55
07/01/2011,0,0,21.5(-0.92 %),0,0,0,0,1731746,37.55
10/01/2011,4380,93732000,21(-2.33 %),4380,93732000,0,0,1727366,37.58
11/01/2011,0,0,20.6(-1.90 %),0,0,0,0,1727366,37.58
12/01/2011,2540,52448000,20.7(0.49 %),5300,109380000,2760,56932000,1724826,37.59
13/01/2011,-5180,-107276000,21(1.45 %),1010,20914000,6190,128190000,1730006,37.56
14/01/2011,1030,22618000,21.4(1.90 %),11230,235468000,10200,212850000,1728976,37.56
17/01/2011,2000,42800000,21.4(0.00 %),2000,42800000,0,0,1726976,37.58
18/01/2011,3400,72760000,20.7(-3.27 %),3400,72760000,0,0,1723576,37.6
19/01/2011,1070,22641000,21(1.45 %),1320,27891000,250,5250000,1722506,37.61
20/01/2011,-150,-3080000,21.1(0.48 %),600,12720000,750,15800000,1722656,37.61
21/01/2011,0,0,21.1(0.00 %),0,0,0,0,1722656,37.61
24/01/2011,570,11685000,20.5(-2.84 %),570,11685000,0,0,1722086,37.61
25/01/2011,0,0,20.4(-0.49 %),0,0,0,0,1722086,37.61
26/01/2011,0,0,20.6(0.98 %),0,0,0,0,1722086,37.61
27/01/2011,0,0,21.1(2.43 %),0,0,0,0,1722086,37.61
28/01/2011,0,0,20.8(-1.42 %),0,0,0,0,1722086,37.61
08/02/2011,1000,21000000,21.2(1.92 %),1000,21000000,0,0,1721086,37.62
09/02/2011,-3310,-69229000,20.8(-1.89 %),0,0,3310,69229000,1724396,37.6
10/02/2011,-940,-19176000,20.8(0.00 %),0,0,940,19176000,1725336,37.59
11/02/2011,-4400,-89800000,20.2(-2.88 %),100,2000000,4500,91800000,1729736,37.56
14/02/2011,-2300,-46630000,20.1(-0.50 %),3000,60300000,5300,106930000,1732036,37.54
15/02/2011,-7030,-135266000,19.1(-4.98 %),1100,22020000,8130,157286000,1739066,37.5
16/02/2011,-8110,-152735000,18.7(-2.09 %),0,0,8110,152735000,1747176,37.44
17/02/2011,-14000,-256800000,18.3(-2.14 %),0,0,14000,256800000,1761176,37.35
18/02/2011,-6470,-118001000,18.1(-1.09 %),1200,21960000,7670,139961000,1767646,37.31
21/02/2011,0,0,17.2(-4.97 %),0,0,0,0,1767646,37.31
22/02/2011,-2120,-36516000,17(-1.16 %),880,14784000,3000,51300000,1769766,37.3
23/02/2011,150,2686000,16.7(-1.76 %),2250,38586000,2100,35900000,1769616,37.3
24/02/2011,-4950,-86139000,17(1.80 %),10,165000,4960,86304000,1774566,37.26
25/02/2011,-2000,-34600000,17.4(2.35 %),0,0,2000,34600000,1776566,37.25
28/02/2011,0,0,17.4(0.00 %),0,0,0,0,1776566,37.25
01/03/2011,-60,-1044000,17.4(0.00 %),0,0,60,1044000,1776626,37.25
02/03/2011,1050,18375000,17.2(-1.15 %),1050,18375000,0,0,1775576,37.26
03/03/2011,1000,17300000,17(-1.16 %),1000,17300000,0,0,0,0.0
04/03/2011,0,0,17(0.00 %),0,0,0,0,0,0.0
07/03/2011,2000,34000000,17(0.00 %),2000,34000000,0,0,0,0.0
08/03/2011,-4000,-68000000,17.1(0.59 %),0,0,4000,68000000,0,0.0
09/03/2011,300,4950000,16.7(-2.34 %),300,4950000,0,0,0,0.0
10/03/2011,0,0,17.2(2.99 %),0,0,0,0,0,0.0
11/03/2011,0,0,17.8(3.49 %),0,0,0,0,0,0.0
14/03/2011,0,0,17(-4.49 %),0,0,0,0,0,0.0
15/03/2011,0,0,16.9(-0.59 %),0,0,0,0,0,0.0
16/03/2011,0,0,17(0.59 %),0,0,0,0,1775162,37.26
17/03/2011,0,0,17.3(1.76 %),0,0,0,0,1775162,37.26
18/03/2011,7160,123868000,17.4(0.58 %),8500,147050000,1340,23182000,1768002,37.31
21/03/2011,-830,-14771000,17.8(2.30 %),20,359000,850,15130000,1768832,37.3
22/03/2011,100,1700000,17(-4.49 %),100,1700000,0,0,1768732,37.3
23/03/2011,-4800,-82200000,17.2(1.18 %),0,0,4800,82200000,1773532,37.27
24/03/2011,0,0,17.5(1.74 %),0,0,0,0,1773532,37.27
25/03/2011,0,0,17.5(0.00 %),0,0,0,0,1773532,37.27
28/03/2011,-1000,-17300000,17.3(-1.14 %),0,0,1000,17300000,1774532,37.26
29/03/2011,-1000,-17100000,17.1(-1.16 %),0,0,1000,17100000,1775532,37.26
30/03/2011,0,0,17.1(0.00 %),0,0,0,0,1775532,37.26
31/03/2011,-1000,-17300000,17(-0.58 %),0,0,1000,17300000,1776532,37.25
01/04/2011,0,0,16.8(-1.18 %),0,0,0,0,1774534,37.26
04/04/2011,0,0,16(-4.76 %),0,0,0,0,1774534,37.26
05/04/2011,-200,-3200000,15.6(-2.50 %),0,0,200,3200000,1774734,37.26
06/04/2011,0,0,16.3(4.49 %),0,0,0,0,1774734,37.26
07/04/2011,0,0,15.8(-3.07 %),0,0,0,0,1774734,37.26
08/04/2011,15900,261342000,15.8(0.00 %),22000,358600000,6100,97258000,1758834,37.37
13/04/2011,0,0,15.5(-1.90 %),0,0,0,0,1758834,37.37
14/04/2011,0,0,15.6(0.65 %),0,0,0,0,1758834,37.37
15/04/2011,600,9300000,15.5(-0.64 %),600,9300000,0,0,1758234,37.37
18/04/2011,8490,131595000,15.5(0.00 %),8490,131595000,0,0,1749744,37.43
19/04/2011,0,0,15(-3.23 %),0,0,0,0,1749744,37.43
20/04/2011,0,0,14.6(-2.67 %),0,0,0,0,1749744,37.43
21/04/2011,0,0,14.2(-2.74 %),0,0,0,0,1749744,37.43
22/04/2011,0,0,13.5(-4.93 %),0,0,0,0,1749744,37.43
25/04/2011,0,0,14.1(4.44 %),0,0,0,0,1749744,37.43
26/04/2011,0,0,13.5(-4.26 %),0,0,0,0,1749744,37.43
27/04/2011,0,0,14.1(4.44 %),0,0,0,0,1749744,37.43
28/04/2011,0,0,14(-0.71 %),0,0,0,0,1749744,37.43
29/04/2011,300,4230000,14(0.00 %),300,4230000,0,0,1749444,37.43
04/05/2011,1940,27160000,14(0.00 %),1940,27160000,0,0,1751444,37.42
05/05/2011,0,0,14(0.00 %),0,0,0,0,1751444,37.42
06/05/2011,170,2431000,14.2(1.43 %),170,2431000,0,0,1751274,37.42
09/05/2011,0,0,14.2(0.00 %),0,0,0,0,1751274,37.42
10/05/2011,20,284000,14.2(0.00 %),20,284000,0,0,1751254,37.42
11/05/2011,0,0,14.1(-0.70 %),0,0,0,0,1751254,37.42
12/05/2011,100,1410000,14.1(0.00 %),100,1410000,0,0,1751154,37.42
13/05/2011,0,0,14.1(0.00 %),0,0,0,0,1751154,37.42
16/05/2011,2000,28200000,14.1(0.00 %),2000,28200000,0,0,1749154,37.43
17/05/2011,300,4200000,14(-0.71 %),300,4200000,0,0,1748854,37.43
18/05/2011,300,4200000,14(0.00 %),300,4200000,0,0,1748554,37.44
19/05/2011,0,0,14(0.00 %),0,0,0,0,1748554,37.44
20/05/2011,220,3070000,14(0.00 %),220,3070000,0,0,1748334,37.44
23/05/2011,550,7720000,13.8(-1.43 %),550,7720000,0,0,1747784,37.44
24/05/2011,200,2640000,13.2(-4.35 %),200,2640000,0,0,1747584,37.44
25/05/2011,1000,13080000,12.6(-4.55 %),1000,13080000,0,0,1746584,37.45
26/05/2011,-600,-6660000,12.1(4.31 %),0,0,600,6660000,1747184,37.44
27/05/2011,1000,12700000,12.7(4.96 %),1000,12700000,0,0,1746184,37.45
30/05/2011,0,0,12.5(-1.57 %),0,0,0,0,1746184,37.45
31/05/2011,-4210,-52179000,12.6(0.80 %),0,0,4210,52179000,1750394,37.42
01/06/2011,300,3900000,13(3.17 %),300,3900000,0,0,1743944,37.47
02/06/2011,100,1350000,13.6(4.62 %),100,1350000,0,0,1743844,37.47
03/06/2011,1300,17810000,13(-4.41 %),1300,17810000,0,0,1742544,37.48
06/06/2011,0,0,13.3(2.31 %),0,0,0,0,1742544,37.48
07/06/2011,0,0,13.9(4.51 %),0,0,0,0,1742544,37.48
08/06/2011,-2000,-28300000,14.2(2.16 %),0,0,2000,28300000,1744544,37.46
09/06/2011,0,0,14.5(2.11 %),0,0,0,0,1744544,37.46
10/06/2011,200,2900000,14.6(0.69 %),200,2900000,0,0,1744344,37.46
13/06/2011,0,0,14.6(0.00 %),0,0,0,0,1744344,37.46
14/06/2011,0,0,14.5(-0.68 %),0,0,0,0,1744344,37.46
15/06/2011,0,0,13.8(-4.83 %),0,0,0,0,1744344,37.46
16/06/2011,0,0,14.3(3.62 %),0,0,0,0,1744344,37.46
17/06/2011,0,0,14.3(0.00 %),0,0,0,0,1744344,37.46
20/06/2011,3000,42000000,13.9(-2.80 %),3000,42000000,0,0,1741344,37.48
21/06/2011,0,0,14.3(2.88 %),0,0,0,0,1741344,37.48
22/06/2011,0,0,13.9(-2.80 %),0,0,0,0,1741344,37.48
23/06/2011,0,0,14.3(2.88 %),0,0,0,0,1741344,37.48
24/06/2011,0,0,13.7(-4.20 %),0,0,0,0,1741344,37.48
27/06/2011,0,0,14(2.19 %),0,0,0,0,1741344,37.48
28/06/2011,0,0,13.9(-0.71 %),0,0,0,0,1741344,37.48
29/06/2011,0,0,13.8(-0.72 %),0,0,0,0,1741344,37.48
30/06/2011,0,0,13.9(0.72 %),0,0,0,0,1741344,37.48
01/07/2011,-4390,-58446000,13.9(0.00 %),0,0,4390,58446000,1745554,37.46
04/07/2011,1000,13900000,13.9(0.00 %),1000,13900000,0,0,1744554,37.46
05/07/2011,1000,13900000,13.9(0.00 %),1000,13900000,0,0,1743554,37.47
06/07/2011,0,0,13.9(0.00 %),0,0,0,0,1743554,37.47
07/07/2011,-13240,-179095000,13.5(-2.88 %),750,10125000,13990,189220000,1756794,37.38
08/07/2011,-2560,-34560000,13.5(0.00 %),0,0,2560,34560000,1759354,37.36
11/07/2011,-4310,-58185000,13.5(0.00 %),0,0,4310,58185000,1763664,37.34
12/07/2011,-1210,-16335000,13.5(0.00 %),0,0,1210,16335000,1764874,37.33
13/07/2011,0,0,13.9(2.96 %),10000,135000000,10000,135000000,1764874,37.33
14/07/2011,0,0,13.9(0.00 %),0,0,0,0,1764874,37.33
15/07/2011,0,0,13.9(0.00 %),0,0,0,0,1764874,37.33
18/07/2011,0,0,13.9(0.00 %),0,0,0,0,1764874,37.33
19/07/2011,-530,-7155000,13.4(-3.60 %),0,0,530,7155000,1765404,37.32
20/07/2011,7760,103660000,13.4(0.00 %),11000,147400000,3240,43740000,1757644,37.38
21/07/2011,0,0,13.4(0.00 %),0,0,0,0,1757644,37.38
22/07/2011,1000,13400000,13.4(0.00 %),1000,13400000,0,0,1756644,37.38
25/07/2011,0,0,13.2(-1.49 %),0,0,0,0,1756644,37.38
26/07/2011,-7500,-95250000,13.2(0.00 %),0,0,7500,95250000,1764144,37.33
27/07/2011,0,0,12.8(-3.03 %),0,0,0,0,1764144,37.33
28/07/2011,-300,-3810000,12.6(-1.56 %),0,0,300,3810000,1764444,37.33
29/07/2011,0,0,12.5(-0.79 %),0,0,0,0,1764444,37.33
01/08/2011,0,0,12.4(-0.80 %),0,0,0,0,1768534,37.3
02/08/2011,-220,-2728000,12.5(0.81 %),0,0,220,2728000,1768754,37.3
03/08/2011,40460,518124000,13.1(4.80 %),40460,518124000,0,0,1728294,37.57
04/08/2011,0,0,13.4(2.29 %),0,0,0,0,1728294,37.57
05/08/2011,0,0,13.1(-2.24 %),0,0,0,0,1728294,37.57
08/08/2011,-5010,-63625000,12.5(-4.58 %),0,0,5010,63625000,1733304,37.54
09/08/2011,-10040,-121034000,11.9(-4.80 %),0,0,10040,121034000,1743344,37.47
10/08/2011,0,0,12.1(1.68 %),0,0,0,0,1743344,37.47
11/08/2011,-8560,-100152000,11.7(-3.31 %),0,0,8560,100152000,1751904,37.41
12/08/2011,0,0,11.8(0.85 %),0,0,0,0,1751904,37.41
15/08/2011,0,0,12.1(2.54 %),0,0,0,0,1751904,37.41
16/08/2011,0,0,12.2(0.83 %),0,0,0,0,1751904,37.41
17/08/2011,-600,-7440000,12.4(1.64 %),0,0,600,7440000,1752504,37.41
18/08/2011,-48000,-598110000,12.5(0.81 %),100,1240000,48100,599350000,1800504,37.09
19/08/2011,-18100,-217670000,11.9(-4.80 %),100,1220000,18200,218890000,1818604,36.97
22/08/2011,-37110,-454145000,12.3(3.36 %),1000,12100000,38110,466245000,1855714,36.73
23/08/2011,-23000,-279054000,12.2(-0.81 %),0,0,23000,279054000,1878714,36.57
24/08/2011,-51390,-619669000,12(-1.64 %),0,0,51390,619669000,1930104,36.23
25/08/2011,-5500,-66086000,12.1(0.83 %),0,0,5500,66086000,1935604,36.2
26/08/2011,-19050,-228600000,11.9(-1.65 %),0,0,19050,228600000,1954654,36.07
29/08/2011,-27700,-332328000,12(0.84 %),0,0,27700,332328000,1982354,35.89
30/08/2011,-37750,-475146000,12.5(4.17 %),0,0,37750,475146000,2020104,35.64
31/08/2011,-46000,-577423000,12.6(0.80 %),4000,50000000,50000,627423000,2066104,35.34
01/09/2011,-40800,-522160000,13.2(4.76 %),0,0,40800,522160000,1950954,36.1
05/09/2011,-51000,-663600000,13(-1.52 %),0,0,51000,663600000,2001954,35.76
06/09/2011,-10000,-126300000,12.6(-3.08 %),0,0,10000,126300000,2011954,35.69
07/09/2011,-930,-11904000,12.9(2.38 %),0,0,930,11904000,2012884,35.69
08/09/2011,0,0,13.3(3.10 %),0,0,0,0,2012884,35.69
09/09/2011,0,0,13.1(-1.50 %),0,0,0,0,2012884,35.69
12/09/2011,0,0,13.3(1.53 %),0,0,0,0,2012884,35.69
13/09/2011,0,0,13.9(4.51 %),0,0,0,0,2012884,35.69
14/09/2011,0,0,13.5(-2.88 %),0,0,0,0,2012884,35.69
15/09/2011,0,0,13.4(-0.74 %),0,0,0,0,2012884,35.69
16/09/2011,0,0,12.9(-3.73 %),0,0,0,0,2012884,35.69
19/09/2011,20,266000,13(0.78 %),20,266000,0,0,2012864,35.69
20/09/2011,0,0,12.6(-3.08 %),0,0,0,0,2012864,35.69
21/09/2011,100,1310000,12.6(0.00 %),100,1310000,0,0,2012764,35.69
22/09/2011,0,0,13(3.17 %),0,0,0,0,2012764,35.69
23/09/2011,-58300,-734066000,12.4(-4.62 %),1800,23400000,60100,757466000,2071064,35.3
26/09/2011,-23540,-287556000,12.3(-0.81 %),0,0,23540,287556000,2094604,35.15
27/09/2011,-60000,-715855000,12.2(-0.81 %),0,0,60000,715855000,2154604,34.75
28/09/2011,-63790,-770228000,12(-1.64 %),0,0,63790,770228000,2218394,34.33
29/09/2011,-36890,-428547000,11.8(-1.67 %),0,0,36890,428547000,2255284,34.08
30/09/2011,-16050,-190500000,11.8(0.00 %),0,0,16050,190500000,2271334,33.98
03/10/2011,-11810,-139058000,11.8(0.00 %),0,0,11810,139058000,2310854,33.72
04/10/2011,-29040,-342674000,11.8(0.00 %),0,0,29040,342674000,2339894,33.52
05/10/2011,0,0,12(1.69 %),0,0,0,0,2339894,33.52
06/10/2011,0,0,12.2(1.67 %),0,0,0,0,2339894,33.52
07/10/2011,300,3690000,12.1(-0.82 %),300,3690000,0,0,2339594,33.53
10/10/2011,0,0,12.1(0.00 %),0,0,0,0,2339594,33.53
11/10/2011,130,1560000,12(-0.83 %),130,1560000,0,0,2339464,33.53
12/10/2011,5250,63000000,12(0.00 %),5250,63000000,0,0,2334214,33.56
13/10/2011,0,0,12.2(1.67 %),0,0,0,0,2334214,33.56
14/10/2011,0,0,12.3(0.82 %),0,0,0,0,2334214,33.56
17/10/2011,0,0,12.2(-0.81 %),0,0,0,0,2334214,33.56
18/10/2011,0,0,12.2(0.00 %),0,0,0,0,2334214,33.56
19/10/2011,1000,12300000,12.2(0.00 %),1000,12300000,0,0,2333214,33.57
20/10/2011,0,0,12.4(1.64 %),0,0,0,0,2333214,33.57
21/10/2011,0,0,12.7(2.42 %),0,0,0,0,2333214,33.57
24/10/2011,0,0,12.7(0.00 %),0,0,0,0,2333214,33.57
25/10/2011,0,0,12.6(-0.79 %),0,0,0,0,2333214,33.57
26/10/2011,-61010,-740534000,12.1(-3.97 %),8000,100800000,69010,841334000,2394224,33.17
27/10/2011,-77350,-923393000,11.9(-1.65 %),2000,24200000,79350,947593000,2471574,32.65
28/10/2011,-88000,-1061327000,12(0.84 %),0,0,88000,1061327000,2559574,32.07
31/10/2011,-174580,-2099063000,12(0.00 %),0,0,174580,2099063000,2734154,30.92
01/11/2011,-69100,-822344000,11.8(-1.67 %),0,0,69100,822344000,2520771,32.33
02/11/2011,-196090,-2241018000,11.5(-2.54 %),0,0,196090,2241018000,2716861,31.03
03/11/2011,-7710,-80955000,10.2(-2.86 %),200,2100000,7910,83055000,2724571,30.98
04/11/2011,300,3120000,10.4(1.96 %),300,3120000,0,0,2724271,30.98
07/11/2011,830,8466000,10.2(-1.92 %),830,8466000,0,0,2723441,30.99
08/11/2011,-1000,-10200000,10.2(0.00 %),0,0,1000,10200000,2724441,30.98
09/11/2011,200,2040000,9.9(-2.94 %),200,2040000,0,0,2724241,30.98
10/11/2011,0,0,9.8(-1.01 %),0,0,0,0,2724241,30.98
11/11/2011,-17320,-166804000,9.6(-2.04 %),0,0,17320,166804000,2741561,30.87
14/11/2011,-5000,-47300000,9.4(-2.08 %),0,0,5000,47300000,2746561,30.83
15/11/2011,0,0,9.5(1.06 %),0,0,0,0,2746561,30.83
16/11/2011,-930,-8742000,9.5(0.00 %),0,0,930,8742000,2747491,30.83
17/11/2011,0,0,9.3(-2.11 %),0,0,0,0,2747491,30.83
18/11/2011,0,0,9.2(-1.08 %),0,0,0,0,2747491,30.83
21/11/2011,0,0,9.1(-1.09 %),0,0,0,0,2747491,30.83
22/11/2011,0,0,9.1(0.00 %),0,0,0,0,2747491,30.83
23/11/2011,0,0,9.4(3.30 %),0,0,0,0,2747491,30.83
24/11/2011,10000,92000000,9.2(-2.13 %),10000,92000000,0,0,2737491,30.89
25/11/2011,0,0,9.3(1.09 %),0,0,0,0,2737491,30.89
28/11/2011,0,0,9.3(0.00 %),0,0,0,0,2737491,30.89
29/11/2011,0,0,9.2(-1.08 %),0,0,0,0,2737491,30.89
30/11/2011,0,0,9.1(-1.09 %),0,0,0,0,2737491,30.89
01/12/2011,-24810,-224771000,9.1(0.00 %),0,0,24810,224771000,3148521,28.18
02/12/2011,-49530,-446723000,9.1(0.00 %),0,0,49530,446723000,3198051,27.85
05/12/2011,-154970,-1417489000,9.4(3.30 %),0,0,154970,1417489000,3353021,26.82
06/12/2011,-15520,-144888000,9.3(-1.06 %),0,0,15520,144888000,3368541,26.72
07/12/2011,-17570,-161745000,9.3(0.00 %),0,0,17570,161745000,3386111,26.61
08/12/2011,-7700,-70945000,9.2(-1.08 %),0,0,7700,70945000,3393811,26.55
09/12/2011,-10000,-90500000,9(-2.17 %),0,0,10000,90500000,3403811,26.49
12/12/2011,-10000,-90200000,8.8(-2.22 %),6000,53800000,16000,144000000,3413811,26.42
13/12/2011,0,0,8.8(0.00 %),0,0,0,0,3413811,26.42
14/12/2011,2600,22980000,8.6(-2.27 %),2600,22980000,0,0,3411211,26.44
15/12/2011,1270,10831000,8.6(0.00 %),2400,20210000,1130,9379000,3409941,26.45
16/12/2011,-51500,-444050000,8.6(0.00 %),0,0,51500,444050000,3461441,26.11
19/12/2011,-36400,-311040000,8.5(-1.16 %),0,0,36400,311040000,3497841,25.87
20/12/2011,-8050,-68325000,8.4(-1.18 %),1100,9350000,9150,77675000,3505891,25.81
21/12/2011,-1560,-13260000,8.4(0.00 %),0,0,1560,13260000,3507451,25.8
22/12/2011,-1800,-15240000,8.3(-1.19 %),1200,9960000,3000,25200000,3509251,25.79
23/12/2011,110,902000,8.2(-1.20 %),110,902000,0,0,3509141,25.79
26/12/2011,-40000,-324000000,8.1(-1.22 %),0,0,40000,324000000,3549141,25.53
27/12/2011,-5300,-42940000,8(-1.23 %),100,800000,5400,43740000,3554441,25.49
28/12/2011,-8280,-67026000,8.1(1.25 %),1000,8200000,9280,75226000,3562721,25.44
29/12/2011,-15820,-128142000,8.1(0.00 %),0,0,15820,128142000,3578541,25.33
30/12/2011,-9640,-79069000,8.5(4.94 %),150,1230000,9790,80299000,3588181,25.27
03/01/2012,1000,8500000,8.3(-2.35 %),1000,8500000,0,0,3578101,25.34
04/01/2012,12170,101011000,8.5(2.41 %),12170,101011000,0,0,3565931,25.42
05/01/2012,1730,14866000,8.5(0.00 %),1730,14866000,0,0,3564201,25.43
06/01/2012,0,0,8.5(0.00 %),0,0,0,0,3564201,25.43
09/01/2012,-700,-5880000,8.4(-1.18 %),0,0,700,5880000,3564901,25.42
10/01/2012,40,352000,8.8(4.76 %),40,352000,0,0,3564861,25.42
11/01/2012,0,0,8.9(1.14 %),0,0,0,0,3564861,25.42
12/01/2012,0,0,9.1(2.25 %),0,0,0,0,3564861,25.42
13/01/2012,0,0,9.5(4.40 %),0,0,0,0,3564861,25.42
16/01/2012,0,0,9.4(-1.05 %),0,0,0,0,3564861,25.42
17/01/2012,0,0,9.4(0.00 %),0,0,0,0,3564861,25.42
18/01/2012,0,0,9.4(0.00 %),0,0,0,0,3564861,25.42
19/01/2012,0,0,9.6(2.13 %),0,0,0,0,3564861,25.42
20/01/2012,0,0,9.6(0.00 %),0,0,0,0,3564861,25.42
30/01/2012,0,0,9.7(1.04 %),0,0,0,0,3564861,25.42
31/01/2012,0,0,9.7(0.00 %),0,0,0,0,3564861,25.42
01/02/2012,0,0,9.9(2.06 %),0,0,0,0,3598751,25.2
02/02/2012,0,0,10.3(4.04 %),0,0,0,0,3598751,25.2
03/02/2012,0,0,10.2(-0.97 %),0,0,0,0,3598751,25.2
06/02/2012,-10700,-107000000,10(-1.96 %),0,0,10700,107000000,3609451,25.13
07/02/2012,-9520,-95452000,10.1(1.00 %),0,0,9520,95452000,3618971,25.06
08/02/2012,10,102000,10.4(2.97 %),10,102000,0,0,3618961,25.06
09/02/2012,-7000,-71400000,10(-3.85 %),0,0,7000,71400000,3625961,25.02
10/02/2012,-3240,-32350000,9.9(-1.00 %),0,0,3240,32350000,3629201,25.0
13/02/2012,-800,-7990000,10(1.01 %),100,1010000,900,9000000,3630001,24.99
14/02/2012,0,0,10.2(2.00 %),0,0,0,0,3630001,24.99
15/02/2012,0,0,10.2(0.00 %),0,0,0,0,3630001,24.99
16/02/2012,0,0,10.3(0.98 %),0,0,0,0,3630001,24.99
17/02/2012,0,0,10.4(0.97 %),0,0,0,0,3630001,24.99
20/02/2012,0,0,10.8(3.85 %),0,0,0,0,3630001,24.99
21/02/2012,0,0,10.9(0.93 %),0,0,0,0,3630001,24.99
22/02/2012,-460,-5014000,11.4(4.59 %),0,0,460,5014000,3630461,24.99
23/02/2012,890,10057000,11.7(2.63 %),890,10057000,0,0,3629571,24.99
24/02/2012,-980,-11466000,11.7(0.00 %),0,0,980,11466000,3630551,24.99
27/02/2012,0,0,11.6(-0.85 %),0,0,0,0,3630551,24.99
28/02/2012,600,6780000,11.1(-4.31 %),600,6780000,0,0,3629951,24.99
29/02/2012,-7250,-77440000,10.8(-2.70 %),300,3200000,7550,80640000,3637201,24.94
01/03/2012,30,337000,11.2(3.70 %),30,337000,0,0,3629625,24.99
02/03/2012,0,0,11.4(1.79 %),0,0,0,0,3629625,24.99
05/03/2012,0,0,11.9(4.39 %),0,0,0,0,3629625,24.99
06/03/2012,0,0,11.9(0.00 %),0,0,0,0,3629625,24.99
07/03/2012,0,0,11.7(-1.68 %),0,0,0,0,3629625,24.99
08/03/2012,0,0,11.2(-4.27 %),0,0,0,0,3629625,24.99
09/03/2012,4500,50400000,11.4(1.79 %),4500,50400000,0,0,3625125,25.02
12/03/2012,100,1140000,11.1(-2.63 %),100,1140000,0,0,3625025,25.02
13/03/2012,-4940,-55034000,11.3(1.80 %),0,0,4940,55034000,3629965,24.99
14/03/2012,0,0,10.9(-3.54 %),0,0,0,0,3629965,24.99
15/03/2012,20,220000,11.4(4.59 %),20,220000,0,0,3629945,24.99
16/03/2012,0,0,11.4(0.00 %),0,0,0,0,3629945,24.99
19/03/2012,1960,21364000,11.2(-1.75 %),1960,21364000,0,0,3627985,25.01
20/03/2012,-6300,-70560000,11.2(0.00 %),0,0,6300,70560000,3634285,24.96
21/03/2012,0,0,11.7(4.46 %),0,0,0,0,3634285,24.96
22/03/2012,0,0,12.2(4.27 %),0,0,0,0,3634285,24.96
23/03/2012,35500,454650000,12.8(4.92 %),40500,518250000,5000,63600000,3598785,25.2
26/03/2012,20000,260000000,13.1(2.34 %),20000,260000000,0,0,3578785,25.33
27/03/2012,20000,250000000,12.5(-4.58 %),20000,250000000,0,0,3558785,25.46
28/03/2012,10000,123000000,12.8(2.40 %),10000,123000000,0,0,3548785,25.53
29/03/2012,-3400,-41900000,12.4(-3.12 %),0,0,3400,41900000,3552185,25.51
30/03/2012,0,0,12.4(0.00 %),0,0,0,0,3552185,25.51
03/04/2012,-750,-9300000,12.6(1.61 %),0,0,750,9300000,3556335,25.48
04/04/2012,0,0,12.4(-1.59 %),0,0,0,0,3556335,25.48
05/04/2012,0,0,12.5(0.81 %),0,0,0,0,3556335,25.48
06/04/2012,0,0,12.5(0.00 %),0,0,0,0,3556335,25.48
09/04/2012,-7990,-99321000,12.6(0.80 %),0,0,7990,99321000,3564325,25.43
10/04/2012,-8000,-100000000,12.6(0.00 %),0,0,8000,100000000,3572325,25.37
11/04/2012,0,0,12.6(0.00 %),0,0,0,0,3572325,25.37
12/04/2012,0,0,13.2(4.76 %),0,0,0,0,3572325,25.37
13/04/2012,-3000,-39600000,13.5(2.27 %),0,0,3000,39600000,3575325,25.35
16/04/2012,-1170,-15912000,14(3.70 %),0,0,1170,15912000,3576495,25.35
17/04/2012,-3070,-43130000,14.4(2.86 %),500,6850000,3570,49980000,3579565,25.33
18/04/2012,-500,-6300000,13.8(-4.17 %),1000,14400000,1500,20700000,3580065,25.32
19/04/2012,-2030,-26826000,13.2(-4.35 %),0,0,2030,26826000,3582095,25.31
20/04/2012,3000,39000000,13.2(0.00 %),3000,39000000,0,0,3579095,25.33
23/04/2012,-980,-12936000,13(-1.52 %),0,0,980,12936000,3580075,25.32
24/04/2012,0,0,13(0.00 %),0,0,0,0,3580075,25.32
25/04/2012,-3700,-48900000,13.4(3.08 %),300,3900000,4000,52800000,3583775,25.3
26/04/2012,-3170,-42356000,13.4(0.00 %),350,4760000,3520,47116000,3586945,25.28
27/04/2012,-21100,-281850000,13.3(-0.75 %),0,0,21100,281850000,3608045,25.14
02/05/2012,-5300,-69960000,13(-2.26 %),0,0,5300,69960000,3583575,25.3
03/05/2012,0,0,12.9(-0.77 %),0,0,0,0,3583575,25.3
04/05/2012,-20000,-262000000,13(0.78 %),0,0,20000,262000000,3603575,25.17
07/05/2012,-44190,-596323000,13.6(4.62 %),510,6886000,44700,603209000,3647765,24.87
08/05/2012,-9400,-126940000,13.5(-0.74 %),1100,15010000,10500,141950000,3657165,24.81
09/05/2012,-4500,-62450000,13.9(2.96 %),0,0,4500,62450000,3661665,24.78
10/05/2012,0,0,14.2(2.16 %),0,0,0,0,3661665,24.78
11/05/2012,-10,-139000,13.7(-3.52 %),0,0,10,139000,3661675,24.78
14/05/2012,0,0,13.1(-4.38 %),0,0,0,0,3661675,24.78
15/05/2012,0,0,12.6(-3.82 %),0,0,0,0,3661675,24.78
16/05/2012,0,0,12.5(-0.79 %),0,0,0,0,3661675,24.78
17/05/2012,0,0,12.5(0.00 %),0,0,0,0,3661675,24.78
18/05/2012,-56260,-687960000,11.9(-4.80 %),0,0,56260,687960000,3717935,24.41
21/05/2012,0,0,12.4(4.20 %),0,0,0,0,3717935,24.41
22/05/2012,540,6912000,12.8(3.23 %),540,6912000,0,0,3717395,24.41
23/05/2012,0,0,11.3(-4.24 %),0,0,0,0,3717395,24.41
24/05/2012,0,0,11(-2.65 %),0,0,0,0,3717395,24.41
25/05/2012,-2060,-23690000,11.5(4.55 %),0,0,2060,23690000,3719455,24.4
28/05/2012,0,0,11.2(-2.61 %),0,0,0,0,3719455,24.4
29/05/2012,0,0,11.6(3.57 %),0,0,0,0,3719455,24.4
30/05/2012,0,0,11.5(-0.86 %),0,0,0,0,3719455,24.4
31/05/2012,400,4600000,11.2(-2.61 %),400,4600000,0,0,3719055,24.4
01/06/2012,0,0,11.2(0.00 %),0,0,0,0,3750979,24.19
04/06/2012,0,0,10.9(-2.68 %),0,0,0,0,3750979,24.19
05/06/2012,0,0,11.1(1.83 %),0,0,0,0,3750979,24.19
06/06/2012,0,0,11.3(1.80 %),0,0,0,0,3750979,24.19
07/06/2012,0,0,11.7(3.54 %),0,0,0,0,3750979,24.19
08/06/2012,0,0,11.8(0.85 %),0,0,0,0,3750979,24.19
11/06/2012,0,0,11.8(0.00 %),0,0,0,0,3750979,24.19
12/06/2012,0,0,11.5(-2.54 %),0,0,0,0,3750979,24.19
13/06/2012,-2000,-23000000,11.4(-0.87 %),0,0,2000,23000000,3752979,24.18
14/06/2012,-2000,-22800000,11.7(2.63 %),0,0,2000,22800000,3754979,24.17
15/06/2012,0,0,11.5(-1.71 %),0,0,0,0,3754979,24.17
18/06/2012,0,0,11.6(0.87 %),0,0,0,0,3754979,24.17
19/06/2012,0,0,11.5(-0.86 %),0,0,0,0,3754979,24.17
20/06/2012,0,0,11.6(0.87 %),0,0,0,0,3754979,24.17
21/06/2012,0,0,11.6(0.00 %),0,0,0,0,3754979,24.17
22/06/2012,1000,11526000,11.6(0.00 %),1000,11526000,0,0,3753979,24.17
25/06/2012,0,0,11.4(-1.72 %),0,0,0,0,3753979,24.17
26/06/2012,-4270,-46978000,11.3(-0.88 %),0,0,4270,46978000,3758249,24.14
27/06/2012,0,0,11(-2.65 %),0,0,0,0,3758249,24.14
28/06/2012,0,0,10.8(-1.82 %),0,0,0,0,3758249,24.14
29/06/2012,1520,16570000,11(1.85 %),1520,16570000,0,0,3756729,24.15
02/07/2012,20,216000,10.8(-1.82 %),20,216000,0,0,3756718,24.15
03/07/2012,0,0,11(1.85 %),0,0,0,0,3756718,24.15
04/07/2012,0,0,10.8(-1.82 %),0,0,0,0,3756718,24.15
05/07/2012,1300,13740000,10.8(0.00 %),1300,13740000,0,0,3755418,24.16
06/07/2012,20,220000,10.6(-1.85 %),20,220000,0,0,3755398,24.16
09/07/2012,-110,-1166000,10.3(-2.83 %),0,0,110,1166000,3755508,24.16
10/07/2012,-3030,-31409000,10.7(3.88 %),0,0,3030,31409000,3758538,24.14
11/07/2012,0,0,10.7(0.00 %),0,0,0,0,3758538,24.14
12/07/2012,0,0,10.5(-1.87 %),0,0,0,0,3758538,24.14
13/07/2012,-500,-5350000,10.9(3.81 %),0,0,500,5350000,3759038,24.14
16/07/2012,0,0,10.5(-3.67 %),0,0,0,0,3759038,24.14
17/07/2012,0,0,10.9(3.81 %),0,0,0,0,3759038,24.14
18/07/2012,0,0,10.8(-0.92 %),0,0,0,0,3759038,24.14
19/07/2012,-6970,-75945000,11.3(4.63 %),0,0,6970,75945000,3766008,24.09
20/07/2012,1630,17767000,11.2(-0.88 %),1630,17767000,0,0,3764378,24.1
23/07/2012,400,4400000,11(-1.79 %),400,4400000,0,0,3763978,24.11
24/07/2012,0,0,10.5(-4.55 %),0,0,0,0,3763978,24.11
25/07/2012,0,0,10.5(0.00 %),0,0,0,0,3763978,24.11
26/07/2012,0,0,10.3(-1.90 %),0,0,0,0,3763978,24.11
27/07/2012,1000,10300000,10.5(1.94 %),1000,10300000,0,0,3762978,24.11
30/07/2012,0,0,10.4(-0.95 %),0,0,0,0,3762978,24.11
31/07/2012,2000,20800000,10.6(1.92 %),2000,20800000,0,0,3760978,24.13
01/08/2012,5000,51000000,10.5(-0.94 %),5000,51000000,0,0,3755983,24.16
02/08/2012,1000,10300000,10.2(-2.86 %),1000,10300000,0,0,3754983,24.17
03/08/2012,0,0,10.2(0.00 %),0,0,0,0,3754983,24.17
06/08/2012,0,0,10.3(0.98 %),0,0,0,0,3754983,24.17
07/08/2012,1000,10200000,10.3(0.00 %),361000,3718200000,360000,3708000000,3753983,24.17
08/08/2012,0,0,10.4(0.97 %),0,0,0,0,3753983,24.17
09/08/2012,2000,21000000,10.5(0.96 %),2000,21000000,0,0,3751983,24.19
10/08/2012,300,3150000,10.4(-0.95 %),300,3150000,0,0,3751683,24.19
13/08/2012,0,0,10.3(-0.96 %),0,0,0,0,3751683,24.19
14/08/2012,20,208000,10.5(1.94 %),20,208000,0,0,3751663,24.19
15/08/2012,0,0,10.3(-1.90 %),0,0,0,0,3751663,24.19
16/08/2012,100,1050000,10.3(0.00 %),100,1050000,0,0,3751563,24.19
17/08/2012,0,0,10.3(0.00 %),0,0,0,0,3751563,24.19
20/08/2012,-4910,-50226000,10.3(0.00 %),360,3710000,5270,53936000,3756473,24.16
21/08/2012,2020,20806000,10.1(-1.94 %),7020,72306000,5000,51500000,3754453,24.17
22/08/2012,1200,11760000,9.6(-4.95 %),1200,11760000,0,0,3753253,24.18
23/08/2012,0,0,9.2(-4.17 %),0,0,0,0,3753253,24.18
24/08/2012,0,0,9.6(4.35 %),0,0,0,0,3753253,24.18
27/08/2012,0,0,9.2(-4.17 %),0,0,0,0,3753253,24.18
28/08/2012,-4500,-40840000,9.5(3.26 %),0,0,4500,40840000,3757753,24.15
29/08/2012,0,0,9.5(0.00 %),0,0,0,0,3757753,24.15
30/08/2012,0,0,9.6(1.05 %),0,0,0,0,3757753,24.15
31/08/2012,0,0,9.6(0.00 %),0,0,0,0,3757753,24.15
04/09/2012,0,0,9.7(1.04 %),0,0,0,0,3757753,24.15
05/09/2012,-2000,-19400000,9.5(-2.06 %),0,0,2000,19400000,3759753,24.13
06/09/2012,0,0,9.5(0.00 %),0,0,0,0,3759753,24.13
07/09/2012,5970,55027000,9.4(-1.05 %),5970,55027000,0,0,3753783,24.17
10/09/2012,5040,46368000,9(-4.26 %),5040,46368000,0,0,3748743,24.21
11/09/2012,-1860,-16680000,9(0.00 %),0,0,1860,16680000,3750603,24.19
12/09/2012,10200,91840000,9.2(2.22 %),10200,91840000,0,0,3740403,24.26
13/09/2012,0,0,9.4(2.17 %),0,0,0,0,3740403,24.26
14/09/2012,0,0,9.4(0.00 %),0,0,0,0,3740403,24.26
17/09/2012,0,0,9.4(0.00 %),0,0,0,0,3740403,24.26
18/09/2012,0,0,9.2(-2.13 %),0,0,0,0,3740403,24.26
19/09/2012,-200,-1840000,9.2(0.00 %),300,2760000,500,4600000,3740603,24.26
20/09/2012,0,0,9.2(0.00 %),0,0,0,0,3740603,24.26
21/09/2012,-500,-4500000,9.2(0.00 %),0,0,500,4500000,3741103,24.26
24/09/2012,0,0,9(-2.17 %),0,0,0,0,3741103,24.26
25/09/2012,0,0,9(0.00 %),0,0,0,0,3741103,24.26
26/09/2012,0,0,9.1(1.11 %),0,0,0,0,3741103,24.26
27/09/2012,0,0,9(-1.10 %),0,0,0,0,3741103,24.26
28/09/2012,4000,36800000,9(0.00 %),4000,36800000,0,0,3737103,24.28
01/10/2012,10000,90000000,8.6(-4.44 %),10000,90000000,0,0,3727103,24.35
02/10/2012,0,0,8.5(-1.16 %),0,0,0,0,3727103,24.35
03/10/2012,0,0,8.6(1.18 %),0,0,0,0,3727103,24.35
04/10/2012,0,0,8.8(2.33 %),0,0,0,0,3727103,24.35
05/10/2012,4500,39600000,8.9(1.14 %),4500,39600000,0,0,3722603,24.38
08/10/2012,10,88000,8.8(-1.12 %),10,88000,0,0,3722593,24.38
09/10/2012,0,0,9(2.27 %),0,0,0,0,3722593,24.38
10/10/2012,0,0,9.1(1.11 %),0,0,0,0,3722593,24.38
11/10/2012,0,0,9.2(1.10 %),0,0,0,0,3722593,24.38
12/10/2012,9100,83720000,9.2(0.00 %),9100,83720000,0,0,3713493,24.44
15/10/2012,-500,-4750000,9.4(2.17 %),0,0,500,4750000,3713993,24.44
16/10/2012,-700,-6440000,9.2(-2.13 %),0,0,700,6440000,3714693,24.43
17/10/2012,0,0,9.2(0.00 %),0,0,0,0,3714693,24.43
18/10/2012,0,0,9.3(1.09 %),0,0,0,0,3714693,24.43
19/10/2012,0,0,9.1(-2.15 %),0,0,0,0,3714693,24.43
22/10/2012,0,0,8.9(-2.20 %),0,0,0,0,3714693,24.43
23/10/2012,0,0,9.2(3.37 %),0,0,0,0,3714693,24.43
24/10/2012,0,0,9(-2.17 %),0,0,0,0,3714693,24.43
25/10/2012,1000,8900000,9(0.00 %),1000,8900000,0,0,3713693,24.44
26/10/2012,0,0,8.8(-2.22 %),0,0,0,0,3713693,25.09
29/10/2012,0,0,8.8(0.00 %),0,0,0,0,3713693,24.44
30/10/2012,0,0,8.7(-1.14 %),0,0,0,0,3713693,24.44
31/10/2012,20,27000,9(3.45 %),520,4527000,500,4500000,3713673,24.44
01/11/2012,710,6390000,8.8(-2.22 %),710,6390000,0,0,3712463,24.45
02/11/2012,0,0,8.6(-2.27 %),0,0,0,0,3712463,24.45
05/11/2012,0,0,8.7(1.16 %),0,0,0,0,3712463,24.45
06/11/2012,0,0,8.6(-1.15 %),0,0,0,0,3712463,24.45
07/11/2012,20,178000,8.9(3.49 %),20,178000,0,0,3712443,24.45
08/11/2012,0,0,8.7(-2.25 %),0,0,0,0,3712443,24.45
09/11/2012,0,0,8.9(2.30 %),0,0,0,0,3712443,24.45
12/11/2012,0,0,9.1(2.25 %),0,0,0,0,3712443,24.45
13/11/2012,6010,55866000,9.1(0.00 %),17060,157526000,11050,101660000,3706433,24.49
14/11/2012,13100,119210000,9.1(0.00 %),13100,119210000,0,0,3693333,24.57
15/11/2012,800,7200000,9.2(1.10 %),800,7200000,0,0,3692533,24.58
16/11/2012,0,0,9(-2.17 %),0,0,0,0,3692533,24.58
19/11/2012,0,0,8.9(-1.11 %),0,0,0,0,3692533,24.58
20/11/2012,0,0,9(1.12 %),0,0,0,0,3692533,24.58
21/11/2012,730,6559000,9.1(1.11 %),840,7560000,110,1001000,3691803,24.58
22/11/2012,0,0,8.9(-2.20 %),0,0,0,0,3691803,24.58
23/11/2012,0,0,8.9(0.00 %),0,0,0,0,3691803,24.58
26/11/2012,-1000,-8900000,8.8(-1.12 %),0,0,1000,8900000,3692803,24.58
27/11/2012,-27950,-243720000,8.6(-2.27 %),3000,26100000,30950,269820000,3720753,24.39
28/11/2012,-500,-4400000,9(4.65 %),29250,239850000,29750,244250000,3721253,24.39
29/11/2012,0,0,9(0.00 %),0,0,0,0,3721253,24.39
30/11/2012,1200,10765000,9(0.00 %),1250,11200000,50,435000,3720053,24.4
03/12/2012,3000,26700000,9(0.00 %),3000,26700000,0,0,3717003,24.42
04/12/2012,0,0,9.2(2.22 %),0,0,0,0,3717003,24.42
05/12/2012,0,0,9.2(0.00 %),0,0,0,0,3717003,24.42
06/12/2012,1800,16190000,9(-2.17 %),1800,16190000,0,0,3715203,24.43
07/12/2012,0,0,8.8(-2.22 %),0,0,0,0,3715203,24.43
10/12/2012,1000,9200000,9.2(4.55 %),1000,9200000,0,0,3714203,24.44
11/12/2012,0,0,9.3(1.09 %),0,0,0,0,3714203,24.44
12/12/2012,0,0,9.6(3.23 %),0,0,0,0,3714203,24.44
13/12/2012,100,960000,9.5(-1.04 %),100,960000,0,0,3714103,24.44
14/12/2012,0,0,9.5(0.00 %),0,0,0,0,3714203,24.44
17/12/2012,0,0,9.4(-1.05 %),0,0,0,0,3714203,24.44
18/12/2012,0,0,9.3(-1.06 %),0,0,0,0,3714203,24.44
19/12/2012,-15000,-139500000,9.5(2.15 %),0,0,15000,139500000,3729203,24.34
20/12/2012,0,0,9.7(2.11 %),0,0,0,0,3729203,24.34
21/12/2012,1000,9300000,9.4(-3.09 %),1000,9300000,0,0,3728203,24.34
24/12/2012,-100,-950000,9.4(0.00 %),0,0,100,950000,3728303,24.34
25/12/2012,0,0,9.4(0.00 %),0,0,0,0,3728303,24.34
26/12/2012,18000,172000000,9.6(2.13 %),18000,172000000,0,0,3710303,24.46
27/12/2012,0,0,9.6(0.00 %),0,0,0,0,3710303,24.46
28/12/2012,0,0,9.7(1.04 %),0,0,0,0,3710303,24.46
02/01/2013,0,0,10.1(4.12 %),0,0,0,0,3710753,24.46
03/01/2013,-1100,-11210000,9.7(-3.96 %),900,8790000,2000,20000000,3711853,24.45
04/01/2013,-16290,-155997000,9.8(1.03 %),0,0,16290,155997000,3728143,24.34
07/01/2013,0,0,9.8(0.00 %),0,0,0,0,3728143,24.34
08/01/2013,-3860,-37828000,9.8(0.00 %),0,0,3860,37828000,3732003,24.32
09/01/2013,0,0,9.9(1.02 %),0,0,0,0,3732003,24.32
10/01/2013,0,0,10(1.01 %),0,0,0,0,3732003,24.32
11/01/2013,-170,-2110000,10.1(1.00 %),5000,49500000,5170,51610000,3732173,24.32
14/01/2013,0,0,10(-0.99 %),0,0,0,0,3732173,24.32
15/01/2013,0,0,10.2(2.00 %),0,0,0,0,3732173,24.32
16/01/2013,500,5150000,10.3(0.98 %),500,5150000,0,0,3731673,24.32
17/01/2013,-500,-5150000,10.3(0.00 %),0,0,500,5150000,3732173,24.32
18/01/2013,-3000,-30800000,10.3(0.00 %),0,0,3000,30800000,3735173,24.3
21/01/2013,0,0,10.4(0.97 %),0,0,0,0,3735173,24.3
22/01/2013,0,0,10.4(0.00 %),0,0,0,0,3735173,24.3
23/01/2013,200,2020000,10.2(-1.92 %),200,2020000,0,0,3734973,24.3
24/01/2013,-26400,-263960000,10.1(-0.98 %),0,0,26400,263960000,3761373,24.12
25/01/2013,-8590,-84654000,9.9(-1.98 %),10,100000,8600,84754000,3769963,24.07
28/01/2013,0,0,9.9(0.00 %),0,0,0,0,3769963,24.07
29/01/2013,0,0,9.8(-1.01 %),0,0,0,0,3769963,24.07
30/01/2013,-4020,-38794000,10(2.04 %),2000,19600000,6020,58394000,3773983,24.04
31/01/2013,0,0,9.8(-2.00 %),0,0,0,0,3773983,24.04
01/02/2013,0,0,9.8(0.00 %),0,0,0,0,3767963,24.08
04/02/2013,0,0,9.8(0.00 %),0,0,0,0,3767963,24.08
05/02/2013,0,0,9.8(0.00 %),0,0,0,0,3767963,24.08
06/02/2013,-770,-7546000,9.9(1.02 %),0,0,770,7546000,3768733,24.07
07/02/2013,680,6732000,10(1.01 %),680,6732000,0,0,3768053,24.08
08/02/2013,0,0,10(0.00 %),0,0,0,0,3768053,24.08
18/02/2013,800,7600000,10(0.00 %),800,7600000,0,0,3767253,24.08
19/02/2013,-4500,-45000000,10(0.00 %),0,0,4500,45000000,3771753,24.05
20/02/2013,5500,55550000,10.3(3.00 %),5500,55550000,0,0,3766253,24.09
21/02/2013,0,0,10.2(-0.97 %),0,0,0,0,3766253,24.09
22/02/2013,2000,19600000,10(-1.96 %),2000,19600000,0,0,3764253,24.1
25/02/2013,-1000,-9800000,10(0.00 %),0,0,1000,9800000,3765253,24.1
26/02/2013,0,0,10(0.00 %),0,0,0,0,3765253,24.1
27/02/2013,0,0,10(0.00 %),0,0,0,0,3765253,24.1
28/02/2013,500,5000000,10.1(1.00 %),500,5000000,0,0,3764753,24.1
01/03/2013,0,0,10.2(0.99 %),0,0,0,0,3770773,24.06
04/03/2013,50,500000,10(-1.96 %),50,500000,0,0,3770723,24.06
05/03/2013,0,0,10(0.00 %),0,0,0,0,3770723,24.06
06/03/2013,0,0,10(0.00 %),0,0,0,0,3770723,24.06
07/03/2013,0,0,9.9(-1.00 %),0,0,0,0,3770723,24.06
08/03/2013,50,500000,10(1.01 %),50,500000,0,0,3770673,24.06
11/03/2013,-190,-1900000,10(0.00 %),0,0,190,1900000,3770863,24.06
12/03/2013,500,5000000,10(0.00 %),500,5000000,0,0,3770363,24.06
13/03/2013,-220,-2222000,10.1(1.00 %),0,0,220,2222000,3770583,24.06
14/03/2013,-2000,-20000000,10(-0.99 %),0,0,2000,20000000,3772583,24.05
15/03/2013,460,4688000,10.2(2.00 %),500,5100000,40,412000,3772123,24.05
18/03/2013,0,0,10(-1.96 %),0,0,0,0,3772123,24.05
19/03/2013,0,0,10.1(1.00 %),0,0,0,0,3772123,24.05
20/03/2013,0,0,10.1(0.00 %),0,0,0,0,3772123,24.05
21/03/2013,0,0,10(-0.99 %),0,0,0,0,3772123,24.05
22/03/2013,0,0,10(0.00 %),0,0,0,0,3772123,24.05
25/03/2013,0,0,9.8(-2.00 %),0,0,0,0,3772123,24.05
26/03/2013,0,0,9.9(1.02 %),0,0,0,0,3772123,24.05
27/03/2013,0,0,9.8(-1.01 %),0,0,0,0,3772123,24.05
28/03/2013,-200,-1960000,9.8(0.00 %),0,0,200,1960000,3772323,24.05
29/03/2013,0,0,9.8(0.00 %),0,0,0,0,3772323,24.05
01/04/2013,0,0,10(2.04 %),0,0,0,0,3772123,24.05
02/04/2013,0,0,9.9(-1.00 %),0,0,0,0,3772123,24.05
03/04/2013,0,0,9.7(-2.02 %),0,0,0,0,3772123,24.05
04/04/2013,0,0,9.6(-1.03 %),0,0,0,0,3772123,24.05
05/04/2013,0,0,9.6(0.00 %),0,0,0,0,3772123,24.05
08/04/2013,0,0,9.5(-1.04 %),0,0,0,0,3772123,24.05
09/04/2013,-10,-99000,9.8(3.16 %),0,0,10,99000,3772133,24.05
10/04/2013,0,0,9.7(-1.02 %),0,0,0,0,3772133,24.05
11/04/2013,0,0,9.7(0.00 %),0,0,0,0,3772133,24.05
12/04/2013,-2000,-19000000,9.5(-2.06 %),0,0,2000,19000000,3774133,24.04
15/04/2013,0,0,9(-5.26 %),0,0,0,0,3774133,24.04
16/04/2013,0,0,9(0.00 %),0,0,0,0,3774133,24.04
17/04/2013,-950,-8740000,9.2(2.22 %),0,0,950,8740000,3775083,24.03
18/04/2013,-2130,-19383000,9.1(-1.09 %),0,0,2130,19383000,3777213,24.02
22/04/2013,0,0,9.3(2.20 %),0,0,0,0,3777213,24.02
23/04/2013,0,0,9.2(-1.08 %),0,0,0,0,3777213,24.02
24/04/2013,-3140,-28024000,8.6(-6.52 %),5000,43000000,8140,71024000,3780353,24.0
25/04/2013,0,0,8.7(1.16 %),0,0,0,0,3780353,24.0
26/04/2013,0,0,8.7(0.00 %),0,0,0,0,3780353,24.0
02/05/2013,0,0,8.5(-2.30 %),0,0,0,0,3772413,24.05
03/05/2013,-1000,-8700000,8.6(1.18 %),0,0,1000,8700000,3773413,24.04
06/05/2013,0,0,9(4.65 %),0,0,0,0,3773413,24.04
07/05/2013,0,0,8.8(-2.22 %),0,0,0,0,3773413,24.04
08/05/2013,0,0,8.8(0.00 %),0,0,0,0,3773413,24.04
09/05/2013,0,0,8.1(0.00 %),0,0,0,0,3773413,24.04
10/05/2013,0,0,8.2(1.23 %),0,0,0,0,3773413,24.04
13/05/2013,1000,8000000,8.1(-1.22 %),1000,8000000,0,0,3772413,24.05
14/05/2013,0,0,8.1(0.00 %),0,0,0,0,3772413,24.05
15/05/2013,3700,29970000,8.1(0.00 %),3700,29970000,0,0,3768713,24.07
16/05/2013,0,0,8.1(0.00 %),0,0,0,0,3768713,24.07
17/05/2013,0,0,8.1(0.00 %),0,0,0,0,3768713,24.07
20/05/2013,0,0,8.1(0.00 %),0,0,0,0,3768713,24.07
21/05/2013,-110,-891000,8.2(1.23 %),0,0,110,891000,3768823,24.07
22/05/2013,0,0,8.2(0.00 %),0,0,0,0,3768823,24.07
23/05/2013,0,0,8.2(0.00 %),0,0,0,0,3768823,24.07
24/05/2013,2400,19440000,8.1(-1.22 %),2400,19440000,0,0,3766423,24.09
27/05/2013,960,7731000,8.4(3.70 %),1410,11421000,450,3690000,3765463,24.1
28/05/2013,-750,-6075000,8.3(-1.19 %),0,0,750,6075000,3766213,24.09
29/05/2013,0,0,8.3(0.00 %),0,0,0,0,3766213,24.09
30/05/2013,0,0,8.3(0.00 %),0,0,0,0,3766213,24.09
31/05/2013,0,0,8.4(1.20 %),0,0,0,0,3766213,24.09
03/06/2013,0,0,8.4(0.00 %),0,0,0,0,3774371,24.04
04/06/2013,-15800,-132720000,8.4(0.00 %),2200,18480000,18000,151200000,3790171,23.93
05/06/2013,0,0,8.4(0.00 %),0,0,0,0,3790171,23.93
06/06/2013,0,0,8.3(-1.19 %),0,0,0,0,3790171,23.93
07/06/2013,0,0,8.4(1.20 %),0,0,0,0,3790171,23.93
10/06/2013,0,0,8.5(1.19 %),0,0,0,0,3790171,23.93
11/06/2013,-70,-595000,8.6(1.18 %),0,0,70,595000,3790241,23.93
12/06/2013,1150,9775000,8.6(0.00 %),1150,9775000,0,0,3789091,23.94
13/06/2013,12000,102000000,8.5(-1.16 %),12000,102000000,0,0,3777091,24.02
14/06/2013,0,0,8.6(1.18 %),0,0,0,0,3777091,24.02
17/06/2013,13150,111760000,8.4(-2.33 %),13150,111760000,0,0,3763941,24.11
18/06/2013,0,0,8.4(0.00 %),0,0,0,0,3763941,24.11
19/06/2013,0,0,8.6(2.38 %),0,0,0,0,3763941,24.11
20/06/2013,7300,62050000,8.7(1.16 %),7300,62050000,0,0,3756641,24.15
21/06/2013,0,0,8.7(0.00 %),0,0,0,0,3756641,24.15
24/06/2013,0,0,8.6(-1.15 %),0,0,0,0,3756641,24.15
25/06/2013,0,0,8.5(-1.16 %),0,0,0,0,3756641,24.15
26/06/2013,0,0,8.7(2.35 %),0,0,0,0,3756641,24.15
27/06/2013,0,0,8.5(-2.30 %),0,0,0,0,3756641,24.15
28/06/2013,12380,107399000,8.7(2.35 %),12380,107399000,0,0,3744261,24.24
01/07/2013,0,0,8.8(1.15 %),0,0,0,0,3744285,24.24
02/07/2013,-51360,-437645000,8.5(-3.41 %),15000,128500000,66360,566145000,3795645,23.9
03/07/2013,0,0,8.7(2.35 %),0,0,0,0,3795645,23.9
04/07/2013,0,0,8.7(0.00 %),0,0,0,0,3795645,23.9
05/07/2013,0,0,8.7(0.00 %),0,0,0,0,3795645,23.9
08/07/2013,4700,39950000,8.5(-2.30 %),4700,39950000,0,0,3790945,23.93
09/07/2013,5500,46750000,8.6(1.18 %),5500,46750000,0,0,3785445,23.96
10/07/2013,0,0,8.8(2.33 %),0,0,0,0,3785445,23.96
11/07/2013,0,0,8.8(0.00 %),0,0,0,0,3785445,23.96
12/07/2013,0,0,8.6(-2.27 %),0,0,0,0,3785445,23.96
15/07/2013,0,0,8.4(-2.33 %),0,0,0,0,3785445,23.96
16/07/2013,9800,85010000,8.7(3.57 %),9800,85010000,0,0,3775645,24.03
17/07/2013,0,0,8.6(-1.15 %),0,0,0,0,3775645,24.03
18/07/2013,0,0,8.7(1.16 %),0,0,0,0,3775645,24.03
19/07/2013,-43390,-351559000,8.1(-6.90 %),10000,81000000,53390,432559000,3819035,23.74
22/07/2013,2200,17400000,7.8(-3.70 %),2200,17400000,0,0,3816835,23.76
23/07/2013,0,0,8(2.56 %),0,0,0,0,3816835,23.76
24/07/2013,14000,106200000,7.6(-5.00 %),14000,106200000,0,0,3802835,23.85
25/07/2013,1000,7400000,7.3(-3.95 %),1000,7400000,0,0,3801835,23.86
26/07/2013,4000,27800000,7.3(0.00 %),4000,27800000,0,0,3797835,23.88
29/07/2013,-220,-1562000,6.9(-5.48 %),0,0,220,1562000,3798055,23.88
30/07/2013,0,0,7.2(4.35 %),0,0,0,0,3798055,23.88
31/07/2013,0,0,7.2(0.00 %),0,0,0,0,3798055,23.88
01/08/2013,0,0,7.4(2.78 %),0,0,0,0,3797842,23.88
02/08/2013,0,0,7.4(0.00 %),0,0,0,0,3797842,23.88
05/08/2013,0,0,7.4(0.00 %),0,0,0,0,3797842,23.88
06/08/2013,0,0,7.6(2.70 %),0,0,0,0,3797842,23.88
07/08/2013,0,0,7.8(2.63 %),0,0,0,0,3797842,23.88
08/08/2013,0,0,7.8(0.00 %),0,0,0,0,3797842,23.88
09/08/2013,0,0,7.6(-2.56 %),0,0,0,0,3797842,23.88
12/08/2013,0,0,7.7(1.32 %),0,0,0,0,3797842,23.88
13/08/2013,0,0,7.6(-1.30 %),0,0,0,0,3797842,23.88
14/08/2013,0,0,7.7(1.32 %),0,0,0,0,3797842,23.88
15/08/2013,-30000,-226461000,7.5(-2.60 %),0,0,30000,226461000,3827842,23.68
16/08/2013,0,0,7.6(1.33 %),0,0,0,0,3827842,23.68
19/08/2013,-41700,-314975000,7.5(-1.32 %),0,0,41700,314975000,3869542,23.41
20/08/2013,0,0,7.7(2.67 %),0,0,0,0,3869542,23.41
21/08/2013,0,0,7.9(2.60 %),0,0,0,0,3869542,23.41
22/08/2013,500,3750000,7.7(-2.53 %),500,3750000,0,0,3869042,23.41
23/08/2013,-19500,-144400000,7.6(-1.30 %),0,0,19500,144400000,3888542,23.28
26/08/2013,0,0,7.6(0.00 %),0,0,0,0,3888542,23.28
27/08/2013,0,0,7.7(1.32 %),0,0,0,0,3888542,23.28
28/08/2013,0,0,7.7(0.00 %),0,0,0,0,3888542,23.28
29/08/2013,0,0,7.7(0.00 %),0,0,0,0,3888542,23.28
30/08/2013,-31800,-229630000,7.6(-1.30 %),200,1480000,32000,231110000,3920342,23.07
03/09/2013,0,0,7.6(0.00 %),0,0,0,0,3888562,23.28
04/09/2013,-9100,-67340000,7.5(-1.32 %),900,6660000,10000,74000000,3897662,23.22
05/09/2013,-5000,-37000000,7.5(0.00 %),0,0,5000,37000000,3902662,23.19
06/09/2013,-135170,-948731000,7(-6.67 %),5000,35000000,140170,983731000,4037832,22.29
09/09/2013,-59800,-401940000,6.7(-4.29 %),5200,35060000,65000,437000000,4097632,21.9
10/09/2013,0,0,7.1(5.97 %),0,0,0,0,4097632,21.9
11/09/2013,0,0,7.2(1.41 %),0,0,0,0,4097632,21.9
12/09/2013,-8000,-55600000,6.7(-6.94 %),12000,80400000,20000,136000000,4105632,21.85
13/09/2013,0,0,6.9(2.99 %),0,0,0,0,4105632,21.85
16/09/2013,-9000,-62100000,7(1.45 %),1000,6900000,10000,69000000,4114632,21.79
17/09/2013,0,0,7(0.00 %),0,0,0,0,4114632,21.79
18/09/2013,0,0,6.9(-1.43 %),0,0,0,0,4114632,21.79
19/09/2013,-30000,-198400000,6.7(-2.90 %),0,0,30000,198400000,4144632,21.59
20/09/2013,-25000,-167519000,6.8(1.49 %),0,0,25000,167519000,4169632,21.42
23/09/2013,-9500,-64600000,6.8(0.00 %),0,0,9500,64600000,4179132,21.36
24/09/2013,-41050,-275185000,6.6(-2.94 %),0,0,41050,275185000,4220182,21.09
25/09/2013,10,67000,6.8(3.03 %),10,67000,0,0,4220172,21.09
26/09/2013,190,1292000,6.8(0.00 %),190,1292000,0,0,4219982,21.09
27/09/2013,-33470,-224249000,6.6(-2.94 %),10000,67000000,43470,291249000,4253452,20.87
30/09/2013,-116180,-771916000,6.6(0.00 %),0,0,116180,771916000,4369632,20.1
01/10/2013,0,0,6.8(3.03 %),0,0,0,0,4241982,20.94
02/10/2013,0,0,6.9(1.47 %),0,0,0,0,4241982,20.94
03/10/2013,0,0,7(1.45 %),0,0,0,0,4241982,20.94
04/10/2013,0,0,6.8(-2.86 %),0,0,0,0,4241982,20.94
07/10/2013,-4450,-30460000,7(2.94 %),0,0,4450,30460000,4246432,20.92
08/10/2013,-200,-1400000,7.1(1.43 %),0,0,200,1400000,4246632,20.91
09/10/2013,0,0,7.1(0.00 %),0,0,0,0,4246632,20.91
10/10/2013,0,0,7(-1.41 %),0,0,0,0,4246632,20.91
11/10/2013,0,0,6.8(-2.86 %),0,0,0,0,4246632,20.91
14/10/2013,0,0,7(2.94 %),0,0,0,0,4246632,20.91
15/10/2013,0,0,7.2(2.86 %),0,0,0,0,4246632,20.91
16/10/2013,0,0,7.2(0.00 %),0,0,0,0,4246632,20.91
17/10/2013,0,0,7(-2.78 %),0,0,0,0,4246632,20.91
18/10/2013,0,0,7.1(1.43 %),0,0,0,0,4246632,20.91
21/10/2013,0,0,7.3(2.82 %),0,0,0,0,4246632,20.91
22/10/2013,0,0,7.3(0.00 %),0,0,0,0,4246632,20.91
23/10/2013,0,0,7.6(4.11 %),0,0,0,0,4246632,20.91
24/10/2013,0,0,7.8(2.63 %),0,0,0,0,4246632,20.91
25/10/2013,0,0,7.8(0.00 %),0,0,0,0,4246632,20.91
28/10/2013,0,0,7.7(-1.28 %),0,0,0,0,4246632,20.91
29/10/2013,0,0,7.7(0.00 %),0,0,0,0,4246632,20.91
30/10/2013,0,0,7.8(1.30 %),0,0,0,0,4246632,20.91
31/10/2013,0,0,7.8(0.00 %),0,0,0,0,4246632,20.91
01/11/2013,0,0,7.7(-1.28 %),0,0,0,0,4406282,19.86
04/11/2013,3000,23100000,8(3.90 %),3000,23100000,0,0,4403282,19.88
05/11/2013,0,0,7.9(-1.25 %),0,0,0,0,4403282,19.88
06/11/2013,0,0,7.9(0.00 %),0,0,0,0,4403282,19.88
07/11/2013,0,0,8.1(2.53 %),0,0,0,0,4403282,19.88
08/11/2013,0,0,8(-1.23 %),0,0,0,0,4403282,19.88
11/11/2013,0,0,8.2(2.50 %),0,0,0,0,4403282,19.88
12/11/2013,0,0,8.1(-1.22 %),0,0,0,0,4403282,19.88
13/11/2013,0,0,8(-1.23 %),0,0,0,0,4403282,19.88
14/11/2013,0,0,8(0.00 %),0,0,0,0,4403282,19.88
15/11/2013,0,0,8.1(1.25 %),0,0,0,0,4403282,19.88
18/11/2013,0,0,8.6(6.17 %),0,0,0,0,4403282,19.88
19/11/2013,0,0,8.3(-3.49 %),0,0,0,0,4403282,19.88
20/11/2013,0,0,8.8(6.02 %),0,0,0,0,4403282,19.88
21/11/2013,0,0,8.8(0.00 %),0,0,0,0,4403282,19.88
22/11/2013,0,0,8.6(-2.27 %),0,0,0,0,4403282,19.88
25/11/2013,0,0,9(4.65 %),0,0,0,0,4403282,19.88
26/11/2013,0,0,9(0.00 %),0,0,0,0,4403282,19.88
27/11/2013,0,0,9(0.00 %),0,0,0,0,4403282,19.88
28/11/2013,0,0,9(0.00 %),0,0,0,0,4403282,19.88
29/11/2013,0,0,8.7(-3.33 %),0,0,0,0,4403282,19.88
02/12/2013,0,0,8.6(-1.15 %),0,0,0,0,4403291,19.88
03/12/2013,0,0,8.7(1.16 %),0,0,0,0,4403291,19.88
04/12/2013,0,0,8.9(2.30 %),0,0,0,0,4403291,19.88
05/12/2013,0,0,9.1(2.25 %),0,0,0,0,4403291,19.88
06/12/2013,0,0,9.1(0.00 %),0,0,0,0,4403291,19.88
09/12/2013,0,0,9(-1.10 %),0,0,0,0,4403291,19.88
10/12/2013,0,0,9(0.00 %),0,0,0,0,4403291,19.88
11/12/2013,0,0,8.8(-2.22 %),0,0,0,0,4403291,19.88
12/12/2013,0,0,8.9(1.14 %),0,0,0,0,4403291,19.88
13/12/2013,0,0,8.9(0.00 %),0,0,0,0,4403291,19.88
16/12/2013,-4500,-40050000,9(1.12 %),0,0,4500,40050000,4407791,19.85
17/12/2013,-220,-2002000,9.1(1.11 %),0,0,220,2002000,4408011,19.85
18/12/2013,0,0,9.1(0.00 %),0,0,0,0,4408011,19.85
19/12/2013,0,0,9.2(1.10 %),0,0,0,0,4408011,19.85
20/12/2013,0,0,9.2(0.00 %),0,0,0,0,4408011,19.85
23/12/2013,0,0,9.2(0.00 %),0,0,0,0,4408011,19.85
24/12/2013,0,0,8.6(-6.52 %),0,0,0,0,4408011,19.85
25/12/2013,0,0,9(4.65 %),0,0,0,0,4408011,19.85
26/12/2013,0,0,9.1(1.11 %),0,0,0,0,4408011,19.85
27/12/2013,0,0,9(-1.10 %),0,0,0,0,4408011,19.85
30/12/2013,1700,15300000,8.9(-1.11 %),1700,15300000,0,0,4406311,19.86
31/12/2013,0,0,8.9(0.00 %),0,0,0,0,4406311,19.86
02/01/2014,0,0,9(1.12 %),0,0,0,0,4406311,19.86
03/01/2014,0,0,9.1(1.11 %),0,0,0,0,4406311,19.86
06/01/2014,0,0,9.1(0.00 %),0,0,0,0,4406311,19.86
07/01/2014,0,0,9.2(1.10 %),0,0,0,0,4406311,19.86
08/01/2014,0,0,9.1(-1.09 %),0,0,0,0,4406311,19.86
09/01/2014,0,0,9.2(1.10 %),0,0,0,0,4406311,19.86
10/01/2014,0,0,9.1(-1.09 %),0,0,0,0,4406311,19.86
13/01/2014,0,0,9.2(1.10 %),0,0,0,0,4406311,19.86
14/01/2014,0,0,9.1(-1.09 %),0,0,0,0,4406311,19.86
15/01/2014,0,0,9(-1.10 %),0,0,0,0,4406311,19.86
16/01/2014,0,0,9.1(1.11 %),0,0,0,0,4406311,19.86
17/01/2014,0,0,9(-1.10 %),0,0,0,0,4406311,19.86
20/01/2014,0,0,9(0.00 %),0,0,0,0,4406311,19.86
21/01/2014,0,0,9.1(1.11 %),0,0,0,0,4406311,19.86
22/01/2014,0,0,8.8(-3.30 %),0,0,0,0,4406311,19.86
23/01/2014,0,0,8.8(0.00 %),0,0,0,0,4406311,19.86
24/01/2014,0,0,8.8(0.00 %),0,0,0,0,4406311,19.86
27/01/2014,0,0,9(2.27 %),0,0,0,0,4406311,19.86
06/02/2014,0,0,9.2(2.22 %),0,0,0,0,4406311,19.86
07/02/2014,-1120,-10080000,9.1(-1.09 %),0,0,1120,10080000,4407431,19.85
10/02/2014,0,0,9(-1.10 %),0,0,0,0,4407431,19.85
11/02/2014,0,0,9.1(1.11 %),0,0,0,0,4407431,19.85
12/02/2014,0,0,9(-1.10 %),0,0,0,0,4407431,19.85
13/02/2014,450,4250000,9.1(1.11 %),2000,18200000,1550,13950000,4406981,19.85
14/02/2014,0,0,9.3(2.20 %),0,0,0,0,4406981,19.85
17/02/2014,-10660,-100836000,9.6(3.23 %),0,0,10660,100836000,4417641,19.78
18/02/2014,-5000,-48300000,9.8(2.08 %),0,0,5000,48300000,4422641,19.75
19/02/2014,0,0,9.9(1.02 %),0,0,0,0,4422641,19.75
20/02/2014,0,0,9.6(-3.03 %),0,0,0,0,4422641,19.75
21/02/2014,0,0,9.6(0.00 %),0,0,0,0,4422641,19.75
24/02/2014,2360,22656000,9.7(1.04 %),2360,22656000,0,0,4420281,19.77
25/02/2014,0,0,9.8(1.03 %),0,0,0,0,4420281,19.77
26/02/2014,500,4900000,10(2.04 %),500,4900000,0,0,4419781,19.77
27/02/2014,-2260,-22603000,10(0.00 %),0,0,2260,22603000,4422041,19.75
28/02/2014,0,0,10.1(1.00 %),0,0,0,0,4422041,19.75
03/03/2014,0,0,9.8(-2.97 %),0,0,0,0,4419781,19.77
04/03/2014,0,0,9.8(0.00 %),0,0,0,0,4419781,19.77
05/03/2014,0,0,9.8(0.00 %),0,0,0,0,4419781,19.77
06/03/2014,0,0,9.5(-3.06 %),0,0,0,0,4419781,19.77
07/03/2014,-10,-95000,9.5(0.00 %),0,0,10,95000,4419791,19.77
10/03/2014,830,7968000,9.8(3.16 %),830,7968000,0,0,4418961,19.77
11/03/2014,0,0,9.8(0.00 %),0,0,0,0,4418961,19.77
12/03/2014,0,0,9.8(0.00 %),0,0,0,0,4418961,19.77
13/03/2014,0,0,9.6(-2.04 %),0,0,0,0,4418961,19.77
14/03/2014,0,0,9.7(1.04 %),0,0,0,0,4418961,19.77
17/03/2014,0,0,10.2(5.15 %),0,0,0,0,4418961,19.77
18/03/2014,0,0,10.2(0.00 %),0,0,0,0,4418961,19.77
19/03/2014,-3000,-31800000,10.8(5.88 %),0,0,3000,31800000,4421961,19.75
20/03/2014,50,510000,10.7(-0.93 %),150,1620000,100,1110000,4421911,19.75
21/03/2014,-5000,-54500000,10.9(1.87 %),0,0,5000,54500000,4426911,19.72
24/03/2014,-1000,-10900000,11(0.92 %),0,0,1000,10900000,4427911,19.71
25/03/2014,-10830,-124211000,11.6(5.45 %),0,0,10830,124211000,4438741,19.64
26/03/2014,0,0,11.2(-3.45 %),0,0,0,0,4438741,19.64
27/03/2014,0,0,11(-1.79 %),0,0,0,0,4438741,19.64
28/03/2014,0,0,11.3(2.73 %),0,0,0,0,4438741,19.64
31/03/2014,0,0,11.4(0.88 %),0,0,0,0,4438741,19.64
01/04/2014,-2980,-32482000,11.3(-0.88 %),0,0,2980,32482000,4441001,19.63
02/04/2014,0,0,10.9(-3.54 %),0,0,0,0,4441001,19.63
03/04/2014,1080,11876000,11(0.92 %),1100,12100000,20,224000,4439921,19.64
04/04/2014,0,0,10.9(-0.91 %),0,0,0,0,4439921,19.64
07/04/2014,0,0,10.7(-1.83 %),0,0,0,0,4439921,19.64
08/04/2014,0,0,10.3(-3.74 %),0,0,0,0,4439921,19.64
10/04/2014,0,0,10.3(0.00 %),0,0,0,0,4439921,19.64
11/04/2014,0,0,10.4(0.97 %),0,0,0,0,4439921,19.64
14/04/2014,0,0,10.1(-2.88 %),0,0,0,0,4439921,19.64
15/04/2014,0,0,9.8(-2.97 %),0,0,0,0,4439921,19.64
16/04/2014,0,0,9.2(-6.12 %),0,0,0,0,4439921,19.64
17/04/2014,0,0,9.8(6.52 %),0,0,0,0,4439921,19.64
18/04/2014,0,0,9.2(-6.12 %),0,0,0,0,4439921,19.64
21/04/2014,0,0,9.3(1.09 %),0,0,0,0,4439921,19.64
22/04/2014,3860,35898000,9.5(2.15 %),3860,35898000,0,0,4436061,19.66
23/04/2014,0,0,9.6(1.05 %),0,0,0,0,4436061,19.66
24/04/2014,0,0,9.8(2.08 %),0,0,0,0,4436061,19.66
25/04/2014,0,0,9.8(0.00 %),0,0,0,0,4436061,19.66
28/04/2014,-95130,-879606000,9.8(0.00 %),0,0,95130,879606000,4531191,19.03
29/04/2014,50,480000,9.3(-5.10 %),50,480000,0,0,4531141,19.03
05/05/2014,-370,-3413000,9.5(2.15 %),0,0,370,3413000,4438996,19.64
06/05/2014,-30410,-273813000,9.3(-2.11 %),0,0,30410,273813000,4469406,19.44
07/05/2014,-5240,-48756000,9.4(1.08 %),0,0,5240,48756000,4474646,19.41
08/05/2014,-500,-4400000,8.8(-6.38 %),1000,8800000,1500,13200000,4475146,19.4
09/05/2014,1000,8900000,9.4(6.82 %),1000,8900000,0,0,4474146,19.41
12/05/2014,0,0,8.8(-6.38 %),0,0,0,0,4474146,19.41
13/05/2014,-350,-3080000,8.8(0.00 %),0,0,350,3080000,4474496,19.41
14/05/2014,-5000,-43800000,9.4(6.82 %),0,0,5000,43800000,4479496,19.37
15/05/2014,-3020,-26990000,9.4(0.00 %),0,0,3020,26990000,4482516,19.35
16/05/2014,0,0,9.3(4.49 %),0,0,0,0,4482516,19.35
19/05/2014,-10,-93000,9.2(-1.08 %),0,0,10,93000,4482526,19.35
20/05/2014,-720,-6696000,9.3(1.09 %),0,0,720,6696000,4483246,19.35
21/05/2014,0,0,9.2(-1.08 %),0,0,0,0,4483246,19.35
22/05/2014,-20,-180000,9.2(0.00 %),0,0,20,180000,4483266,19.35
23/05/2014,0,0,9.2(0.00 %),0,0,0,0,4483266,19.35
26/05/2014,0,0,9.2(0.00 %),0,0,0,0,4483266,19.35
27/05/2014,4850,44635000,9.1(-1.09 %),5000,46000000,150,1365000,4478416,19.38
28/05/2014,-200,-1820000,9.1(0.00 %),0,0,200,1820000,4478616,19.38
29/05/2014,2200,19780000,9(-1.10 %),2400,21600000,200,1820000,4476416,19.39
30/05/2014,0,0,9(0.00 %),0,0,0,0,4476416,19.39
02/06/2014,0,0,9.1(1.11 %),0,0,0,0,4571518,18.76
03/06/2014,0,0,8.9(-2.20 %),0,0,0,0,4571518,18.76
04/06/2014,1000,8600000,8.9(0.00 %),1000,8600000,0,0,4570518,18.77
05/06/2014,-600,-5400000,9.1(2.25 %),0,0,600,5400000,4571118,18.77
06/06/2014,-200,-1820000,9.1(0.00 %),0,0,200,1820000,4571318,18.77
09/06/2014,0,0,9.1(0.00 %),0,0,0,0,4571318,18.77
10/06/2014,0,0,9.2(1.10 %),0,0,0,0,4571318,18.77
11/06/2014,-220,-1958000,9.1(-1.09 %),0,0,220,1958000,4571538,18.76
12/06/2014,-300,-2738000,9.2(1.10 %),0,0,300,2738000,4571838,18.76
13/06/2014,-200,-1840000,9.2(0.00 %),0,0,200,1840000,4572038,18.76
16/06/2014,-100,-920000,9.2(0.00 %),0,0,100,920000,4572138,18.76
17/06/2014,-2200,-19840000,9.2(0.00 %),0,0,2200,19840000,4574338,18.75
18/06/2014,-100,-920000,9.3(1.09 %),0,0,100,920000,4574438,18.75
19/06/2014,-670,-6164000,9.1(-2.15 %),0,0,670,6164000,4575108,18.74
20/06/2014,-200,-1830000,9.3(2.20 %),0,0,200,1830000,4575308,18.74
23/06/2014,12130,110897000,9.3(0.00 %),12130,110897000,0,0,4563178,18.82
24/06/2014,35480,335162000,9.8(5.38 %),35660,336836000,180,1674000,4527698,19.05
25/06/2014,0,0,9.9(1.02 %),0,0,0,0,4527698,19.05
26/06/2014,0,0,10(1.01 %),0,0,0,0,4527698,19.05
27/06/2014,0,0,9.9(-1.00 %),0,0,0,0,4527698,19.05
30/06/2014,0,0,10(1.01 %),0,0,0,0,4527698,19.05
01/07/2014,0,0,10(0.00 %),0,0,0,0,4528115,19.05
02/07/2014,0,0,9.9(-1.00 %),0,0,0,0,4528115,19.05
03/07/2014,0,0,9.9(0.00 %),0,0,0,0,4528115,19.05
04/07/2014,0,0,9.7(-2.02 %),0,0,0,0,4528115,19.05
07/07/2014,0,0,10.1(4.12 %),0,0,0,0,4528115,19.05
08/07/2014,-2200,-21120000,9.9(-1.98 %),0,0,2200,21120000,4530315,19.04
09/07/2014,0,0,9.8(-1.01 %),0,0,0,0,4530315,19.04
10/07/2014,0,0,9.8(0.00 %),0,0,0,0,4528115,19.05
11/07/2014,0,0,9.8(0.00 %),0,0,0,0,4528115,0.0
14/07/2014,0,0,9.8(0.00 %),0,0,0,0,4528115,19.05
15/07/2014,0,0,9.7(-1.02 %),0,0,0,0,4528115,19.05
16/07/2014,-400,-3880000,9.7(0.00 %),0,0,400,3880000,4530315,0.0
17/07/2014,-6550,-65235000,9.7(0.00 %),17000,163200000,23550,228435000,4536865,18.99
18/07/2014,-40290,-394632000,9.8(1.03 %),8950,85920000,49240,480552000,4513315,19.15
21/07/2014,-34340,-355836000,10.4(6.12 %),0,0,34340,355836000,4504365,19.21
22/07/2014,-23670,-243971000,10.3(-0.96 %),0,0,23670,243971000,4504765,0.0
23/07/2014,-38050,-391920000,10.3(0.00 %),0,0,38050,391920000,4528315,19.05
24/07/2014,-55720,-574146000,10.3(0.00 %),0,0,55720,574146000,4577555,0.0
25/07/2014,0,0,10.5(1.94 %),0,0,0,0,4611895,0.0
28/07/2014,0,0,10.3(-1.90 %),0,0,0,0,4635565,0.0
29/07/2014,0,0,10.2(-0.97 %),0,0,0,0,4673615,0.0
30/07/2014,-24630,-253761000,10.4(1.96 %),0,0,24630,253761000,4729335,0.0
31/07/2014,0,0,10.3(-0.96 %),0,0,0,0,4729335,0.0
01/08/2014,-24060,-247818000,10.3(0.00 %),0,0,24060,247818000,4729335,0.0
04/08/2014,-3950,-40831000,10.3(0.00 %),0,0,3950,40831000,4729335,0.0
05/08/2014,-2000,-21000000,10.6(2.91 %),0,0,2000,21000000,4753965,0.0
06/08/2014,0,0,10.5(-0.94 %),0,0,0,0,4753965,17.56
07/08/2014,0,0,10.7(1.90 %),0,0,0,0,4753965,17.56
08/08/2014,0,0,10.7(0.00 %),0,0,0,0,4781975,0.0
11/08/2014,-900,-9540000,10.6(-0.93 %),0,0,900,9540000,4783975,0.0
12/08/2014,-90,-945000,10.6(0.00 %),0,0,90,945000,4783975,0.0
13/08/2014,-50140,-525870000,10.5(-0.94 %),0,0,50140,525870000,4783975,0.0
14/08/2014,0,0,10.7(1.90 %),0,0,0,0,4783975,17.36
15/08/2014,-1000,-10700000,10.8(0.93 %),0,0,1000,10700000,4784880,17.35
18/08/2014,0,0,10.9(0.93 %),0,0,0,0,4784970,0.0
19/08/2014,-160,-1744000,10.9(0.00 %),0,0,160,1744000,4835110,0.0
20/08/2014,0,0,10.9(0.00 %),0,0,0,0,4835110,0.0
21/08/2014,0,0,10.9(0.00 %),0,0,0,0,4836110,0.0
22/08/2014,-1000,-11000000,11(0.92 %),0,0,1000,11000000,4836110,17.02
25/08/2014,0,0,11(0.00 %),0,0,0,0,4836270,17.01
26/08/2014,-3600,-39600000,11(0.00 %),0,0,3600,39600000,4836270,17.01
27/08/2014,0,0,11.1(0.91 %),0,0,0,0,4836270,17.01
28/08/2014,0,0,11.2(0.90 %),0,0,0,0,4837270,17.01
29/08/2014,0,0,11.1(-0.89 %),0,0,0,0,4837270,0.0
03/09/2014,0,0,11(-0.90 %),0,0,0,0,4840870,16.98
04/09/2014,0,0,11(0.00 %),0,0,0,0,4840870,0.0
05/09/2014,-11570,-127270000,10.9(-0.91 %),0,0,11570,127270000,4840870,0.0
08/09/2014,0,0,10.9(0.00 %),0,0,0,0,4840870,16.98
09/09/2014,0,0,11(0.92 %),0,0,0,0,4840870,16.98
10/09/2014,0,0,10.9(-0.91 %),0,0,0,0,4840870,0.0
11/09/2014,-21528,-284727000,11.6(6.42 %),56670,622370000,78198,907097000,4795770,0.0
12/09/2014,-206260,-2557374000,12.4(6.90 %),0,0,206260,2557374000,4795770,0.0
15/09/2014,-200000,-2640000000,13.2(6.45 %),0,0,200000,2640000000,4795770,17.28
16/09/2014,-136040,-1917364000,13.4(1.52 %),0,0,136040,1917364000,4795770,0.0
17/09/2014,-22840,-309737000,13.1(-2.24 %),1500,20250000,24340,329987000,4872468,0.0
18/09/2014,-4930,-64583000,13.2(0.76 %),0,0,4930,64583000,5078728,0.0
19/09/2014,0,0,12.7(-3.79 %),0,0,0,0,5278728,0.0
22/09/2014,-450,-5850000,13(2.36 %),0,0,450,5850000,5414768,0.0
23/09/2014,48960,636480000,13(0.00 %),48960,636480000,0,0,5390148,0.0
24/09/2014,21210,275430000,13.2(1.54 %),21210,275430000,0,0,5368938,13.49
25/09/2014,0,0,13.1(-0.76 %),0,0,0,0,5368938,13.49
26/09/2014,-1520,-19760000,13.1(0.00 %),0,0,1520,19760000,5370458,13.48
29/09/2014,0,0,13(-0.76 %),0,0,0,0,5374318,0.0
30/09/2014,0,0,12.7(-2.31 %),0,0,0,0,5374318,0.0
01/10/2014,0,0,13.2(3.94 %),0,0,0,0,5374318,0.0
02/10/2014,0,0,12.9(-2.27 %),0,0,0,0,5375838,0.0
03/10/2014,0,0,13(0.78 %),0,0,0,0,5375838,0.0
06/10/2014,500,6650000,13.2(1.54 %),500,6650000,0,0,5375338,0.0
07/10/2014,-400,-5280000,13.4(1.52 %),0,0,400,5280000,5375338,0.0
08/10/2014,0,0,13.3(-0.75 %),0,0,0,0,5375338,0.0
09/10/2014,-1000,-13300000,13.2(-0.75 %),0,0,1000,13300000,5375338,0.0
10/10/2014,0,0,13.3(0.76 %),0,0,0,0,5375338,0.0
13/10/2014,0,0,13.4(0.75 %),0,0,0,0,5375338,13.45
14/10/2014,0,0,13.2(-1.49 %),0,0,0,0,5375338,13.45
15/10/2014,0,0,13.1(-0.76 %),0,0,0,0,5375338,13.45
16/10/2014,-240,-3144000,13.1(0.00 %),0,0,240,3144000,5375578,13.45
17/10/2014,0,0,13(-0.76 %),0,0,0,0,5375578,13.45
20/10/2014,-7960,-100400000,12.5(-3.85 %),0,0,7960,100400000,5383538,13.39
21/10/2014,-810,-10175000,12.5(0.00 %),0,0,810,10175000,5384348,13.39
22/10/2014,-1000,-13300000,13.3(6.40 %),0,0,1000,13300000,5385348,13.38
23/10/2014,0,0,13.3(0.00 %),0,0,0,0,5385348,13.38
24/10/2014,-5700,-72999000,13.2(-0.75 %),0,0,5700,72999000,5391048,13.34
27/10/2014,0,0,13(-1.52 %),0,0,0,0,5391048,13.34
29/10/2014,0,0,13.2(1.54 %),0,0,0,0,5391048,13.34
30/10/2014,0,0,13.1(-0.76 %),0,0,0,0,5391048,13.34
31/10/2014,-4000,-52000000,13.2(0.76 %),0,0,4000,52000000,5395048,13.32
03/11/2014,0,0,13(-1.52 %),0,0,0,0,5392748,13.33
04/11/2014,0,0,13.3(2.31 %),0,0,0,0,5392748,13.33
05/11/2014,-100,-1420000,14.2(6.77 %),0,0,100,1420000,5392848,13.33
06/11/2014,1000,14400000,14.4(1.41 %),1000,14400000,0,0,5391848,13.34
07/11/2014,0,0,14.2(-1.39 %),0,0,0,0,5391848,13.34
10/11/2014,1000,14600000,14.5(2.11 %),1000,14600000,0,0,5390848,13.35
11/11/2014,0,0,14.5(0.00 %),0,0,0,0,5390848,13.35
12/11/2014,0,0,14.6(0.69 %),0,0,0,0,5390848,13.35
13/11/2014,2960,42816000,14.1(-3.42 %),3000,43400000,40,584000,5387888,13.37
14/11/2014,0,0,14.2(0.71 %),0,0,0,0,5387888,13.37
17/11/2014,-1400,-19510000,14.4(1.41 %),0,0,1400,19510000,5389288,13.36
18/11/2014,0,0,14.4(0.00 %),0,0,0,0,5389288,13.36
19/11/2014,0,0,14.2(-1.39 %),0,0,0,0,5389288,13.36
20/11/2014,0,0,14.2(0.00 %),0,0,0,0,5391888,0.0
21/11/2014,0,0,14.3(0.70 %),0,0,0,0,5393288,0.0
24/11/2014,-2000,-28000000,14.3(0.00 %),0,0,2000,28000000,5393288,0.0
25/11/2014,-7600,-107920000,14.3(0.00 %),0,0,7600,107920000,5393288,0.0
26/11/2014,0,0,14.2(-0.70 %),0,0,0,0,5393288,0.0
27/11/2014,0,0,14.3(0.70 %),0,0,0,0,5393288,0.0
28/11/2014,0,0,13.9(-2.80 %),0,0,0,0,5395288,0.0
01/12/2014,0,0,13.9(0.00 %),0,0,0,0,5402888,0.0
02/12/2014,0,0,14.1(1.44 %),0,0,0,0,5402893,0.0
03/12/2014,0,0,14.2(0.71 %),0,0,0,0,5402893,0.0
04/12/2014,-6710,-94880000,14.2(0.00 %),0,0,6710,94880000,5402893,0.0
05/12/2014,1990,28290000,14.3(0.70 %),1990,28290000,0,0,5400903,0.0
08/12/2014,2000,28000000,14(-2.10 %),2000,28000000,0,0,5398903,0.0
09/12/2014,0,0,13.7(-2.14 %),0,0,0,0,5398903,0.0
10/12/2014,600,8520000,14.1(2.92 %),600,8520000,0,0,5405013,0.0
11/12/2014,-1720,-24250000,14(-0.71 %),0,0,1720,24250000,5405013,0.0
12/12/2014,-1560,-21684000,14.2(1.43 %),0,0,1560,21684000,5406573,13.24
15/12/2014,0,0,14.1(-0.70 %),0,0,0,0,5405013,0.0
16/12/2014,0,0,13.8(-2.13 %),0,0,0,0,5405013,0.0
17/12/2014,-9590,-128560000,13.4(-2.90 %),0,0,9590,128560000,5406733,0.0
18/12/2014,-17370,-234500000,13.5(0.75 %),0,0,17370,234500000,5408293,0.0
19/12/2014,-990,-13370000,13.5(0.00 %),0,0,990,13370000,5408293,0.0
22/12/2014,-13510,-182385000,13.5(0.00 %),0,0,13510,182385000,5421803,13.14
23/12/2014,-2990,-40370000,13.5(0.00 %),0,0,2990,40370000,5417883,0.0
24/12/2014,-18120,-244620000,13.5(0.00 %),0,0,18120,244620000,5435253,0.0
25/12/2014,0,0,13.5(0.00 %),0,0,0,0,5436243,0.0
26/12/2014,0,0,13.5(0.00 %),0,0,0,0,5436243,13.05
29/12/2014,0,0,13.5(0.00 %),0,0,0,0,5436243,13.05
30/12/2014,0,0,13.7(1.48 %),0,0,0,0,5436243,13.05
31/12/2014,0,0,13.7(0.00 %),0,0,0,0,5436243,13.05
05/01/2015,0,0,13.6(-0.73 %),0,0,0,0,5470863,12.82
06/01/2015,0,0,13.6(0.00 %),0,0,0,0,5470863,12.82
07/01/2015,0,0,13.6(0.00 %),0,0,0,0,5470863,12.82
08/01/2015,-4000,-54000000,13.6(0.00 %),0,0,4000,54000000,5474863,12.79
09/01/2015,0,0,13.4(-1.47 %),0,0,0,0,5474863,12.79
12/01/2015,0,0,13.3(-0.75 %),0,0,0,0,5474863,12.79
13/01/2015,0,0,13.6(2.26 %),0,0,0,0,5474863,12.79
14/01/2015,0,0,13.8(1.47 %),0,0,0,0,5474863,12.79
15/01/2015,0,0,14(1.45 %),0,0,0,0,5474863,12.79
16/01/2015,95760,1372078000,14.4(2.86 %),95760,1372078000,0,0,5379103,13.42
19/01/2015,29040,430572000,15.1(4.86 %),69040,1026572000,40000,596000000,5350063,13.62
20/01/2015,2000,30500000,15.2(0.66 %),2000,30500000,0,0,5348063,13.63
21/01/2015,3000,43800000,14.8(-2.63 %),3000,43800000,0,0,5345063,13.65
22/01/2015,0,0,14.6(-1.35 %),0,0,0,0,5345063,13.65
23/01/2015,0,0,15.1(3.42 %),0,0,0,0,5345063,13.65
26/01/2015,-5820,-86982000,15(-0.66 %),180,2718000,6000,89700000,5350883,13.61
27/01/2015,-3000,-45000000,15(0.00 %),0,0,3000,45000000,5353883,13.59
28/01/2015,2000,30000000,15.1(0.67 %),2000,30000000,0,0,5351883,13.6
29/01/2015,0,0,14.9(-1.32 %),0,0,0,0,5351883,13.6
30/01/2015,0,0,14.9(0.00 %),0,0,0,0,5351883,13.6
02/02/2015,0,0,14.8(-0.67 %),0,0,0,0,5351892,13.6
03/02/2015,0,0,14.7(-0.68 %),0,0,0,0,5351892,13.6
04/02/2015,-2000,-28600000,14.6(-0.68 %),0,0,2000,28600000,5353892,13.59
05/02/2015,0,0,14.2(-2.74 %),0,0,0,0,5353892,13.59
06/02/2015,0,0,14.5(2.11 %),0,0,0,0,5353892,13.59
09/02/2015,0,0,14.4(-0.69 %),0,0,0,0,5353892,13.59
10/02/2015,-95000,-1350180000,14.2(-1.39 %),0,0,95000,1350180000,5448892,12.96
11/02/2015,-60000,-859500000,14.3(0.70 %),0,0,60000,859500000,5508892,12.57
12/02/2015,-64010,-924544000,14.4(0.70 %),0,0,64010,924544000,5572902,12.14
13/02/2015,-57600,-826860000,14.7(2.08 %),12600,184020000,70200,1010880000,5630502,11.76
24/02/2015,0,0,14.7(0.00 %),0,0,0,0,5630502,11.76
25/02/2015,0,0,14.7(0.00 %),0,0,0,0,5630502,11.76
26/02/2015,0,0,14.7(0.00 %),0,0,0,0,5630502,11.76
27/02/2015,-560,-8176000,14.7(0.00 %),0,0,560,8176000,5631062,11.76
02/03/2015,0,0,14.5(-1.36 %),0,0,0,0,5630502,11.76
03/03/2015,0,0,14.6(0.69 %),0,0,0,0,5630502,11.76
04/03/2015,0,0,14.7(0.68 %),0,0,0,0,5630502,11.76
05/03/2015,0,0,14.6(-0.68 %),0,0,0,0,5630502,11.76
06/03/2015,13400,195800000,14.6(0.00 %),15000,219000000,1600,23200000,5617102,11.85
09/03/2015,0,0,14.7(0.68 %),0,0,0,0,5617102,11.85
10/03/2015,2000,29400000,15.2(3.40 %),2000,29400000,0,0,5615102,11.86
11/03/2015,0,0,15.3(0.66 %),0,0,0,0,5615102,11.86
12/03/2015,-62630,-1005869000,16.2(5.88 %),0,0,62630,1005869000,5677732,11.45
13/03/2015,-37870,-638533000,16.4(1.23 %),0,0,37870,638533000,5715602,11.2
16/03/2015,-1000,-16400000,16.3(-0.61 %),0,0,1000,16400000,5716602,11.19
17/03/2015,3000,49600000,16.8(3.07 %),5000,83000000,2000,33400000,5713602,11.21
18/03/2015,0,0,16.4(-2.38 %),0,0,0,0,5713602,11.21
19/03/2015,0,0,16.5(0.61 %),0,0,0,0,5713602,11.21
20/03/2015,1000,16506000,16.5(0.00 %),1000,16506000,0,0,5712602,11.22
23/03/2015,-5200,-85320000,16.6(0.61 %),0,0,5200,85320000,5717802,11.18
24/03/2015,0,0,16.9(1.81 %),0,0,0,0,5717802,11.18
25/03/2015,0,0,16.7(-1.18 %),0,0,0,0,5717802,11.18
26/03/2015,0,0,16.7(0.00 %),0,0,0,0,5717802,11.18
27/03/2015,15000,247140000,16.7(0.00 %),15000,247140000,0,0,5702802,11.28
30/03/2015,0,0,16.1(-3.59 %),0,0,0,0,5702802,11.28
31/03/2015,0,0,16.5(2.48 %),0,0,0,0,5702802,11.28
01/04/2015,0,0,16.3(-1.21 %),0,0,0,0,5703362,11.28
02/04/2015,0,0,16.4(0.61 %),0,0,0,0,5703362,11.28
03/04/2015,0,0,16.4(0.00 %),0,0,0,0,5703362,11.28
06/04/2015,0,0,16.4(0.00 %),0,0,0,0,5703362,11.28
07/04/2015,0,0,16.5(0.61 %),0,0,0,0,5703362,11.28
08/04/2015,-4500,-74250000,16.5(0.00 %),0,0,4500,74250000,5707862,11.25
09/04/2015,-3000,-49500000,16.6(0.61 %),0,0,3000,49500000,5710862,11.23
10/04/2015,0,0,16.7(0.60 %),0,0,0,0,5710862,11.23
13/04/2015,0,0,16.6(-0.60 %),0,0,0,0,5710862,11.23
14/04/2015,0,0,16.8(1.20 %),0,0,0,0,5710862,11.23
15/04/2015,0,0,16.8(0.00 %),0,0,0,0,5710862,11.23
16/04/2015,0,0,16.9(0.60 %),0,0,0,0,5710862,11.23
17/04/2015,0,0,16.9(0.00 %),0,0,0,0,5710862,11.23
20/04/2015,2000,35000000,17.5(3.55 %),2000,35000000,0,0,5708862,11.24
21/04/2015,0,0,17.4(-0.57 %),0,0,0,0,5708862,11.24
22/04/2015,0,0,17.6(1.15 %),0,0,0,0,5708862,11.24
23/04/2015,-4000,-70445000,17.5(-0.57 %),0,0,4000,70445000,5712862,11.22
24/04/2015,1200,21120000,17.6(0.57 %),1200,21120000,0,0,5711662,11.22
27/04/2015,0,0,17.7(0.57 %),0,0,0,0,5711662,11.22
04/05/2015,0,0,16.9(-4.52 %),0,0,0,0,5707662,11.25
05/05/2015,-1200,-20280000,17.1(1.18 %),0,0,1200,20280000,5708862,11.24
06/05/2015,1200,20640000,17.5(2.34 %),1200,20640000,0,0,5707662,11.29
07/05/2015,0,0,17(1.80 %),0,0,0,0,5707662,11.29
08/05/2015,0,0,17.3(1.76 %),0,0,0,0,5707662,11.29
11/05/2015,0,0,17.2(-0.58 %),0,0,0,0,5707662,11.29
12/05/2015,-500,-8450000,17(-1.16 %),0,0,500,8450000,5708162,11.29
13/05/2015,0,0,17.2(1.18 %),0,0,0,0,5708162,11.29
14/05/2015,0,0,17.2(0.00 %),0,0,0,0,5708162,11.29
15/05/2015,0,0,17.7(2.91 %),0,0,0,0,5708162,11.29
18/05/2015,2000,34200000,17.4(-1.69 %),2000,34200000,0,0,5706162,11.3
19/05/2015,0,0,17.1(-1.72 %),0,0,0,0,5706162,11.3
20/05/2015,0,0,17.2(0.58 %),0,0,0,0,5706162,11.3
21/05/2015,-1200,-20280000,16.8(-2.33 %),0,0,1200,20280000,5707362,11.3
22/05/2015,0,0,17.5(4.17 %),0,0,0,0,5707362,11.3
25/05/2015,0,0,17.6(0.57 %),0,0,0,0,5707362,11.3
26/05/2015,0,0,17.5(-0.57 %),0,0,0,0,5707362,11.3
27/05/2015,24790,427150000,17.5(0.00 %),27790,479350000,3000,52200000,5682572,11.46
28/05/2015,-2000,-34800000,17.5(0.00 %),0,0,2000,34800000,5684572,11.45
29/05/2015,0,0,17.4(-0.57 %),0,0,0,0,5684572,11.45
01/06/2015,2000,35200000,17.9(2.87 %),2000,35200000,0,0,5681572,11.47
02/06/2015,0,0,17.9(0.00 %),0,0,0,0,5681572,11.47
03/06/2015,43110,754425000,17.6(-1.68 %),43110,754425000,0,0,5638462,11.75
04/06/2015,-2000,-35200000,17.6(0.00 %),0,0,2000,35200000,5640462,11.74
05/06/2015,2000,35400000,17.7(0.57 %),2000,35400000,0,0,5638462,11.75
08/06/2015,0,0,17.5(-1.13 %),0,0,0,0,5638462,11.75
09/06/2015,0,0,17.5(0.00 %),0,0,0,0,5638462,11.75
10/06/2015,-410,-7175000,17.5(0.00 %),0,0,410,7175000,5638872,11.75
11/06/2015,0,0,17.4(-0.57 %),0,0,0,0,5638872,11.75
12/06/2015,0,0,17.4(0.00 %),0,0,0,0,5638872,11.75
15/06/2015,0,0,17.5(0.57 %),0,0,0,0,5638872,11.75
16/06/2015,0,0,17.5(0.00 %),0,0,0,0,5638872,11.75
17/06/2015,-330,-5742000,17.5(0.00 %),0,0,330,5742000,5639202,11.75
18/06/2015,0,0,17.4(-0.57 %),0,0,0,0,5639202,11.75
19/06/2015,0,0,17.4(0.00 %),0,0,0,0,5639202,11.75
22/06/2015,0,0,17.2(-1.15 %),0,0,0,0,5639202,11.75
23/06/2015,0,0,17.1(-0.58 %),0,0,0,0,5639202,11.75
24/06/2015,1400,24080000,17.2(0.58 %),1400,24080000,0,0,5637802,11.76
25/06/2015,0,0,17.1(-0.58 %),0,0,0,0,5637802,11.76
26/06/2015,300,5160000,17.2(0.58 %),300,5160000,0,0,5637502,11.76
29/06/2015,0,0,17.3(0.58 %),0,0,0,0,5637502,11.76
30/06/2015,0,0,17.1(-1.16 %),0,0,0,0,5637502,11.76
01/07/2015,0,0,17.1(0.00 %),0,0,0,0,5642502,11.68
02/07/2015,0,0,17.1(0.00 %),0,0,0,0,5642502,11.68
03/07/2015,0,0,17.3(1.17 %),0,0,0,0,5642502,11.68
06/07/2015,0,0,17.3(0.00 %),0,0,0,0,5642502,11.68
07/07/2015,45350,795031000,17.6(1.73 %),45460,796956000,110,1925000,5597152,11.98
08/07/2015,-5500,-95700000,17.6(0.00 %),0,0,5500,95700000,5602652,11.95
09/07/2015,1800,31680000,17.7(0.57 %),1800,31680000,0,0,5600852,11.96
10/07/2015,6900,127238000,18.8(6.21 %),6900,127238000,0,0,5593952,12.0
13/07/2015,0,0,18.8(0.00 %),0,0,0,0,5593952,12.0
14/07/2015,0,0,18.4(-2.13 %),0,0,0,0,5593952,12.0
15/07/2015,6500,117000000,17.9(-2.72 %),6500,117000000,0,0,5587452,12.05
16/07/2015,0,0,18(0.56 %),0,0,0,0,5587452,12.05
17/07/2015,-1200,-21600000,17.9(-0.56 %),0,0,1200,21600000,5588652,12.04
20/07/2015,-1000,-17900000,18(0.56 %),0,0,1000,17900000,5589652,12.03
21/07/2015,21120,386377000,18.4(2.22 %),21420,391747000,300,5370000,5568532,12.17
22/07/2015,-600,-11040000,18(-2.17 %),0,0,600,11040000,5569132,12.17
23/07/2015,2200,40730000,18.2(1.11 %),2500,46250000,300,5520000,5566932,12.18
24/07/2015,1600,29250000,18.2(0.00 %),1900,34770000,300,5520000,5565332,12.19
27/07/2015,-600,-10980000,18.1(-0.55 %),0,0,600,10980000,5565932,12.19
28/07/2015,-1700,-30490000,17.7(-2.21 %),0,0,1700,30490000,5567632,12.18
29/07/2015,-300,-5310000,18(1.69 %),0,0,300,5310000,5567932,12.17
30/07/2015,-300,-5370000,17.8(-1.11 %),0,0,300,5370000,5568232,12.17
31/07/2015,-600,-10680000,17.8(0.00 %),0,0,600,10680000,5568832,12.17
03/08/2015,-200,-3540000,17.8(0.00 %),0,0,200,3540000,5567639,12.18
04/08/2015,-370,-6550000,17.8(0.00 %),0,0,370,6550000,5568009,12.17
05/08/2015,53260,972430000,18.3(2.81 %),53260,972430000,0,0,5514749,12.53
06/08/2015,0,0,18.3(0.00 %),0,0,0,0,5514749,12.53
07/08/2015,0,0,18.2(-0.55 %),0,0,0,0,5514749,12.53
10/08/2015,2200,40160000,18.3(0.55 %),2200,40160000,0,0,5512549,12.54
11/08/2015,0,0,18.2(-0.55 %),0,0,0,0,5512549,12.54
12/08/2015,0,0,18.1(-0.55 %),0,0,0,0,5512549,12.54
13/08/2015,5000,90830000,18(-0.55 %),5000,90830000,0,0,5507549,12.57
14/08/2015,0,0,18.1(0.56 %),0,0,0,0,5507549,12.57
17/08/2015,-580,-10500000,18.1(0.00 %),0,0,580,10500000,5508129,12.57
18/08/2015,1400,25200000,18(-0.55 %),1400,25200000,0,0,5506729,12.58
19/08/2015,0,0,18(0.00 %),0,0,0,0,5506729,12.58
20/08/2015,-1020,-18260000,17.8(-1.11 %),0,0,1020,18260000,5507749,12.57
21/08/2015,39000,687500000,17.8(0.00 %),43380,765350000,4380,77850000,5468749,12.83
24/08/2015,0,0,17.2(-3.37 %),0,0,0,0,5468749,12.83
25/08/2015,0,0,17.3(0.58 %),0,0,0,0,5468749,12.83
26/08/2015,0,0,17.7(2.31 %),0,0,0,0,5468749,12.83
27/08/2015,-3000,-52200000,17.4(-1.69 %),0,0,3000,52200000,5471749,12.81
28/08/2015,0,0,17.7(1.72 %),0,0,0,0,5471749,12.81
31/08/2015,0,0,17.6(-0.56 %),0,0,0,0,5471749,12.81
01/09/2015,0,0,17.9(1.70 %),0,0,0,0,5470161,12.82
03/09/2015,45900,793570000,17.2(1.78 %),45900,793570000,0,0,5424261,13.13
04/09/2015,0,0,17.2(0.00 %),0,0,0,0,5424261,13.13
07/09/2015,-540,-9230000,17(-1.16 %),0,0,540,9230000,5424801,13.12
08/09/2015,-220,-3700000,17(0.00 %),0,0,220,3700000,5425021,13.12
09/09/2015,0,0,17(0.00 %),0,0,0,0,5425021,13.12
10/09/2015,-3750,-63750000,17(0.00 %),0,0,3750,63750000,5428771,13.1
11/09/2015,0,0,17(0.00 %),0,0,0,0,5428771,13.1
14/09/2015,0,0,17(0.00 %),0,0,0,0,5428771,13.1
15/09/2015,0,0,17(0.00 %),0,0,0,0,5428771,13.1
16/09/2015,-6750,-113400000,17(0.00 %),0,0,6750,113400000,5435521,13.05
17/09/2015,3940,67010000,17.2(1.18 %),3940,67010000,0,0,5431581,13.08
18/09/2015,40550,702030000,17.3(0.58 %),41600,720200000,1050,18170000,5391031,13.34
21/09/2015,0,0,17.2(-0.58 %),0,0,0,0,5391031,13.34
22/09/2015,0,0,17.2(0.00 %),0,0,0,0,5391031,13.34
23/09/2015,0,0,17(-1.16 %),0,0,0,0,5391031,13.34
24/09/2015,0,0,17(0.00 %),0,0,0,0,5391031,13.34
25/09/2015,0,0,17(0.00 %),0,0,0,0,5391031,13.34
28/09/2015,-10000,-170200000,17.2(1.18 %),0,0,10000,170200000,5401031,13.28
29/09/2015,0,0,17(-1.16 %),0,0,0,0,5401031,13.28
30/09/2015,0,0,17.1(0.59 %),0,0,0,0,5401031,13.28
01/10/2015,0,0,17.8(4.09 %),0,0,0,0,5394036,13.33
02/10/2015,35850,647730000,18.4(3.37 %),35850,647730000,0,0,5358186,13.56
05/10/2015,15860,289050000,18.2(-1.09 %),15860,289050000,0,0,5342326,13.67
06/10/2015,0,0,18.7(2.75 %),0,0,0,0,5342326,13.67
07/10/2015,0,0,18.1(-3.21 %),0,0,0,0,5342326,13.67
08/10/2015,0,0,18.1(0.00 %),0,0,0,0,5342326,13.67
09/10/2015,-670,-11990000,17.9(-1.10 %),0,0,670,11990000,5342996,13.66
12/10/2015,0,0,17.7(-1.12 %),0,0,0,0,5342996,13.66
13/10/2015,20000,366000000,18.5(4.52 %),20000,366000000,0,0,5322996,13.79
14/10/2015,11830,217910000,18.5(0.00 %),11830,217910000,0,0,5311166,13.87
15/10/2015,2900,52780000,18.1(-2.16 %),2900,52780000,0,0,5308266,13.89
16/10/2015,0,0,17.8(-1.66 %),0,0,0,0,5308266,13.89
19/10/2015,7150,128340000,17.9(0.56 %),7150,128340000,0,0,5301116,13.94
20/10/2015,-5000,-90500000,17.9(0.00 %),0,0,5000,90500000,5306116,13.91
21/10/2015,-500,-8950000,17.9(0.00 %),0,0,500,8950000,5306616,13.9
22/10/2015,-9500,-173000000,18.1(1.12 %),1000,18100000,10500,191100000,5316116,13.84
23/10/2015,0,0,18.1(0.00 %),0,0,0,0,5316116,13.84
26/10/2015,10000,178000000,17.9(-1.10 %),10000,178000000,0,0,5306116,13.91
27/10/2015,7300,130870000,17.8(-0.56 %),8300,148570000,1000,17700000,5298816,13.95
28/10/2015,-2030,-36840000,18(1.12 %),12700,227330000,14730,264170000,5300846,13.94
29/10/2015,-70370,-1271180000,18.2(1.11 %),7000,127400000,77370,1398580000,5371216,13.48
30/10/2015,0,0,18(-1.10 %),0,0,0,0,5371216,13.48
02/11/2015,-6750,-124400000,18.4(2.22 %),5000,92300000,11750,216700000,5284116,14.05
03/11/2015,0,0,18.4(0.00 %),0,0,0,0,5284116,14.05
04/11/2015,5000,91500000,18.2(-1.09 %),5000,91500000,0,0,5279116,14.09
05/11/2015,1000,18200000,18.1(-0.55 %),1000,18200000,0,0,5278116,14.09
06/11/2015,-8810,-158960000,17.8(-1.66 %),0,0,8810,158960000,5286926,14.03
09/11/2015,500,8950000,18.2(2.25 %),500,8950000,0,0,5286426,14.04
10/11/2015,-390,-7020000,18.1(-0.55 %),0,0,390,7020000,5286816,14.03
11/11/2015,23000,428300000,18.2(0.55 %),23000,428300000,0,0,5263816,14.19
12/11/2015,0,0,18.2(0.00 %),0,0,0,0,5263816,14.19
13/11/2015,-100,-1840000,18.3(0.55 %),0,0,100,1840000,5263916,14.19
16/11/2015,0,0,18.3(0.00 %),0,0,0,0,5263916,14.19
17/11/2015,0,0,18.4(0.55 %),0,0,0,0,5263916,14.19
18/11/2015,2300,44640000,18.5(0.54 %),25970,477410000,23670,432770000,5261616,14.2
19/11/2015,0,0,18.4(-0.54 %),0,0,0,0,5261616,14.2
20/11/2015,-2150,-39560000,18.5(0.54 %),0,0,2150,39560000,5263766,14.19
23/11/2015,0,0,18.4(-0.54 %),0,0,0,0,5263766,14.19
24/11/2015,-3370,-61670000,18.3(-0.54 %),0,0,3370,61670000,5365466,13.51
25/11/2015,-12990,-239520000,18.5(1.09 %),0,0,12990,239520000,5365466,13.51
26/11/2015,-25000,-470080000,19.6(5.95 %),0,0,25000,470080000,5367616,13.5
27/11/2015,1400,27300000,19(-3.06 %),1400,27300000,0,0,5366216,13.51
30/11/2015,0,0,18.9(-0.53 %),0,0,0,0,5369591,13.49
01/12/2015,0,0,19(0.53 %),0,0,0,0,5382581,13.4
02/12/2015,0,0,18.8(-1.05 %),0,0,0,0,5407581,13.24
03/12/2015,0,0,19(1.06 %),0,0,0,0,5407581,13.24
04/12/2015,0,0,18.9(-0.53 %),0,0,0,0,5407581,13.24
07/12/2015,0,0,18.7(-1.06 %),0,0,0,0,5407581,13.24
08/12/2015,-1770,-33550000,19.1(2.14 %),0,0,1770,33550000,5407581,13.24
09/12/2015,0,0,19.3(1.05 %),0,0,0,0,5407581,13.24
10/12/2015,0,0,19.4(0.52 %),0,0,0,0,5407581,13.24
11/12/2015,-5850,-112170000,19.3(-0.52 %),0,0,5850,112170000,5407581,13.24
14/12/2015,-6500,-125040000,19.8(2.59 %),0,0,6500,125040000,5409351,13.22
15/12/2015,0,0,19.9(0.51 %),0,0,0,0,5409351,13.22
16/12/2015,0,0,20.3(2.01 %),0,0,0,0,5409351,13.22
17/12/2015,0,0,20.3(0.00 %),0,0,0,0,5415201,13.19
18/12/2015,0,0,20.8(2.46 %),0,0,0,0,5421701,13.14
21/12/2015,3060,65190000,21.3(2.40 %),3060,65190000,0,0,5418641,13.16
22/12/2015,0,0,21.1(-0.94 %),0,0,0,0,5418641,13.16
23/12/2015,0,0,20.8(-1.42 %),0,0,0,0,5418641,13.16
24/12/2015,20,420000,20.8(0.00 %),20,420000,0,0,5418621,13.16
25/12/2015,0,0,20.3(-2.40 %),0,0,0,0,5418621,13.16
28/12/2015,0,0,20.3(0.00 %),0,0,0,0,5418621,13.16
29/12/2015,0,0,20.7(1.97 %),0,0,0,0,5418621,13.16
30/12/2015,-500,-10300000,20.9(0.97 %),0,0,500,10300000,5418621,13.16
31/12/2015,100,2090000,20.6(-1.44 %),100,2090000,0,0,5418521,13.16
04/01/2016,0,0,20.4(-0.97 %),0,0,0,0,5418521,13.16
05/01/2016,0,0,20.4(0.00 %),0,0,0,0,5418521,13.16
06/01/2016,0,0,20.3(-0.49 %),0,0,0,0,5419021,13.16
07/01/2016,900,18270000,21.5(5.91 %),900,18270000,0,0,5418121,13.17
08/01/2016,0,0,20.8(-3.26 %),0,0,0,0,5418121,13.17
11/01/2016,0,0,20.3(-2.40 %),0,0,0,0,5418121,13.17
12/01/2016,-14860,-304830000,20.7(1.97 %),0,0,14860,304830000,5418121,13.17
13/01/2016,0,0,20.7(0.00 %),0,0,0,0,5418121,13.17
14/01/2016,-1000,-20500000,20.6(-0.48 %),0,0,1000,20500000,5418121,13.17
15/01/2016,0,0,20.3(-1.46 %),0,0,0,0,5432981,13.07
18/01/2016,0,0,20(-1.48 %),0,0,0,0,5432981,13.07
19/01/2016,0,0,20(0.00 %),0,0,0,0,5433981,13.06
20/01/2016,0,0,20(0.00 %),0,0,0,0,5433981,13.06
21/01/2016,0,0,20(0.00 %),0,0,0,0,5433981,13.06
22/01/2016,-8170,-163920000,20(0.00 %),0,0,8170,163920000,5433981,13.06
25/01/2016,0,0,20.9(4.50 %),0,0,0,0,5433981,13.06
26/01/2016,0,0,20.9(0.00 %),0,0,0,0,5433981,13.06
27/01/2016,3100,64800000,21(0.48 %),3100,64800000,0,0,5439051,13.03
28/01/2016,0,0,21.1(0.48 %),0,0,0,0,5439051,13.03
29/01/2016,0,0,21.1(0.00 %),0,0,0,0,5439051,13.03
01/02/2016,370,7840000,21(-0.47 %),370,7840000,0,0,5438681,13.03
02/02/2016,1260,26330000,20.8(-0.95 %),1260,26330000,0,0,5437421,13.04
03/02/2016,-3060,-63040000,20.9(0.48 %),0,0,3060,63040000,5437421,13.04
04/02/2016,-300,-6270000,20.8(-0.48 %),0,0,300,6270000,5437421,13.04
05/02/2016,-400,-8560000,21.4(2.88 %),0,0,400,8560000,5437421,13.04
15/02/2016,-200,-4280000,21.3(-0.47 %),0,0,200,4280000,5440481,13.02
16/02/2016,-180,-3850000,21.7(1.88 %),0,0,180,3850000,5440781,13.02
17/02/2016,0,0,22(1.38 %),0,0,0,0,5441181,13.01
18/02/2016,0,0,22.6(2.73 %),0,0,0,0,5441381,13.01
19/02/2016,0,0,23.1(2.21 %),0,0,0,0,5441561,13.01
22/02/2016,0,0,23.6(2.16 %),0,0,0,0,5441561,13.01
23/02/2016,0,0,23.1(-2.12 %),0,0,0,0,5441561,13.01
24/02/2016,0,0,22.7(-1.73 %),0,0,0,0,5441561,13.01
25/02/2016,0,0,22.7(0.00 %),0,0,0,0,5441561,13.01
26/02/2016,0,0,22.8(0.44 %),0,0,0,0,5441561,13.01
29/02/2016,0,0,23.3(2.19 %),0,0,0,0,5441561,13.01
01/03/2016,0,0,23.9(2.58 %),0,0,0,0,5441561,13.01
02/03/2016,0,0,24.2(1.26 %),0,0,0,0,5441561,13.01
03/03/2016,0,0,24.3(0.41 %),0,0,0,0,5441561,13.01
04/03/2016,-600,-13800000,24.3(0.00 %),0,0,600,13800000,5441561,13.01
07/03/2016,0,0,23.7(-2.47 %),0,0,0,0,5441561,13.01
08/03/2016,0,0,23.5(-0.84 %),0,0,0,0,5441561,13.01
09/03/2016,0,0,23.5(0.00 %),0,0,0,0,5442161,13.01
10/03/2016,0,0,24(2.13 %),0,0,0,0,5442161,13.01
11/03/2016,0,0,24.1(0.42 %),0,0,0,0,5442161,13.01
14/03/2016,0,0,23.5(-2.49 %),0,0,0,0,5442161,13.01
15/03/2016,10,240000,23.7(0.85 %),10,240000,0,0,5442151,13.01
16/03/2016,0,0,24.2(2.11 %),0,0,0,0,5442151,13.01
17/03/2016,0,0,24.3(0.41 %),0,0,0,0,5442151,13.01
18/03/2016,0,0,24.2(-0.41 %),0,0,0,0,5442152,13.01
21/03/2016,0,0,24.3(0.41 %),0,0,0,0,5442152,13.01
22/03/2016,0,0,24.3(0.00 %),0,0,0,0,5442152,13.01
23/03/2016,0,0,25.1(3.29 %),0,0,0,0,5442152,13.01
24/03/2016,0,0,25.1(0.00 %),0,0,0,0,5442152,13.01
25/03/2016,0,0,25.6(1.99 %),0,0,0,0,5442152,13.01
28/03/2016,0,0,25.9(1.17 %),0,0,0,0,5442152,13.01
29/03/2016,0,0,26.8(3.47 %),0,0,0,0,5442152,13.01
30/03/2016,0,0,26.8(0.00 %),0,0,0,0,5442152,13.01
31/03/2016,0,0,27.3(1.87 %),0,0,0,0,5442152,13.01
01/04/2016,0,0,26.4(-3.30 %),0,0,0,0,5442152,13.01
04/04/2016,0,0,26(-1.52 %),0,0,0,0,5442152,13.01
05/04/2016,3000,72600000,24.2(-6.92 %),3000,72600000,0,0,5439152,13.03
06/04/2016,0,0,24.6(1.65 %),0,0,0,0,5439152,13.03
07/04/2016,-600,-14580000,24(-2.44 %),0,0,600,14580000,5439152,13.03
08/04/2016,0,0,24.8(3.33 %),0,0,0,0,5439152,13.03
11/04/2016,-1120,-28500000,25.3(2.02 %),0,0,1120,28500000,5439152,13.03
12/04/2016,-3000,-75600000,25.1(-0.79 %),0,0,3000,75600000,5439752,13.02
13/04/2016,-10000,-248910000,24.5(-2.39 %),0,0,10000,248910000,5439752,13.02
14/04/2016,2990,73250000,24.4(-0.41 %),3000,73500000,10,250000,5437872,13.04
15/04/2016,-2590,-63320000,24.3(-0.41 %),0,0,2590,63320000,5440872,13.02
19/04/2016,0,0,24.3(0.00 %),0,0,0,0,5450872,12.95
20/04/2016,-2690,-65100000,24.1(-0.82 %),0,0,2690,65100000,5450887,12.95
21/04/2016,-310,-7350000,23.9(-0.83 %),0,0,310,7350000,5453477,12.93
22/04/2016,0,0,23.7(-0.84 %),0,0,0,0,5453477,12.93
25/04/2016,-6500,-151450000,23.7(0.00 %),0,0,6500,151450000,5456167,12.91
26/04/2016,0,0,23.9(0.84 %),0,0,0,0,5456477,12.91
27/04/2016,0,0,23.7(-0.84 %),0,0,0,0,5456477,12.91
28/04/2016,0,0,23.7(0.00 %),0,0,0,0,5462977,12.87
29/04/2016,0,0,23.9(0.84 %),0,0,0,0,5462977,12.87
04/05/2016,-10,-240000,23.9(0.00 %),0,0,10,240000,5462977,12.87
05/05/2016,0,0,23.8(-0.42 %),0,0,0,0,5462977,12.87
06/05/2016,0,0,23.8(0.00 %),0,0,0,0,5462977,12.87
09/05/2016,0,0,23.7(-0.42 %),0,0,0,0,5462987,12.87
10/05/2016,0,0,23.7(0.00 %),0,0,0,0,5462987,12.87
11/05/2016,0,0,23.6(-0.42 %),0,0,0,0,5462987,12.87
12/05/2016,0,0,23.6(0.00 %),0,0,0,0,5462987,12.87
13/05/2016,0,0,23.5(-0.42 %),0,0,0,0,5462987,12.87
16/05/2016,0,0,23.1(-1.70 %),0,0,0,0,5462987,12.87
17/05/2016,0,0,23.2(0.43 %),0,0,0,0,5462987,12.87
18/05/2016,0,0,23.2(0.00 %),0,0,0,0,5462987,12.87
19/05/2016,-2250,-51750000,22.5(-3.02 %),0,0,2250,51750000,5462987,12.87
20/05/2016,0,0,22.7(0.89 %),0,0,0,0,5462987,12.87
23/05/2016,0,0,24(5.73 %),0,0,0,0,5462987,12.87
24/05/2016,0,0,24.2(0.83 %),0,0,0,0,5465237,12.85
25/05/2016,0,0,24.2(0.00 %),0,0,0,0,5465237,12.85
26/05/2016,0,0,24(-0.83 %),0,0,0,0,5465237,12.85
27/05/2016,0,0,24.3(1.25 %),0,0,0,0,5465237,12.85
30/05/2016,0,0,24.6(1.23 %),0,0,0,0,5465237,12.85
31/05/2016,0,0,24.5(-0.41 %),0,0,0,0,5465237,12.85
01/06/2016,0,0,26(6.12 %),0,0,0,0,5465237,12.85
02/06/2016,0,0,26.8(3.08 %),0,0,0,0,5465237,12.85
03/06/2016,0,0,27(0.75 %),0,0,0,0,5465242,12.85
06/06/2016,0,0,26.4(-2.22 %),0,0,0,0,5465242,12.85
07/06/2016,0,0,26.6(0.76 %),0,0,0,0,5465242,12.85
08/06/2016,1500,39750000,26.5(-0.38 %),1500,39750000,0,0,5463742,12.86
09/06/2016,0,0,27.7(4.53 %),0,0,0,0,5463742,12.86
10/06/2016,0,0,29.4(6.14 %),0,0,0,0,5463742,12.86
13/06/2016,700,22450000,30.4(3.40 %),4000,119800000,3300,97350000,5459742,12.89
14/06/2016,6000,183700000,30.4(0.00 %),6000,183700000,0,0,5453742,12.93
15/06/2016,0,0,30.5(0.33 %),0,0,0,0,5453742,12.93
16/06/2016,-22990,-686900000,29.9(-1.97 %),0,0,22990,686900000,5457042,12.91
17/06/2016,0,0,29.5(-1.34 %),0,0,0,0,5457042,12.91
20/06/2016,0,0,29.3(-0.68 %),0,0,0,0,5457042,12.91
21/06/2016,-4660,-134690000,28.7(-2.05 %),0,0,4660,134690000,5480032,12.76
22/06/2016,-770,-22990000,30.7(6.97 %),70,2070000,840,25060000,5479962,12.76
23/06/2016,0,0,32.8(6.84 %),0,0,0,0,5479962,12.76
24/06/2016,500,16000000,33.3(1.52 %),1000,32000000,500,16000000,5483622,12.73
27/06/2016,-12100,-389620000,33.3(0.00 %),0,0,12100,389620000,5484462,12.73
28/06/2016,0,0,32.5(-2.40 %),0,0,0,0,5484462,12.73
29/06/2016,1000,34000000,34.7(6.77 %),1000,34000000,0,0,5483962,12.73
30/06/2016,0,0,35.9(3.46 %),0,0,0,0,5496062,12.65
01/07/2016,-200,-7300000,38(5.85 %),0,0,200,7300000,5496062,12.65
04/07/2016,-34150,-1302050000,37.5(-1.32 %),0,0,34150,1302050000,5496062,12.65
05/07/2016,-1360,-51140000,36.2(-3.47 %),0,0,1360,51140000,5496062,12.65
06/07/2016,0,0,38.4(6.08 %),0,0,0,0,5496262,12.65
07/07/2016,-8640,-331780000,38.6(0.52 %),0,0,8640,331780000,5530412,12.42
08/07/2016,350,13180000,37.4(-3.11 %),350,13180000,0,0,5531422,12.42
11/07/2016,100,3480000,34.8(-6.95 %),100,3480000,0,0,5531422,12.42
12/07/2016,0,0,33.5(-3.74 %),0,0,0,0,5539962,12.36
13/07/2016,0,0,33.2(-0.90 %),0,0,0,0,5539962,12.36
14/07/2016,0,0,31.1(-6.33 %),0,0,0,0,5539962,12.36
15/07/2016,0,0,31(-0.32 %),0,0,0,0,5539962,12.36
18/07/2016,0,0,30.4(-1.94 %),0,0,0,0,5539962,12.36
19/07/2016,1000,30900000,30.4(0.00 %),1000,30900000,0,0,5538962,12.37
20/07/2016,50,1510000,30.6(0.66 %),50,1510000,0,0,5538912,12.37
21/07/2016,0,0,31.5(2.94 %),0,0,0,0,5538912,12.37
22/07/2016,0,0,30.5(-3.17 %),0,0,0,0,5538912,12.37
25/07/2016,-1070,-32240000,30(-1.64 %),0,0,1070,32240000,5538912,12.37
26/07/2016,0,0,28.5(-5.00 %),0,0,0,0,5538912,12.37
27/07/2016,0,0,28.8(1.05 %),0,0,0,0,5538912,12.37
28/07/2016,0,0,29.5(2.43 %),0,0,0,0,5539982,12.36
29/07/2016,-160,-4770000,29.7(0.68 %),0,0,160,4770000,5539982,12.36
01/08/2016,0,0,29.4(-1.01 %),0,0,0,0,5539982,12.36
02/08/2016,0,0,28.9(-1.70 %),0,0,0,0,5539982,12.36
03/08/2016,0,0,29(0.35 %),0,0,0,0,5540142,12.36
04/08/2016,0,0,29.4(1.38 %),0,0,0,0,5540142,12.36
05/08/2016,24110,711250000,31(5.44 %),24110,711250000,0,0,5516032,12.52
08/08/2016,0,0,31(0.00 %),0,0,0,0,5516032,12.52
09/08/2016,-50,-1600000,32.2(3.87 %),0,0,50,1600000,5516032,12.52
10/08/2016,0,0,32.9(2.17 %),0,0,0,0,5516032,12.52
11/08/2016,0,0,33(0.30 %),0,0,0,0,5516032,12.52
12/08/2016,100,3280000,32(-3.03 %),100,3280000,0,0,5515982,12.52
15/08/2016,0,0,33.2(3.75 %),0,0,0,0,5515982,12.52
16/08/2016,50000,1742290000,35.2(6.02 %),50000,1742290000,0,0,5465982,12.85
17/08/2016,-10000,-350000000,34.8(-1.14 %),0,0,10000,350000000,5465982,12.85
18/08/2016,0,0,35(0.57 %),0,0,0,0,5465982,12.85
19/08/2016,0,0,33.8(-3.43 %),0,0,0,0,5465982,12.85
22/08/2016,0,0,33.1(-2.07 %),0,0,0,0,5475982,12.78
23/08/2016,-50,-1580000,33.5(1.21 %),100,3370000,150,4950000,5475882,12.78
24/08/2016,0,0,33.1(-1.19 %),0,0,0,0,5475882,12.78
25/08/2016,800,26480000,34.5(4.23 %),800,26480000,0,0,5475082,12.79
26/08/2016,-100,-3480000,34.4(-0.29 %),0,0,100,3480000,5475239,12.79
29/08/2016,0,0,33.3(-3.20 %),0,0,0,0,5475239,12.79
30/08/2016,0,0,33.5(0.60 %),0,0,0,0,5475239,12.79
31/08/2016,0,0,33.8(0.90 %),0,0,0,0,5475339,12.79
01/09/2016,0,0,34.4(1.78 %),0,0,0,0,5475339,12.79
05/09/2016,3000,107400000,36.8(6.98 %),3000,107400000,0,0,5472339,12.81
06/09/2016,-200,-7380000,36.9(0.27 %),0,0,200,7380000,5472339,12.81
07/09/2016,3000,107400000,36.2(-1.90 %),3000,107400000,0,0,5469339,12.83
08/09/2016,-30140,-1095310000,36.7(1.38 %),0,0,30140,1095310000,5469339,12.83
09/09/2016,100,3640000,35.9(-2.18 %),100,3640000,0,0,5469439,12.83
12/09/2016,2000,70800000,35(-2.51 %),2000,70800000,0,0,5467439,12.84
13/09/2016,0,0,35.3(0.86 %),0,0,0,0,5497579,12.64
14/09/2016,0,0,35.1(-0.57 %),0,0,0,0,5497579,12.64
15/09/2016,0,0,35.1(0.00 %),0,0,0,0,5497579,12.64
16/09/2016,0,0,36.4(3.70 %),0,0,0,0,5497579,12.64
19/09/2016,0,0,36.95(1.51 %),0,0,0,0,5497579,12.64
20/09/2016,50000,1880110000,37.8(2.30 %),50000,1880110000,0,0,5447579,12.97
21/09/2016,-54600,-2024870000,36.7(-2.91 %),0,0,54600,2024870000,5447579,12.97
22/09/2016,40000,1503660000,37.1(1.09 %),40000,1503660000,0,0,5407579,13.24
23/09/2016,0,0,37.2(0.27 %),0,0,0,0,5407579,13.24
26/09/2016,0,0,37.9(1.88 %),0,0,0,0,5462179,12.87
27/09/2016,-450,-17510000,38.6(1.85 %),0,0,450,17510000,5462179,12.87
28/09/2016,0,0,38.35(-0.65 %),0,0,0,0,5462179,12.87
29/09/2016,0,0,38.6(0.65 %),0,0,0,0,5462179,12.87
30/09/2016,0,0,37.5(-2.85 %),0,0,0,0,5462629,12.87
03/10/2016,-90,-3350000,37.2(-0.80 %),0,0,90,3350000,5462629,12.87
04/10/2016,-93430,-3434170000,36(-3.23 %),0,0,93430,3434170000,5462629,12.87
05/10/2016,-28400,-1019920000,35.8(-0.56 %),100,3620000,28500,1023540000,5462529,12.87
06/10/2016,-41060,-1468300000,36(0.56 %),0,0,41060,1468300000,5462619,12.87
07/10/2016,0,0,35(-2.78 %),0,0,0,0,5556049,12.25
10/10/2016,0,0,34.85(-0.43 %),0,0,0,0,5584549,12.07
11/10/2016,0,0,35(0.43 %),0,0,0,0,5625609,11.79
12/10/2016,0,0,35.2(0.57 %),0,0,0,0,5625609,11.79
13/10/2016,-20000,-700680000,35(-0.57 %),0,0,20000,700680000,5625609,11.79
14/10/2016,0,0,35.6(1.71 %),0,0,0,0,5625609,11.79
17/10/2016,0,0,34.6(0.00 %),0,0,0,0,5625609,11.79
18/10/2016,-33560,-1128760000,34(-1.73 %),0,0,33560,1128760000,5645609,11.66
19/10/2016,100,3380000,33.55(-1.32 %),100,3380000,0,0,5645509,11.66
20/10/2016,0,0,31.6(-5.81 %),0,0,0,0,5645509,11.66
21/10/2016,0,0,31.5(-0.32 %),0,0,0,0,5679069,11.44
24/10/2016,0,0,30.5(-3.17 %),0,0,0,0,5679069,11.44
25/10/2016,0,0,30(-1.64 %),0,0,0,0,5679069,11.44
26/10/2016,0,0,30(0.00 %),0,0,0,0,5679069,11.44
27/10/2016,0,0,30(0.00 %),0,0,0,0,5679069,11.44
28/10/2016,0,0,30(0.00 %),0,0,0,0,5679069,11.44
31/10/2016,0,0,30(0.00 %),0,0,0,0,5679069,11.44
01/11/2016,0,0,30.1(0.33 %),0,0,0,0,5679069,11.44
02/11/2016,0,0,29.8(-1.00 %),0,0,0,0,5679069,11.44
03/11/2016,-50,-1460000,29.4(-1.34 %),0,0,50,1460000,5679069,11.44
04/11/2016,0,0,29.2(-0.68 %),0,0,0,0,5679069,11.44
07/11/2016,-1000,-29670000,30(2.74 %),0,0,1000,29670000,5679069,11.44
08/11/2016,0,0,29.5(-1.67 %),0,0,0,0,5679119,11.44
09/11/2016,0,0,29.3(-0.68 %),0,0,0,0,5679119,11.44
10/11/2016,0,0,31.35(7.00 %),0,0,0,0,5680119,11.43
11/11/2016,0,0,32.7(4.31 %),0,0,0,0,5680119,11.43
14/11/2016,-20,-650000,32.2(-1.53 %),0,0,20,650000,5680119,11.43
15/11/2016,0,0,31.3(-2.80 %),0,0,0,0,5680119,11.43
16/11/2016,0,0,31.1(-0.64 %),0,0,0,0,5680119,11.43
17/11/2016,0,0,32(2.89 %),0,0,0,0,5680139,11.43
18/11/2016,0,0,31.5(-1.56 %),0,0,0,0,5680139,11.43
21/11/2016,-1250,-38480000,30.85(-2.06 %),100,3150000,1350,41630000,5680039,11.43
22/11/2016,-30000,-919380000,31(0.49 %),0,0,30000,919380000,5680039,11.43
23/11/2016,0,0,30.9(-0.32 %),0,0,0,0,5680039,11.43
24/11/2016,0,0,30.6(-0.97 %),0,0,0,0,5681389,11.42
25/11/2016,-5100,-154720000,30.3(-0.98 %),0,0,5100,154720000,5711389,11.23
28/11/2016,0,0,29.6(-2.31 %),0,0,0,0,5711389,11.23
29/11/2016,-18300,-532010000,29(-2.03 %),0,0,18300,532010000,5711389,11.23
30/11/2016,0,0,29.5(1.72 %),0,0,0,0,5716489,11.19
01/12/2016,0,0,30.2(2.37 %),0,0,0,0,5716489,11.19
02/12/2016,-7090,-212680000,29.7(-1.66 %),0,0,7090,212680000,5734789,11.07
05/12/2016,-99050,-2960420000,29.7(0.00 %),0,0,99050,2960420000,5734789,11.07
06/12/2016,-25600,-747650000,29(-2.36 %),0,0,25600,747650000,5734789,11.07
07/12/2016,0,0,29.45(1.55 %),0,0,0,0,5741879,11.02
08/12/2016,-900,-26210000,29.15(-1.02 %),0,0,900,26210000,5840929,10.37
09/12/2016,0,0,29(-0.51 %),0,0,0,0,5866529,10.2
12/12/2016,-3600,-101570000,28.5(-1.72 %),0,0,3600,101570000,5866529,10.2
13/12/2016,0,0,28.3(-0.70 %),0,0,0,0,5867429,10.19
14/12/2016,0,0,29.2(3.18 %),0,0,0,0,5867429,10.19
15/12/2016,0,0,29.2(0.00 %),0,0,0,0,5871029,10.17
16/12/2016,0,0,29.1(-0.34 %),0,0,0,0,5871029,10.17
19/12/2016,0,0,29.5(1.37 %),0,0,0,0,5871029,10.17
20/12/2016,0,0,29.5(0.00 %),0,0,0,0,5871029,10.17
21/12/2016,0,0,29.5(0.00 %),0,0,0,0,5871029,10.17
22/12/2016,0,0,29.3(-0.68 %),0,0,0,0,5871029,10.17
23/12/2016,100,2950000,29.6(1.02 %),100,2950000,0,0,5870929,10.17
26/12/2016,0,0,29.6(0.00 %),0,0,0,0,5866929,10.2
27/12/2016,4000,117800000,29.5(-0.34 %),4000,117800000,0,0,5866929,10.2
28/12/2016,0,0,29.1(-1.36 %),0,0,0,0,5866929,10.2
29/12/2016,-10,-290000,29(-0.34 %),0,0,10,290000,5866929,10.2
30/12/2016,37830,1121830000,29.6(2.07 %),40000,1185630000,2170,63800000,5826929,10.46
03/01/2017,0,0,29.6(0.00 %),0,0,0,0,5826929,10.46
04/01/2017,890,26250000,29(-0.34 %),890,26250000,0,0,5826049,10.47
05/01/2017,-21130,-605530000,29(0.00 %),0,0,21130,605530000,5828219,10.45
06/01/2017,14330,416060000,29.3(1.03 %),14330,416060000,0,0,5813889,10.55
09/01/2017,-5150,-149970000,29(-1.02 %),0,0,5150,149970000,5813889,10.55
10/01/2017,0,0,28.8(-0.69 %),0,0,0,0,5835019,10.41
11/01/2017,2020,57900000,28.9(0.35 %),2020,57900000,0,0,5832999,10.42
12/01/2017,0,0,29.1(0.69 %),0,0,0,0,5838149,10.39
13/01/2017,-620,-18600000,30.4(4.47 %),0,0,620,18600000,5838149,10.39
16/01/2017,-620,-18600000,30.2(-0.66 %),0,0,620,18600000,5838149,10.39
17/01/2017,0,0,29.95(-0.83 %),0,0,0,0,5838149,10.39
18/01/2017,0,0,28.6(-4.51 %),0,0,0,0,5838769,10.38
19/01/2017,0,0,29.2(2.10 %),0,0,0,0,5839389,10.38
20/01/2017,0,0,28.9(-1.03 %),0,0,0,0,5839389,10.38
23/01/2017,0,0,28.6(-1.04 %),0,0,0,0,5839389,10.38
24/01/2017,400,11440000,28.9(1.05 %),400,11440000,0,0,5838989,10.38
25/01/2017,0,0,28.9(0.00 %),0,0,0,0,5838989,10.38
02/02/2017,0,0,28.9(0.00 %),0,0,0,0,5838989,10.38
03/02/2017,0,0,28.6(-1.04 %),0,0,0,0,5838989,10.38
06/02/2017,0,0,28.3(-1.05 %),0,0,0,0,5838989,10.38
07/02/2017,0,0,29(2.47 %),0,0,0,0,5838989,10.38
08/02/2017,0,0,29.7(2.41 %),0,0,0,0,5838989,10.38
09/02/2017,0,0,30(1.01 %),0,0,0,0,5838989,10.38
10/02/2017,-10,-300000,30(0.00 %),0,0,10,300000,5838989,10.38
13/02/2017,8900,267000000,29.9(-0.33 %),8900,267000000,0,0,5830089,10.44
14/02/2017,0,0,29.9(0.00 %),0,0,0,0,5830089,10.44
15/02/2017,0,0,31(3.68 %),0,0,0,0,5830099,10.44
16/02/2017,-60,-1860000,30.7(-0.97 %),0,0,60,1860000,5830099,10.44
17/02/2017,-40,-1260000,31.45(2.44 %),0,0,40,1260000,5830099,10.44
20/02/2017,0,0,32.15(2.23 %),0,0,0,0,5830099,10.44
21/02/2017,-10,-320000,31.3(-2.64 %),0,0,10,320000,5830166,10.44
22/02/2017,0,0,31.5(0.64 %),0,0,0,0,5830206,10.44
23/02/2017,29000,895380000,31.2(-0.95 %),29000,895380000,0,0,5801206,10.63
24/02/2017,12500,385610000,30.8(-1.28 %),12500,385610000,0,0,5788716,10.71
27/02/2017,48900,1513040000,31.2(1.30 %),80900,2508240000,32000,995200000,5693451,11.34
28/02/2017,9560,293470000,30.6(-1.92 %),10000,307200000,440,13730000,5697821,11.32
01/03/2017,4370,134600000,30.1(-1.63 %),4370,134600000,0,0,5693451,11.34
02/03/2017,0,0,29.8(-1.00 %),0,0,0,0,5725451,11.13
03/03/2017,0,0,30.1(1.01 %),0,0,0,0,5725891,11.13
06/03/2017,-300,-9060000,30.15(0.17 %),0,0,300,9060000,5725891,11.13
07/03/2017,0,0,30.15(0.00 %),0,0,0,0,5725891,11.13
08/03/2017,0,0,30.5(1.16 %),0,0,0,0,5725891,11.13
09/03/2017,-1000,-30500000,30.7(0.66 %),0,0,1000,30500000,5726191,11.13
10/03/2017,0,0,31(0.98 %),0,0,0,0,5726191,11.13
13/03/2017,0,0,31(0.00 %),0,0,0,0,5726191,11.13
14/03/2017,0,0,30.8(-0.65 %),0,0,0,0,5727191,11.12
15/03/2017,0,0,30.9(0.32 %),0,0,0,0,5727191,11.12
16/03/2017,0,0,30.6(-0.97 %),0,0,0,0,5727191,11.12
17/03/2017,-220,-6750000,30.5(-0.33 %),0,0,220,6750000,5727191,11.12
20/03/2017,0,0,30.8(0.98 %),0,0,0,0,5727191,11.12
21/03/2017,0,0,30.5(-0.97 %),0,0,0,0,5727191,11.12
22/03/2017,0,0,30.3(-0.66 %),0,0,0,0,5727191,11.12
23/03/2017,6000,180000000,30.4(0.33 %),6000,180000000,0,0,5727191,11.12
24/03/2017,0,0,30.8(1.32 %),0,0,0,0,5727191,11.12
27/03/2017,-850,-26070000,30.55(-0.81 %),0,0,850,26070000,5727191,11.12
28/03/2017,-30,-910000,30.55(0.00 %),0,0,30,910000,5727191,11.12
29/03/2017,8000,239550000,30.2(-1.15 %),8000,239550000,0,0,5727191,11.12
30/03/2017,0,0,29.9(-0.99 %),0,0,0,0,5727191,11.12
31/03/2017,2000,58900000,29.4(-1.67 %),2000,58900000,0,0,5727191,11.12
03/04/2017,-10100,-291410000,28.8(-2.04 %),0,0,10100,291410000,5712296,11.22
04/04/2017,0,0,28.9(0.35 %),0,0,0,0,5712296,11.22
05/04/2017,-3000,-87750000,29.4(1.73 %),0,0,3000,87750000,5712296,11.22
07/04/2017,0,0,29(-1.36 %),0,0,0,0,5722396,11.15
10/04/2017,-2400,-69600000,29(0.00 %),10000,290000000,12400,359600000,5712396,11.22
11/04/2017,6070,173000000,28.7(-1.03 %),6070,173000000,0,0,5709326,11.24
12/04/2017,15600,452830000,29(1.05 %),15600,452830000,0,0,5693726,11.34
13/04/2017,3240,93960000,29.1(0.34 %),3240,93960000,0,0,5702886,11.28
14/04/2017,11920,343720000,29.25(0.52 %),11920,343720000,0,0,5690966,11.36
17/04/2017,20600,596420000,29(-0.85 %),20600,596420000,0,0,5670366,11.5
18/04/2017,1800,52530000,29.1(0.34 %),1800,52530000,0,0,5668566,11.51
19/04/2017,0,0,29.9(2.75 %),0,0,0,0,5668566,11.51
20/04/2017,0,0,30.05(0.50 %),0,0,0,0,5668566,11.51
21/04/2017,0,0,30.3(0.83 %),0,0,0,0,5668566,11.51
24/04/2017,0,0,30.75(1.49 %),0,0,0,0,5668566,11.51
25/04/2017,0,0,30.7(-0.16 %),0,0,0,0,5668566,11.51
26/04/2017,-18640,-572300000,30.6(-0.33 %),0,0,18640,572300000,5668566,11.51
27/04/2017,-177630,-5454760000,30.65(0.16 %),0,0,177630,5454760000,5668566,11.51
28/04/2017,-90370,-2787060000,31(1.14 %),0,0,90370,2787060000,5668566,11.51
03/05/2017,-20,-620000,31(0.00 %),0,0,20,620000,5687206,11.39
04/05/2017,0,0,29.8(-3.87 %),0,0,0,0,5864836,10.21
05/05/2017,0,0,29.5(-1.01 %),0,0,0,0,5955206,9.61
08/05/2017,0,0,29.7(0.68 %),0,0,0,0,5955226,9.61
09/05/2017,0,0,29.45(-0.84 %),0,0,0,0,5955226,9.61
10/05/2017,0,0,29.5(0.17 %),0,0,0,0,5955226,9.61
11/05/2017,0,0,29.9(1.36 %),0,0,0,0,5955226,9.61
12/05/2017,0,0,30.45(1.84 %),0,0,0,0,5955226,9.61
15/05/2017,-750,-22880000,30.55(0.33 %),0,0,750,22880000,5955226,9.61
16/05/2017,300,9170000,30.6(0.16 %),300,9170000,0,0,5954926,9.62
17/05/2017,-240,-7270000,30.5(-0.33 %),250,7630000,490,14900000,5954676,9.62
18/05/2017,0,0,30(-1.64 %),0,0,0,0,5955426,9.61
19/05/2017,0,0,30.2(0.67 %),0,0,0,0,5955426,9.61
22/05/2017,0,0,30(-0.66 %),0,0,0,0,5955916,9.61
23/05/2017,0,0,29.75(-0.83 %),0,0,0,0,5955916,9.61
24/05/2017,-9700,-281600000,29(0.87 %),300,8700000,10000,290300000,5955616,9.61
25/05/2017,0,0,29.5(1.72 %),0,0,0,0,5955616,9.61
26/05/2017,-2550,-77780000,31.4(6.44 %),0,0,2550,77780000,5955616,9.61
29/05/2017,0,0,30.6(-2.55 %),0,0,0,0,5965616,9.54
30/05/2017,400,12000000,30(-1.96 %),900,27000000,500,15000000,5964716,9.55
31/05/2017,0,0,29.6(-1.33 %),0,0,0,0,5967266,9.53
01/06/2017,0,0,29.8(0.68 %),0,0,0,0,5967266,9.53
02/06/2017,8690,262520000,30.3(1.68 %),8690,262520000,0,0,5959076,9.59
05/06/2017,0,0,31.3(3.30 %),0,0,0,0,5959076,9.59
06/06/2017,0,0,31.3(0.00 %),0,0,0,0,5959076,9.59
07/06/2017,0,0,32.2(2.88 %),0,0,0,0,5959076,9.59
08/06/2017,-6690,-214580000,32(-0.62 %),0,0,6690,214580000,5959076,9.59
09/06/2017,25460,815900000,31.95(-0.16 %),25460,815900000,0,0,5933616,9.76
12/06/2017,5000,159500000,31.6(-1.10 %),5000,159500000,0,0,5928616,9.79
13/06/2017,14680,462450000,31.6(0.00 %),14680,462450000,0,0,5920626,9.84
14/06/2017,18430,566460000,30.5(-3.48 %),18430,566460000,0,0,5902196,9.96
15/06/2017,0,400000,30.95(1.48 %),2000,61600000,2000,61200000,5900196,9.98
16/06/2017,5090,158480000,31(0.16 %),5090,158480000,0,0,5895106,10.01
19/06/2017,5000,155000000,31.2(0.65 %),5000,155000000,0,0,5890106,10.04
20/06/2017,20,630000,31.9(2.24 %),20,630000,0,0,5892086,10.03
21/06/2017,-1580,-51690000,32.9(3.13 %),10,320000,1590,52010000,5892076,10.03
22/06/2017,2820,94470000,34.6(5.17 %),2820,94470000,0,0,5889256,10.05
23/06/2017,0,0,34.4(-0.58 %),0,0,0,0,5889256,10.05
26/06/2017,100,3420000,33.9(-1.45 %),100,3420000,0,0,5890746,10.04
27/06/2017,0,0,33(-2.65 %),0,0,0,0,5890746,10.04
28/06/2017,0,0,33.3(0.91 %),0,0,0,0,5890746,10.04
29/06/2017,0,0,33.5(0.60 %),0,0,0,0,5890746,10.04
30/06/2017,1500,50250000,33.2(-0.90 %),1500,50250000,0,0,5889246,10.05
03/07/2017,0,0,32.8(-1.20 %),0,0,0,0,5889246,10.05
04/07/2017,400,13350000,33.8(3.05 %),400,13350000,0,0,5888846,10.05
05/07/2017,-500,-13180000,34.25(1.33 %),4000,137800000,4500,150980000,5884851,10.08
06/07/2017,300,10200000,34.3(0.15 %),300,10200000,0,0,5884551,10.08
07/07/2017,-1770,-59840000,33.15(-3.35 %),0,0,1770,59840000,5884551,10.08
10/07/2017,-1150,-38010000,32.35(-2.41 %),0,0,1150,38010000,5890701,10.04
11/07/2017,120,3900000,32.8(1.39 %),120,3900000,0,0,5888931,10.05
12/07/2017,0,0,33.15(1.07 %),0,0,0,0,5890701,10.04
13/07/2017,0,0,32.8(-1.06 %),0,0,0,0,5891851,10.03
14/07/2017,-18430,-605040000,32.8(0.00 %),0,0,18430,605040000,5891851,10.03
17/07/2017,-10090,-326410000,32.7(-0.30 %),0,0,10090,326410000,5891851,10.03
18/07/2017,1000,32700000,31.9(-2.45 %),1000,32700000,0,0,5890851,10.04
19/07/2017,0,0,31.8(-0.31 %),0,0,0,0,5909281,9.92
20/07/2017,0,0,32.6(2.52 %),0,0,0,0,5919371,9.85
21/07/2017,200,6520000,32.35(-0.77 %),200,6520000,0,0,5919171,9.85
24/07/2017,0,0,33(2.01 %),0,0,0,0,5919171,9.85
25/07/2017,-1620,-53970000,33.45(1.36 %),0,0,1620,53970000,5919171,9.85
26/07/2017,-15570,-524510000,35.75(6.88 %),1000,33450000,16570,557960000,5918171,9.86
27/07/2017,0,0,36.95(3.36 %),0,0,0,0,5918171,9.86
28/07/2017,-11020,-402580000,36.8(-0.41 %),0,0,11020,402580000,5919791,9.85
31/07/2017,0,0,37.8(2.72 %),0,0,0,0,5936361,9.74
01/08/2017,-4000,-149700000,37.7(-0.26 %),0,0,4000,149700000,5936361,9.74
02/08/2017,0,0,36.5(-3.18 %),0,0,0,0,5947381,9.67
03/08/2017,0,0,37.1(1.64 %),0,0,0,0,5947381,9.67
04/08/2017,0,0,36.1(-2.70 %),0,0,0,0,5951381,9.64
07/08/2017,0,0,36.5(1.11 %),0,0,0,0,5951381,9.64
08/08/2017,-1600,-59200000,36.5(0.00 %),0,0,1600,59200000,5951381,9.64
09/08/2017,-25040,-903680000,35.35(-3.15 %),0,0,25040,903680000,5951381,9.64
10/08/2017,0,0,36(1.84 %),0,0,0,0,5951381,9.64
11/08/2017,0,0,36.3(0.83 %),0,0,0,0,5952981,9.63
14/08/2017,0,0,37.2(2.48 %),0,0,0,0,5978021,9.46
15/08/2017,-450,-16830000,37.6(1.08 %),0,0,450,16830000,5978021,9.46
16/08/2017,-600,-22560000,37.6(0.00 %),0,0,600,22560000,5978021,9.46
17/08/2017,-600,-22380000,36.6(-2.66 %),0,0,600,22380000,5978021,9.46
18/08/2017,0,0,36.5(-0.27 %),0,0,0,0,5978471,9.46
21/08/2017,0,0,36.3(-0.55 %),0,0,0,0,5979071,9.46
22/08/2017,3000,108600000,36.5(0.55 %),3000,108600000,0,0,5976671,9.47
23/08/2017,0,0,36.55(0.14 %),0,0,0,0,5976671,9.47
24/08/2017,0,0,37.45(2.46 %),0,0,0,0,5976671,9.47
25/08/2017,1700,64090000,37.7(0.67 %),2000,75400000,300,11310000,5974671,9.48
28/08/2017,2000,75200000,37.8(0.27 %),2000,75200000,0,0,5972671,9.5
29/08/2017,0,0,37.45(-0.93 %),0,0,0,0,5972671,9.5
30/08/2017,2000,74200000,37.1(-0.93 %),2000,74200000,0,0,5970971,9.51
31/08/2017,0,0,37.6(1.35 %),0,0,0,0,5970971,9.51
01/09/2017,1000,37500000,37.4(-0.53 %),1000,37500000,0,0,5969971,9.52
05/09/2017,0,0,37.5(0.27 %),0,0,0,0,5969971,9.52
06/09/2017,0,0,37.2(-0.80 %),0,0,0,0,5969971,9.52
07/09/2017,0,0,37.2(0.00 %),0,0,0,0,5969971,9.52
08/09/2017,0,0,37.1(-0.27 %),0,0,0,0,5969971,9.52
11/09/2017,0,0,36.7(-1.08 %),0,0,0,0,5969971,9.52
12/09/2017,0,0,35.5(-3.27 %),0,0,0,0,5969978,9.52
13/09/2017,0,0,36.85(3.80 %),0,0,0,0,5969978,9.52
14/09/2017,0,0,36.2(-1.76 %),0,0,0,0,5969978,9.52
15/09/2017,0,0,36.7(1.38 %),0,0,0,0,5969978,9.52
18/09/2017,0,0,36.95(0.68 %),0,0,0,0,5969978,9.52
19/09/2017,-4050,-149850000,36.95(0.00 %),0,0,4050,149850000,5969978,9.52
20/09/2017,0,0,36.2(-2.03 %),0,0,0,0,5969978,9.52
21/09/2017,-50,-1760000,36.3(0.28 %),160,5860000,210,7620000,5969818,9.52
22/09/2017,0,0,36.3(0.00 %),0,0,0,0,5973868,9.49
25/09/2017,0,0,36(-0.83 %),0,0,0,0,5973868,9.49
26/09/2017,-3900,-138410000,35.55(-1.25 %),100,3590000,4000,142000000,5973978,9.49
27/09/2017,0,0,35.7(0.42 %),0,0,0,0,5973978,9.49
28/09/2017,0,0,35.3(-1.12 %),0,0,0,0,5973978,9.49
29/09/2017,0,0,35.1(-0.57 %),0,0,0,0,5977978,9.46
02/10/2017,-16500,-579620000,34.8(-0.85 %),0,0,16500,579620000,5977978,9.46
03/10/2017,-100,-3470000,35(0.57 %),0,0,100,3470000,5977978,9.46
04/10/2017,0,0,34.9(-0.29 %),0,0,0,0,5977983,9.46
05/10/2017,-4000,-139650000,35.25(1.00 %),0,0,4000,139650000,5994483,9.35
06/10/2017,0,0,35.1(-0.43 %),0,0,0,0,5994583,9.35
09/10/2017,250,8780000,35(-0.28 %),250,8780000,0,0,5994333,9.35
10/10/2017,0,0,35(0.00 %),0,0,0,0,5998333,9.33
11/10/2017,-2500,-85780000,34.25(0.74 %),0,0,2500,85780000,5998333,9.33
12/10/2017,0,0,34.2(-0.15 %),0,0,0,0,5998333,9.33
13/10/2017,0,0,34.2(0.00 %),0,0,0,0,5998333,9.33
16/10/2017,0,0,34.1(-0.29 %),0,0,0,0,6000833,9.31
17/10/2017,-250,-8500000,34.15(0.15 %),0,0,250,8500000,6000833,9.31
18/10/2017,0,0,33.85(-0.88 %),0,0,0,0,6000833,9.31
19/10/2017,0,0,36.2(6.94 %),0,0,0,0,6000833,9.31
20/10/2017,-40800,-1506850000,35.9(-0.83 %),0,0,40800,1506850000,6001083,9.31
23/10/2017,9750,351590000,35.2(-1.95 %),20510,737870000,10760,386280000,5980573,9.45
24/10/2017,-1000,-34900000,35(-0.57 %),0,0,1000,34900000,5980573,9.45
25/10/2017,-1740,-60480000,35.35(1.00 %),260,9220000,2000,69700000,6021113,9.18
26/10/2017,-10660,-376680000,35.5(0.42 %),340,12170000,11000,388850000,6031533,9.11
27/10/2017,2300,81190000,35.7(0.56 %),2300,81190000,0,0,6030233,9.12
30/10/2017,-980,-34980000,34.7(-2.80 %),20,720000,1000,35700000,6032213,9.1
31/10/2017,-15990,-547900000,34.1(-1.73 %),10,350000,16000,548250000,6043203,9.03
01/11/2017,-2960,-101230000,34.35(0.73 %),40,1370000,3000,102600000,6043163,9.03
02/11/2017,-480,-16880000,32.6(-5.09 %),310,10390000,790,27270000,6043853,9.03
03/11/2017,-1510,-48470000,32.8(0.61 %),0,0,1510,48470000,6059858,8.92
06/11/2017,6250,209490000,33.5(2.13 %),6250,209490000,0,0,6056608,8.94
07/11/2017,1870,62770000,33.8(0.90 %),2370,79520000,500,16750000,6055028,8.95
08/11/2017,2300,78180000,33.8(0.00 %),2300,78180000,0,0,6054238,8.96
09/11/2017,0,-120000,33.6(-0.59 %),410,13740000,410,13860000,6053828,8.96
10/11/2017,-28830,-980220000,33.7(0.30 %),0,0,28830,980220000,6054328,8.96
13/11/2017,10,340000,33.7(0.00 %),10,340000,0,0,6054318,8.96
14/11/2017,40,1350000,33.7(0.00 %),40,1350000,0,0,6054688,8.96
15/11/2017,10,340000,33.5(-0.59 %),10,340000,0,0,6083508,8.77
16/11/2017,10,340000,33.45(-0.15 %),10,340000,0,0,6083498,8.77
17/11/2017,20,680000,33.6(0.45 %),20,680000,0,0,6083484,8.77
20/11/2017,-500,-16750000,33.55(-0.15 %),0,0,500,16750000,6083484,8.77
21/11/2017,510,16890000,33(-1.64 %),510,16890000,0,0,6082974,8.77
22/11/2017,510,16830000,33.45(1.36 %),510,16830000,0,0,6082464,8.77
23/11/2017,0,0,33.45(0.00 %),0,0,0,0,6082964,8.77
24/11/2017,1620,54200000,33.9(1.35 %),1620,54200000,0,0,6081344,8.78
27/11/2017,7750,271660000,35.5(4.72 %),7750,271660000,0,0,6073594,8.83
28/11/2017,-3990,-140040000,35.1(-1.13 %),10,360000,4000,140400000,6073584,8.83
29/11/2017,-3230,-113150000,34.8(-0.85 %),20,700000,3250,113850000,6073564,8.83
30/11/2017,-8180,-280690000,34.4(-1.15 %),20,690000,8200,281380000,6073544,8.83
01/12/2017,-8290,-283500000,34.4(0.00 %),210,7200000,8500,290700000,6077334,8.81
04/12/2017,1510,52360000,34.6(0.58 %),1510,52360000,0,0,6079074,8.79
05/12/2017,20,680000,33.7(-2.60 %),20,680000,0,0,6087254,8.74
06/12/2017,50,1690000,33.9(0.59 %),50,1690000,0,0,6095704,8.68
07/12/2017,0,0,33.55(-1.03 %),0,0,0,0,6095704,8.68
08/12/2017,20,680000,33.3(-0.75 %),20,680000,0,0,6095684,8.68
11/12/2017,-990,-32960000,32.8(-1.50 %),10,340000,1000,33300000,6095674,8.68
12/12/2017,-21980,-706050000,33(0.61 %),1330,42710000,23310,748760000,6094344,8.69
13/12/2017,10,330000,33.2(0.61 %),10,330000,0,0,6094334,8.69
14/12/2017,1120,37140000,33.7(1.51 %),1120,37140000,0,0,6094214,8.69
15/12/2017,5020,165920000,33.2(-1.48 %),5020,165920000,0,0,6112504,8.57
18/12/2017,10,340000,33.2(0.00 %),10,340000,0,0,6112494,8.57
19/12/2017,0,0,34.4(3.61 %),0,0,0,0,6112494,8.57
20/12/2017,-6510,-219590000,33.65(-2.18 %),20,690000,6530,220280000,6112474,8.57
21/12/2017,10,340000,33.45(-0.59 %),10,340000,0,0,6112464,8.57
22/12/2017,0,0,33.3(-0.45 %),0,0,0,0,6112464,8.57
25/12/2017,0,0,33.7(1.20 %),0,0,0,0,6118994,8.53
26/12/2017,20,670000,33(-2.08 %),20,670000,0,0,6118974,8.53
27/12/2017,16000,526880000,33.1(0.30 %),16000,526880000,0,0,6102979,8.64
28/12/2017,13770,455210000,33(-0.30 %),13770,455210000,0,0,6089209,8.73
29/12/2017,1050,35130000,33.1(0.30 %),1050,35130000,0,0,6088159,8.73
02/01/2018,15560,510490000,33.4(0.91 %),16010,525430000,450,14940000,6072149,8.84
03/01/2018,19450,640890000,33.1(-0.90 %),19450,640890000,0,0,6052699,8.97
04/01/2018,6660,219970000,33.25(0.45 %),6660,219970000,0,0,6046039,9.01
05/01/2018,13000,431100000,33.1(-0.45 %),13000,431100000,0,0,6033489,9.1
08/01/2018,-1000,-33100000,33.1(0.00 %),0,0,1000,33100000,6033489,9.1
09/01/2018,2780,91900000,33.2(0.30 %),3000,99200000,220,7300000,6030489,9.12
10/01/2018,0,0,33.7(1.51 %),0,0,0,0,6030489,9.12
11/01/2018,0,0,34(0.89 %),0,0,0,0,6031489,9.11
12/01/2018,0,0,33.4(-1.76 %),0,0,0,0,6031709,9.11
15/01/2018,-100,-3360000,33.3(-0.30 %),10,340000,110,3700000,6031699,9.11
16/01/2018,5000,165250000,33.2(-0.30 %),5000,165250000,0,0,6026699,9.14
17/01/2018,20740,683680000,32.9(-0.90 %),21040,693670000,300,9990000,6005659,9.28
18/01/2018,9570,311630000,33.1(0.61 %),11160,363460000,1590,51830000,5994609,9.35
19/01/2018,27840,917920000,33.2(0.30 %),27840,917920000,0,0,5966769,9.54
22/01/2018,115600,3673430000,32(-3.61 %),115600,3673430000,0,0,5851469,10.3
25/01/2018,57770,1813990000,31.35(-2.03 %),58300,1830550000,530,16560000,5794759,10.67
26/01/2018,65040,2034010000,31.3(-0.16 %),68040,2127310000,3000,93300000,5726719,11.12
29/01/2018,52930,1642630000,31.1(-0.64 %),53340,1655380000,410,12750000,5673379,11.48
30/01/2018,18020,557820000,31.95(2.73 %),19040,589440000,1020,31620000,5654869,11.6
31/01/2018,52220,1625090000,31(-2.97 %),52220,1625090000,0,0,5605654,11.93
01/02/2018,20410,624360000,30.4(-1.94 %),20410,624360000,0,0,5585654,12.06
02/02/2018,90,2760000,30.2(-0.66 %),90,2760000,0,0,5586584,12.05
05/02/2018,1860,54870000,29.3(-2.98 %),2080,61380000,220,6510000,5584504,12.07
06/02/2018,220,6190000,28.2(-3.75 %),220,6190000,0,0,5584284,12.07
07/02/2018,30,890000,29.1(3.19 %),30,890000,0,0,5584254,12.07
08/02/2018,1020,29590000,29.4(1.03 %),1020,29590000,0,0,5583454,12.07
09/02/2018,1570,46610000,30.7(4.42 %),1570,46610000,0,0,5581884,12.08
12/02/2018,110,3270000,29.8(-2.93 %),110,3270000,0,0,5581774,12.08
13/02/2018,-1290,-38430000,30.7(3.02 %),10,310000,1300,38740000,5581764,12.08
21/02/2018,130,4000000,30.9(0.65 %),130,4000000,0,0,5581634,12.08
22/02/2018,40,1210000,29.7(-3.88 %),40,1210000,0,0,5581594,12.08
23/02/2018,7500,225900000,30.2(1.68 %),7500,225900000,0,0,5575394,12.13
26/02/2018,70,2150000,30(-0.66 %),70,2150000,0,0,5575324,12.13
27/02/2018,0,0,29.6(-1.33 %),0,0,0,0,5575324,12.13
28/02/2018,50,1510000,29.4(-0.68 %),50,1510000,0,0,5575274,12.13
01/03/2018,-8020,-234150000,29.65(0.85 %),80,2360000,8100,236510000,5575194,12.13
02/03/2018,840,25010000,29.8(0.51 %),1060,31430000,220,6420000,5574134,12.13
05/03/2018,0,0,29.9(0.34 %),0,0,0,0,5574134,12.13
06/03/2018,2570,76880000,30.3(1.34 %),2610,78080000,40,1200000,5579624,12.1
07/03/2018,10,310000,30.1(-0.66 %),10,310000,0,0,5579834,12.1
08/03/2018,1920,57810000,29.7(-1.33 %),1920,57810000,0,0,5577914,12.11
09/03/2018,0,0,29.55(-0.51 %),0,0,0,0,5577954,12.11
12/03/2018,10,300000,29.8(0.85 %),10,300000,0,0,5577944,12.11
13/03/2018,300,8940000,29.8(0.00 %),300,8940000,0,0,5577649,12.11
14/03/2018,30,890000,29.2(-2.01 %),30,890000,0,0,5577619,12.11
15/03/2018,-4160,-120850000,30.35(3.94 %),0,0,4160,120850000,5577619,12.11
16/03/2018,0,0,30(-1.15 %),0,0,0,0,5577619,12.11
19/03/2018,0,0,30(0.00 %),0,0,0,0,5577619,12.11
20/03/2018,-2100,-63320000,30.4(1.33 %),10,300000,2110,63620000,5581769,12.08
21/03/2018,20,600000,30.05(-1.15 %),20,600000,0,0,5581749,12.08
22/03/2018,50,1490000,29.7(-1.16 %),50,1490000,0,0,5581699,12.08
23/03/2018,10,300000,29.65(-0.17 %),10,300000,0,0,5583799,12.07
26/03/2018,10,300000,29.5(-0.51 %),10,300000,0,0,5583789,12.07
27/03/2018,30,890000,29.45(-0.17 %),30,890000,0,0,5583759,12.07
28/03/2018,530,15580000,29.4(-0.17 %),530,15580000,0,0,5583229,12.07
29/03/2018,10,290000,29.35(-0.17 %),10,290000,0,0,5583219,12.07
30/03/2018,50,1460000,28.8(-1.87 %),50,1460000,0,0,5583169,12.07
02/04/2018,-290,-8350000,28.5(-1.04 %),10,290000,300,8640000,5583159,12.07
03/04/2018,30,870000,28.5(0.00 %),30,870000,0,0,5583129,12.07
04/04/2018,10,290000,28.8(1.05 %),10,290000,0,0,5583119,12.07
05/04/2018,20,590000,29.4(2.08 %),20,590000,0,0,5583399,12.07
06/04/2018,530,15640000,29.5(0.34 %),530,15640000,0,0,5582869,12.08
09/04/2018,0,0,29.4(-0.34 %),0,0,0,0,5582869,12.08
10/04/2018,-200,-5790000,29.3(-0.34 %),20,590000,220,6380000,5582849,12.08
11/04/2018,0,0,29(-1.02 %),0,0,0,0,5582849,12.08
12/04/2018,10,290000,28.5(-1.72 %),10,290000,0,0,5582839,12.08
13/04/2018,140,4020000,28.95(1.58 %),140,4020000,0,0,5582919,12.08
16/04/2018,0,0,28.55(-1.38 %),0,0,0,0,5582919,12.08
17/04/2018,30,880000,29.8(4.38 %),30,880000,0,0,5582889,12.08
18/04/2018,10,300000,28.9(-3.02 %),10,300000,0,0,5582879,12.08
19/04/2018,0,0,28.45(-1.56 %),0,0,0,0,5582879,12.08
20/04/2018,0,0,29(1.93 %),0,0,0,0,5582884,12.08
23/04/2018,40,1170000,28.5(-1.72 %),40,1170000,0,0,5582844,12.08
24/04/2018,40,1160000,28.4(-0.35 %),40,1160000,0,0,5582804,12.08
26/04/2018,60,1710000,28(-1.41 %),60,1710000,0,0,5582744,12.08
27/04/2018,-29880,-856490000,29.5(5.36 %),120,3510000,30000,860000000,5582624,12.08
02/05/2018,710,20590000,28.3(-4.07 %),710,20590000,0,0,5581914,12.08
03/05/2018,30,860000,28.45(0.53 %),30,860000,0,0,5581884,12.08
04/05/2018,20,580000,28.7(0.88 %),20,580000,0,0,5611877,11.88
07/05/2018,50,1430000,28.55(-0.52 %),50,1430000,0,0,5611827,11.88
08/05/2018,20,580000,28.55(0.00 %),20,580000,0,0,5611807,11.88
09/05/2018,30,860000,28.7(0.53 %),30,860000,0,0,5611777,11.88
10/05/2018,-25600,-730880000,28.65(-0.17 %),20,570000,25620,731450000,5611757,11.89
11/05/2018,0,0,28.65(0.00 %),0,0,0,0,5611757,11.89
14/05/2018,0,0,28.65(0.00 %),0,0,0,0,5611757,11.89
15/05/2018,-90,-2560000,28.85(0.70 %),20,580000,110,3140000,5637357,11.72
16/05/2018,0,0,28.55(-1.04 %),0,0,0,0,5637357,11.72
17/05/2018,0,0,28.55(0.00 %),0,0,0,0,5637357,11.72
18/05/2018,10,290000,28.6(0.18 %),10,290000,0,0,5637457,11.72
21/05/2018,-1140,-32530000,28.95(1.22 %),10,300000,1150,32830000,5637447,11.72
22/05/2018,-480,-13650000,28.5(-1.55 %),20,580000,500,14230000,5637427,11.72
23/05/2018,0,0,28.3(-0.70 %),0,0,0,0,5637427,11.72
24/05/2018,1020,28720000,28.35(0.18 %),1020,28720000,0,0,5637557,11.71
25/05/2018,140,3980000,28.05(-1.06 %),140,3980000,0,0,5637919,11.71
28/05/2018,70,1920000,27.4(-2.32 %),70,1920000,0,0,5637849,11.71
29/05/2018,400,10970000,28.1(2.55 %),400,10970000,0,0,5637449,11.72
30/05/2018,-720,-19300000,27.9(-0.71 %),310,8500000,1030,27800000,5637139,11.72
31/05/2018,10,280000,28(0.36 %),10,280000,0,0,5637129,11.72
01/06/2018,-450,-12550000,27.9(-0.36 %),10,280000,460,12830000,5637119,11.72
04/06/2018,20,570000,28.25(1.25 %),20,570000,0,0,5638129,11.71
05/06/2018,0,0,28.25(0.00 %),0,0,0,0,5638129,11.71
06/06/2018,0,0,28(-0.88 %),0,0,0,0,5638589,11.71
07/06/2018,300,8400000,28(0.00 %),300,8400000,0,0,5638289,11.71
08/06/2018,20,570000,28.35(1.25 %),20,570000,0,0,5638269,11.71
11/06/2018,-10910,-300580000,28.2(-0.53 %),10,290000,10920,300870000,5638259,11.71
12/06/2018,0,0,28.3(0.35 %),0,0,0,0,5638259,11.71
13/06/2018,-600,-17160000,28.7(1.41 %),0,0,600,17160000,5638259,11.71
14/06/2018,15700,475860000,29.3(2.09 %),15920,482140000,220,6280000,5633259,11.74
15/06/2018,10,290000,28.9(-1.37 %),10,290000,0,0,5633249,11.74
18/06/2018,40,1180000,28.9(0.00 %),40,1180000,0,0,5633809,11.74
19/06/2018,0,0,28.9(0.00 %),0,0,0,0,5634029,11.74
20/06/2018,10,290000,29.3(1.38 %),10,290000,0,0,5634019,11.74
21/06/2018,0,0,28.8(-1.71 %),0,0,0,0,5634019,11.74
22/06/2018,130,3820000,29.4(2.08 %),130,3820000,0,0,5633889,11.74
25/06/2018,-90,-2620000,30(2.04 %),10,300000,100,2920000,5633879,11.74
26/06/2018,-1390,-40730000,29.9(-0.33 %),10,300000,1400,41030000,5633869,11.74
27/06/2018,10,300000,29.9(0.00 %),10,300000,0,0,5633859,11.74
28/06/2018,0,0,29.3(-2.01 %),0,0,0,0,5633959,11.74
29/06/2018,40,1196500,29.9(2.05 %),40,1196500,0,0,5633919,11.74
02/07/2018,-9880,-276057500,29.55(-1.17 %),320,9022500,10200,285080000,5727191,11.12
03/07/2018,-9980,-279930000,28.7(-2.88 %),20,570000,10000,280500000,5634979,11.73
04/07/2018,10,280000,27(1.12 %),10,280000,0,0,5634969,11.73
05/07/2018,1220,31950000,25.4(-5.93 %),1220,31950000,0,0,5643949,11.67
06/07/2018,100,2510000,26.3(3.54 %),140,3480000,40,970000,5653809,11.61
09/07/2018,280,7560000,27(2.66 %),280,7560000,0,0,5653529,11.61
10/07/2018,2420,65470000,26.9(-0.37 %),2420,65470000,0,0,5651109,11.62
11/07/2018,0,0,26.9(0.00 %),0,0,0,0,5651149,11.62
12/07/2018,30,807000,26.9(0.00 %),30,807000,0,0,5651119,11.62
13/07/2018,20,540000,25.55(-5.02 %),20,540000,0,0,5651099,11.62
16/07/2018,-17440,-424080000,25.9(1.37 %),20,530000,17460,424610000,5651079,11.63
17/07/2018,18970,525540000,27.3(5.41 %),20660,569990000,1690,44450000,5630419,11.76
18/07/2018,20,543000,26.9(-1.47 %),20,543000,0,0,5630399,11.76
19/07/2018,17720,501050000,28(4.09 %),17720,501050000,0,0,5630139,11.76
20/07/2018,110,3060000,28(0.00 %),110,3060000,0,0,5631719,11.75
23/07/2018,120,3289500,27.5(-1.79 %),120,3289500,0,0,5631599,11.75
24/07/2018,0,0,27.5(0.00 %),0,0,0,0,5631599,11.75
25/07/2018,60,1640000,27.3(-0.73 %),60,1640000,0,0,5631539,11.75
26/07/2018,30,820000,28(2.56 %),30,820000,0,0,5631509,11.75
27/07/2018,30,840000,27.8(-0.71 %),30,840000,0,0,5631479,11.75
30/07/2018,0,0,27.35(-1.62 %),0,0,0,0,5631479,11.75
31/07/2018,10,281000,27.7(1.28 %),10,281000,0,0,5631469,11.75
01/08/2018,0,0,27.6(-0.36 %),0,0,0,0,5727191,11.12
02/08/2018,120,3320000,27.85(0.91 %),120,3320000,0,0,5631349,11.76
03/08/2018,50,1385500,27.65(-0.72 %),50,1385500,0,0,5631299,11.76
06/08/2018,60,1661500,27.7(0.18 %),60,1661500,0,0,5631239,11.76
07/08/2018,10,280000,27.7(0.00 %),10,280000,0,0,5631229,11.76
08/08/2018,670,18614500,27.95(0.90 %),670,18614500,0,0,5630559,11.76
09/08/2018,-1910,-53384500,27.9(-0.18 %),10,279500,1920,53664000,5632469,11.75
10/08/2018,0,0,27.9(0.00 %),0,0,0,0,5630549,11.76
13/08/2018,3000,82500000,27.9(0.00 %),3000,82500000,0,0,5627549,11.78
14/08/2018,3000,83100000,27.7(-0.72 %),3000,83100000,0,0,5626469,11.79
15/08/2018,0,0,27.6(-0.36 %),0,0,0,0,5626469,11.79
16/08/2018,0,0,27.9(1.09 %),0,0,0,0,5626469,11.79
17/08/2018,0,0,28.2(1.08 %),0,0,0,0,5626469,11.79
20/08/2018,-11790,-327383000,27.7(-1.77 %),3010,83687500,14800,411070500,5638259,11.71
21/08/2018,-29620,-821166000,27.75(0.18 %),0,0,29620,821166000,5667879,11.51
22/08/2018,-29620,-814210000,27.4(-1.26 %),0,0,29620,814210000,5623459,11.81
23/08/2018,-29590,-807990000,27.15(-0.91 %),20,550000,29610,808540000,5638239,11.71
24/08/2018,-29010,-782897500,26.95(-0.74 %),610,16575500,29620,799473000,5667249,11.52
27/08/2018,-32580,-873820500,26.7(-0.93 %),0,0,32580,873820500,5699829,11.3
28/08/2018,-32510,-864652000,26.5(-0.75 %),3030,79410000,35540,944062000,5732339,11.09
29/08/2018,-44240,-1172480000,26.4(-0.38 %),180,4750000,44420,1177230000,5752889,10.95
30/08/2018,-50230,-1327970000,26.5(0.38 %),120,3180000,50350,1331150000,5785349,10.74
31/08/2018,50,1348000,26.8(1.13 %),50,1348000,0,0,5785299,10.74
04/09/2018,800,21680000,27(0.75 %),800,21680000,0,0,5727191,11.12
05/09/2018,0,0,26.9(-0.37 %),0,0,0,0,5727191,11.12
06/09/2018,0,0,26.75(-0.56 %),0,0,0,0,5727191,11.12
07/09/2018,20,538000,26.9(0.56 %),20,538000,0,0,5727171,11.12
10/09/2018,0,0,26.9(0.00 %),0,0,0,0,5914789,9.88
11/09/2018,0,0,27.35(1.67 %),0,0,0,0,5914789,9.88
12/09/2018,0,0,27.3(-0.18 %),0,0,0,0,5914789,9.88
13/09/2018,10,270000,27.3(0.00 %),10,270000,0,0,5914779,9.88
14/09/2018,10,270000,27.2(-0.37 %),10,270000,0,0,5914769,9.88
17/09/2018,30,830000,27.3(0.37 %),30,830000,0,0,5914739,9.88
18/09/2018,30,820000,27.1(-0.73 %),30,820000,0,0,5914709,9.88
19/09/2018,-570,-15440000,27.4(1.11 %),30,820000,600,16260000,5914679,9.88
20/09/2018,430,12130000,28.2(2.92 %),430,12130000,0,0,5914249,9.88
21/09/2018,10,290000,28.3(0.35 %),10,290000,0,0,5914239,9.88
24/09/2018,20,558000,28(-1.06 %),20,558000,0,0,5914219,9.88
25/09/2018,14220,404630100,29(3.57 %),14250,405483750,30,853650,5899999,9.98
26/09/2018,50,1498900,30(3.45 %),50,1498900,0,0,5899949,9.98
27/09/2018,-100,-2960000,29.55(-1.50 %),10,307000,110,3267000,5900049,9.98
28/09/2018,10,301000,29.1(-1.52 %),10,301000,0,0,5900039,9.98
01/10/2018,0,0,28.75(-1.20 %),0,0,0,0,5900488,9.98
02/10/2018,120,3485000,28.8(0.17 %),120,3485000,0,0,5900368,9.98
03/10/2018,1820,52065000,28.8(0.00 %),1820,52065000,0,0,5898548,9.99
04/10/2018,70,2067000,29.6(2.78 %),70,2067000,0,0,5898478,9.99
05/10/2018,10,293500,28.75(-2.87 %),10,293500,0,0,5898468,9.99
08/10/2018,-9170,-263620000,29.1(1.22 %),40,1170000,9210,264790000,5898538,9.99
09/10/2018,40,1180000,29.1(0.00 %),40,1180000,0,0,5898498,9.99
10/10/2018,40,1179000,29.3(0.69 %),40,1179000,0,0,5898458,9.99
11/10/2018,12550,366147500,29.2(-0.34 %),12750,371967500,200,5820000,5885908,10.07
12/10/2018,30,872000,29.1(-0.34 %),30,872000,0,0,5885878,10.07
15/10/2018,20,598000,29.15(0.17 %),20,598000,0,0,5885858,10.07
16/10/2018,20,593500,29.55(1.37 %),20,593500,0,0,5885838,10.07
17/10/2018,310,9032000,29.2(-1.18 %),310,9032000,0,0,5885528,10.07
18/10/2018,-2410,-69570000,29(-0.68 %),710,20730000,3120,90300000,5894028,10.02
19/10/2018,-8180,-224000500,29(0.00 %),40,1158500,8220,225159000,5902208,9.96
22/10/2018,-640,-18021000,28.3(-2.41 %),30,875500,670,18896500,5902848,9.96
23/10/2018,20,577000,28.35(0.18 %),20,577000,0,0,5902828,9.96
24/10/2018,130,3790000,28.5(0.53 %),300,8626500,170,4836500,5902698,9.96
25/10/2018,660,18722000,28.5(0.00 %),660,18722000,0,0,5902038,9.97
26/10/2018,10,290000,28.5(0.00 %),10,290000,0,0,5904978,9.95
29/10/2018,12030,348090000,28.8(1.05 %),12030,348090000,0,0,5893118,10.02
30/10/2018,0,0,28.75(-0.17 %),0,0,0,0,5893118,10.02
31/10/2018,20,576500,28.6(-0.52 %),20,576500,0,0,5893098,10.02
01/11/2018,-2070,-57903500,28.9(1.05 %),50,1445000,2120,59348500,5893038,10.02
02/11/2018,10,288000,28.55(-1.21 %),10,288000,0,0,5893028,10.02
05/11/2018,30,870000,28.8(0.88 %),30,870000,0,0,5893008,10.02
06/11/2018,20,581000,29.05(0.87 %),20,581000,0,0,5892988,10.03
07/11/2018,20,584000,29.2(0.52 %),20,584000,0,0,5892968,10.03
08/11/2018,10,294000,29.3(0.34 %),10,294000,0,0,5892958,10.03
09/11/2018,10,290000,29.05(-0.85 %),10,290000,0,0,5895068,10.01
12/11/2018,20,588500,29.2(0.52 %),20,588500,0,0,5895048,10.01
13/11/2018,10,292000,29.2(0.00 %),10,292000,0,0,5895038,10.01
14/11/2018,0,0,29(-0.68 %),0,0,0,0,5895038,10.01
15/11/2018,10,297500,29.8(2.76 %),10,297500,0,0,5895028,10.01
16/11/2018,-1000,-29598500,30.3(1.68 %),10,304500,1010,29903000,5896028,10.0
19/11/2018,60,1820000,30.3(0.00 %),60,1820000,0,0,5894958,10.01
20/11/2018,20,610000,30.3(0.00 %),20,610000,0,0,5894938,10.01
21/11/2018,0,0,30.1(-0.66 %),0,0,0,0,5895948,10.01
22/11/2018,0,0,30.5(1.33 %),0,0,0,0,5895948,10.01
23/11/2018,0,0,30.7(0.66 %),0,0,0,0,5895948,10.01
26/11/2018,-11340,-325657000,30.4(-0.98 %),710,21868000,12050,347525000,5907288,9.93
27/11/2018,10,309000,31.1(2.30 %),10,309000,0,0,5907278,9.93
28/11/2018,90,2900500,31.3(0.64 %),90,2900500,0,0,5907188,9.93
29/11/2018,9800,313110000,31.05(-0.80 %),9800,313110000,0,0,5897388,10.0
30/11/2018,1140,35789000,30.5(-1.77 %),1140,35789000,0,0,5896248,10.0
03/12/2018,710,22300000,31.5(3.28 %),710,22300000,0,0,5895538,10.01
04/12/2018,10,318000,31(-1.59 %),10,318000,0,0,5895528,10.01
05/12/2018,20,619000,30.9(-0.32 %),20,619000,0,0,5895508,10.01
06/12/2018,10,307000,30.7(-0.65 %),20,615000,10,308000,5895498,10.01
07/12/2018,0,0,30.35(-1.14 %),0,0,0,0,5895498,10.01
10/12/2018,-500,-15252000,30.9(1.81 %),0,0,500,15252000,5895998,10.01
11/12/2018,-10730,-310600000,30.8(-0.32 %),20,630000,10750,311230000,5895478,10.01
12/12/2018,-480,-14733000,30.9(0.32 %),20,617000,500,15350000,5895958,10.01
13/12/2018,0,0,30.75(-0.49 %),0,0,0,0,5895958,10.01
14/12/2018,-100,-3069500,30.7(-0.16 %),10,307500,110,3377000,5896058,10.0
17/12/2018,10,309000,30.7(0.00 %),10,309000,0,0,5896048,10.0
18/12/2018,130,3965000,30.5(-0.65 %),130,3965000,0,0,5895918,10.01
19/12/2018,10020,319128000,31(1.64 %),10020,319128000,0,0,5885898,10.07
20/12/2018,0,0,30.1(-2.90 %),0,0,0,0,5897148,10.0
21/12/2018,0,0,30.5(1.33 %),0,0,0,0,5897148,10.0
24/12/2018,-190,-5780000,30.7(0.66 %),0,0,190,5780000,5897148,10.0
25/12/2018,-1390,-40150000,30.55(-0.49 %),10,310000,1400,40460000,5897139,10.0
26/12/2018,-500,-15100000,30.6(0.16 %),0,0,500,15100000,5897639,9.99
27/12/2018,0,0,30.5(-0.33 %),0,0,0,0,5897639,9.99
28/12/2018,-790,-23710000,30.2(-0.98 %),10,300000,800,24010000,5898719,9.99
02/01/2019,10,304500,30.2(0.00 %),10,304500,0,0,5899209,9.98
03/01/2019,0,0,30.2(0.00 %),0,0,0,0,5899209,9.98
04/01/2019,0,0,30.2(0.00 %),0,0,0,0,5899209,9.98
07/01/2019,-16970,-476813000,30(-0.66 %),30,906000,17000,477719000,5916179,9.87
08/01/2019,20,609000,30.3(1.00 %),20,609000,0,0,5916159,9.87
09/01/2019,0,0,30.45(0.50 %),0,0,0,0,5916159,9.87
10/01/2019,17820,551070000,30.6(0.49 %),17820,551070000,0,0,5899139,9.98
11/01/2019,0,0,30.95(1.14 %),0,0,0,0,5899139,9.98
14/01/2019,0,0,31.7(2.42 %),0,0,0,0,5899139,9.98
15/01/2019,-280,-8818500,31.55(-0.47 %),20,631500,300,9450000,5899419,9.98
16/01/2019,0,0,30.2(-4.28 %),0,0,0,0,5899419,9.98
17/01/2019,40,1220000,30(-0.66 %),40,1220000,0,0,5899079,9.98
18/01/2019,90,2780000,30.9(3.00 %),90,2780000,0,0,5899289,9.98
21/01/2019,-3000,-91650000,30.5(-1.29 %),0,0,3000,91650000,5899289,9.98
22/01/2019,70,2149000,30.8(0.98 %),70,2149000,0,0,5899219,9.98
23/01/2019,50,1550000,30.8(0.00 %),50,1550000,0,0,5899169,9.98
24/01/2019,20,637500,30.9(0.32 %),20,637500,0,0,5899149,9.98
25/01/2019,10,320000,31.2(0.97 %),10,320000,0,0,5902139,9.96
28/01/2019,10,314000,31.4(0.64 %),10,314000,0,0,5899129,9.98
29/01/2019,0,0,31.4(0.00 %),220,6864000,220,6864000,5899129,9.98
30/01/2019,40,1268000,31.5(0.32 %),40,1268000,0,0,5899089,9.98
31/01/2019,30,960000,32(1.59 %),30,960000,0,0,5901839,9.97
01/02/2019,-16850,-511310000,32.25(0.78 %),30,970000,16880,512280000,5902029,9.97
11/02/2019,10,329000,32(-0.78 %),10,329000,0,0,5902049,9.97
12/02/2019,-1970,-63030000,32.3(0.94 %),30,970000,2000,64000000,5901989,9.97
13/02/2019,6240,203540000,32.7(1.24 %),15140,497350000,8900,293810000,5903729,9.95
14/02/2019,-160,-5240000,33(0.92 %),40,1360000,200,6600000,5903689,9.95
15/02/2019,10,344500,33.45(1.36 %),20,680500,10,336000,5897929,9.99
18/02/2019,-880,-29330000,33.4(-0.15 %),410,13760000,1290,43090000,5914159,9.89
19/02/2019,-22620,-713630000,33.3(-0.30 %),80,2600000,22700,716230000,5914279,9.88
20/02/2019,60,2010000,33.5(0.60 %),60,2010000,0,0,5921369,9.84
21/02/2019,-580,-19428000,33.6(0.30 %),20,672000,600,20100000,5921949,9.83
22/02/2019,120,3982500,33.15(-1.34 %),120,3982500,0,0,5921829,9.83
25/02/2019,20920,720460000,33.9(2.26 %),20930,720800000,10,340000,5917149,9.87
26/02/2019,-1970,-66980000,33.55(-1.03 %),20,680000,1990,67660000,5917729,9.86
27/02/2019,2880,100270000,34.3(2.24 %),2880,100270000,0,0,5914849,9.88
28/02/2019,30,1035000,34(-0.87 %),30,1035000,0,0,5899969,9.98
01/03/2019,-790,-27260000,34.4(1.18 %),30,1030000,820,28290000,5916789,9.87
04/03/2019,30,1030000,34.4(0.00 %),30,1030000,0,0,5916759,9.87
05/03/2019,-1150,-39508500,34.05(-1.02 %),30,1024500,1180,40533000,5917939,9.86
06/03/2019,50,1750000,35(2.79 %),50,1750000,0,0,5917499,9.86
07/03/2019,-8030,-279646000,34.2(-2.29 %),60,2125500,8090,281771500,5925919,9.81
08/03/2019,-2370,-83070000,33.9(-0.88 %),130,4530000,2500,87600000,5918489,9.86
11/03/2019,-2360,-84080000,34.6(2.06 %),60,2120000,2420,86200000,5918429,9.86
12/03/2019,30,1047000,35(1.16 %),30,1047000,0,0,5930619,9.78
13/03/2019,560,19654000,35.4(1.14 %),710,24924000,150,5270000,5930059,9.78
14/03/2019,40,1430000,35.55(0.42 %),40,1430000,0,0,5930019,9.78
15/03/2019,310,11024500,35.6(0.14 %),310,11024500,0,0,5929709,9.78
18/03/2019,0,0,35.2(-1.12 %),0,0,0,0,5930499,9.78
19/03/2019,10,350000,35.3(0.28 %),10,350000,0,0,5930489,9.78
20/03/2019,40,1421000,35.1(-0.57 %),40,1421000,0,0,5929659,9.78
21/03/2019,70,2481500,35.5(1.14 %),70,2481500,0,0,5929589,9.78
22/03/2019,40,1415000,33.6(-5.35 %),40,1415000,0,0,5929549,9.78
25/03/2019,0,0,33.7(0.30 %),0,0,0,0,5929549,9.78
26/03/2019,120,4100000,33.7(0.00 %),120,4100000,0,0,5930219,9.78
27/03/2019,100,3500000,35.1(4.15 %),100,3500000,0,0,5930119,9.78
28/03/2019,0,0,34.5(-1.71 %),0,0,0,0,5929329,9.78
29/03/2019,10,349000,34.9(1.16 %),10,349000,0,0,5929319,9.78
01/04/2019,10,350000,34.85(-0.14 %),10,350000,0,0,5930099,9.78
02/04/2019,0,0,34.9(0.14 %),0,0,0,0,5930109,9.78
03/04/2019,-20,-590000,34.9(0.00 %),80,2750000,100,3340000,5930019,9.78
04/04/2019,0,0,34.85(-0.14 %),0,0,0,0,5930019,9.78
05/04/2019,0,0,34.75(-0.29 %),0,0,0,0,5930129,9.78
08/04/2019,30,1040000,34.5(-0.72 %),30,1040000,0,0,5930089,9.78
09/04/2019,10,341000,34.1(-1.16 %),10,341000,0,0,5930089,9.78
10/04/2019,780,27290000,34.9(2.35 %),780,27290000,0,0,5929299,9.78
11/04/2019,160,5595000,34.9(0.00 %),160,5595000,0,0,5929149,9.79
12/04/2019,-270,-9500000,34.95(0.14 %),730,25500000,1000,35000000,5928409,9.79
16/04/2019,-1000,-35150000,35.2(0.72 %),0,0,1000,35150000,5930419,9.78
17/04/2019,0,0,35(-0.57 %),0,0,0,0,5930419,9.78
18/04/2019,-1000,-35000000,35(0.00 %),0,0,1000,35000000,5929409,9.78
19/04/2019,-7720,-270150000,35.2(0.57 %),0,0,7720,270150000,5930409,9.78
22/04/2019,-970,-35165000,35.85(1.85 %),30,1085000,1000,36250000,5940109,9.71
23/04/2019,-800,-29150000,36.1(0.70 %),710,25920000,1510,55070000,5930669,9.78
24/04/2019,-5240,-191190000,35.7(-1.11 %),750,27320000,5990,218510000,5937639,9.73
25/04/2019,-2590,-93615000,36.3(1.68 %),10,365000,2600,93980000,5948739,9.66
26/04/2019,330,12424000,36.45(0.41 %),730,26711000,400,14287000,5948409,9.66
02/05/2019,-10,-360000,36(-1.23 %),0,0,10,360000,5945399,9.68
03/05/2019,710,25910000,36.4(1.11 %),710,25910000,0,0,5947289,9.67
06/05/2019,0,0,36.35(-0.14 %),0,0,0,0,5947689,9.66
07/05/2019,610,22202500,36.3(-0.14 %),610,22202500,0,0,5944079,9.69
08/05/2019,0,0,36.25(-0.14 %),0,0,0,0,5947089,9.67
09/05/2019,20,720000,36.25(0.00 %),20,720000,0,0,5944059,9.69
10/05/2019,10,361000,36.1(-0.41 %),10,361000,0,0,5944049,9.69
13/05/2019,10,361000,36.2(0.28 %),10,361000,0,0,5944039,9.69
14/05/2019,10,360000,36(-0.55 %),10,360000,0,0,5947039,9.67
15/05/2019,30,1081000,36.1(0.28 %),30,1081000,0,0,5943999,9.69
16/05/2019,20,720000,36(-0.28 %),20,720000,0,0,5946989,9.67
17/05/2019,0,0,36(0.00 %),0,0,0,0,5946989,9.67
20/05/2019,0,0,36(0.00 %),0,0,0,0,5946989,9.67
21/05/2019,0,0,35.9(-0.28 %),0,0,0,0,5946989,9.67
22/05/2019,0,0,36.2(0.84 %),0,0,0,0,5946989,9.67
23/05/2019,10,370000,36.4(0.55 %),10,370000,0,0,5946979,9.67
24/05/2019,0,0,36.5(0.27 %),0,0,0,0,5946979,9.67
27/05/2019,10,370000,36.2(-0.82 %),10,370000,0,0,5946969,9.67
28/05/2019,-5990,-215940000,36.1(-0.28 %),10,360000,6000,216300000,5952959,9.63
29/05/2019,-1900,-68780000,36.1(0.00 %),1000,36200000,2900,104980000,5945959,9.67
30/05/2019,-500,-18050000,36.1(0.00 %),1000,36100000,1500,54150000,5955359,9.61
31/05/2019,610,22021000,36.1(0.00 %),610,22021000,0,0,5954749,9.62
03/06/2019,330,12041000,36(-0.28 %),550,19851000,220,7810000,5952699,9.63
04/06/2019,10,360000,36(0.00 %),10,360000,0,0,5952689,9.63
05/06/2019,-24350,-833200000,36.3(0.83 %),10,360000,24360,833560000,5954179,9.62
06/06/2019,10,360000,36.3(0.00 %),10,360000,0,0,5954389,9.62
07/06/2019,10,360000,36.9(1.65 %),10,360000,0,0,5954379,9.62
10/06/2019,700,25970000,36.9(0.00 %),700,25970000,0,0,5976319,9.47
11/06/2019,10,360000,35.5(-3.79 %),10,360000,0,0,5978029,9.46
12/06/2019,0,0,35.7(0.56 %),0,0,0,0,5978029,9.46
13/06/2019,300,10620000,35.4(-0.84 %),300,10620000,0,0,5976009,9.48
14/06/2019,10,357000,35.5(0.28 %),10,357000,0,0,5975999,9.48
17/06/2019,510,18140000,35.55(0.14 %),510,18140000,0,0,5977209,9.47
18/06/2019,10,360000,35.7(0.42 %),10,360000,0,0,5977199,9.47
19/06/2019,20,720000,35.7(0.00 %),20,720000,0,0,5977179,9.47
20/06/2019,0,0,36(0.84 %),0,0,0,0,5975459,9.48
21/06/2019,10,360000,35.9(-0.28 %),10,360000,0,0,5977169,9.47
24/06/2019,23700,852200000,35.5(-1.11 %),23700,852200000,0,0,5953469,9.63
25/06/2019,50,1750000,35(-1.41 %),50,1750000,0,0,5953419,9.63
26/06/2019,60,2179000,36.6(4.57 %),60,2179000,0,0,5951639,9.64
27/06/2019,0,0,35.9(-1.91 %),0,0,0,0,5953359,9.63
28/06/2019,330,11850000,35(-2.51 %),330,11850000,0,0,5953029,9.63
01/07/2019,20,731000,36(2.86 %),20,731000,0,0,5953029,9.63
02/07/2019,-850,-29890000,35.1(-2.50 %),150,5300000,1000,35190000,5952859,9.63
03/07/2019,40,1460000,36.9(5.13 %),40,1460000,0,0,5952819,9.63
04/07/2019,50,1800000,36(-2.44 %),50,1800000,0,0,5952769,9.63
05/07/2019,70,2540000,36.2(0.56 %),70,2540000,0,0,5953699,9.62
08/07/2019,30,1087000,36.3(0.28 %),30,1087000,0,0,5953689,9.62
09/07/2019,110,3965500,36.05(-0.69 %),110,3965500,0,0,5953579,9.62
10/07/2019,110,3982000,36.2(0.42 %),110,3982000,0,0,5953469,9.63
11/07/2019,10,365000,36.5(0.83 %),10,365000,0,0,5953459,9.63
12/07/2019,0,0,35.5(-2.74 %),0,0,0,0,5953439,9.63
15/07/2019,0,0,36.6(3.10 %),0,0,0,0,5953459,9.63
16/07/2019,0,0,36.6(0.00 %),0,0,0,0,5953439,9.63
17/07/2019,0,0,36.7(0.27 %),0,0,0,0,5953439,9.63
18/07/2019,-3860,-140390000,36.8(0.27 %),240,8830000,4100,149220000,5953199,9.63
19/07/2019,-580,-20474000,36.8(0.00 %),0,0,580,20474000,5957899,9.6
22/07/2019,1000,36700000,36.7(-0.27 %),1000,36700000,0,0,5952199,9.63
23/07/2019,-3660,-133731000,36.5(-0.54 %),0,0,3660,133731000,5960559,9.58
24/07/2019,1050,38706500,36.8(0.82 %),3000,110604000,1950,71897500,5959509,9.59
25/07/2019,0,0,36(-2.17 %),0,0,0,0,5959509,9.59
26/07/2019,0,0,36.7(1.94 %),0,0,0,0,5957544,9.6
29/07/2019,20,730000,36.7(0.00 %),20,730000,0,0,5959474,9.59
30/07/2019,10,360000,36(-1.91 %),10,360000,0,0,5959479,9.59
31/07/2019,0,0,36.1(0.28 %),0,0,0,0,5959479,9.59
01/08/2019,10,360000,36.55(1.25 %),10,360000,0,0,5959454,9.59
02/08/2019,0,0,36.55(0.00 %),0,0,0,0,5959464,9.59
05/08/2019,10,370000,36.5(-0.14 %),10,370000,0,0,5959444,9.59
06/08/2019,-6180,-216890000,36.45(-0.14 %),20,730000,6200,217620000,5959424,9.59
07/08/2019,0,0,36.4(-0.14 %),0,0,0,0,5965634,9.54
08/08/2019,0,0,36.4(0.00 %),0,0,0,0,5959424,9.59
09/08/2019,0,0,35.3(-3.02 %),0,0,0,0,5965634,9.54
12/08/2019,40,1450500,36.15(2.41 %),40,1450500,0,0,5965594,9.54
13/08/2019,20,724500,36(-0.41 %),20,724500,0,0,5965574,9.55
14/08/2019,20,720000,35.9(-0.28 %),20,720000,0,0,5965539,9.55
15/08/2019,10,360000,35.6(-0.84 %),10,360000,0,0,5965529,9.55
16/08/2019,140,4860000,34.85(-2.11 %),140,4860000,0,0,5965389,9.55
19/08/2019,50,1750000,34.8(-0.14 %),50,1750000,0,0,5965339,9.55
20/08/2019,220,7530000,34.45(-1.01 %),220,7530000,0,0,5965119,9.55
21/08/2019,30,1030000,34(-1.31 %),30,1030000,0,0,5965104,9.55
22/08/2019,20,678000,33.3(-2.06 %),20,678000,0,0,5965084,9.55
23/08/2019,-12530,-390937500,33.8(1.50 %),70,2363500,12600,393301000,5977614,9.47
26/08/2019,160,5250000,33.45(-1.04 %),160,5250000,0,0,5964839,9.55
27/08/2019,20,684500,33.9(1.35 %),20,684500,0,0,5977434,9.47
28/08/2019,20,670000,33.4(-1.47 %),20,670000,0,0,5977399,9.47
29/08/2019,-40,-1320000,32.95(-1.35 %),0,0,40,1320000,5977399,9.47
30/08/2019,11100,370710000,33.2(0.76 %),11100,370710000,0,0,5966299,9.54
03/09/2019,30,1003500,33.35(0.45 %),30,1003500,0,0,5966299,9.54
04/09/2019,720,23904000,33.2(-0.45 %),720,23904000,0,0,5965579,9.54
05/09/2019,-1170,-37587500,32.65(-1.66 %),180,5882500,1350,43470000,5966749,9.54
06/09/2019,50,1658000,33.25(1.84 %),50,1658000,0,0,5966699,9.54
09/09/2019,-280,-9180000,31.65(-4.81 %),20,660000,300,9840000,5965339,9.55
10/09/2019,830,25380500,30.55(-3.48 %),830,25380500,0,0,5966149,9.54
11/09/2019,50,1564500,31.05(1.64 %),50,1564500,0,0,5966099,9.54
12/09/2019,70,2182000,31.2(0.48 %),70,2182000,0,0,5966029,9.54
13/09/2019,80,2500000,29.9(-4.17 %),80,2500000,0,0,5965959,9.54
16/09/2019,30,924000,30.75(2.84 %),30,924000,0,0,5965919,9.54
17/09/2019,20,630000,30.3(-1.46 %),20,630000,0,0,5965909,9.54
18/09/2019,80,2490000,30.2(-0.33 %),80,2490000,0,0,5965829,9.54
19/09/2019,40,1220000,30.8(1.99 %),40,1220000,0,0,5965789,9.54
20/09/2019,-360,-10620000,31(0.65 %),40,1240000,400,11860000,5965749,9.54
23/09/2019,110,3410000,30.15(-2.74 %),110,3410000,0,0,5965639,9.54
24/09/2019,20,620000,30.7(1.82 %),20,620000,0,0,5965619,9.54
25/09/2019,30,914500,30.5(-0.65 %),30,914500,0,0,5965979,9.54
26/09/2019,40,1226000,30.5(0.00 %),40,1226000,0,0,5965939,9.54
27/09/2019,20,620000,30.65(0.49 %),20,620000,0,0,5965919,9.54
30/09/2019,60,1830000,30.5(-0.49 %),60,1830000,0,0,5965869,9.54
01/10/2019,1140,34210000,30(-1.64 %),1140,34210000,0,0,5964729,9.55
02/10/2019,10,312000,30.85(2.83 %),10,312000,0,0,5965859,9.54
03/10/2019,40,1219000,30.5(-1.13 %),40,1219000,0,0,5965819,9.54
04/10/2019,60,1894500,30.05(-1.48 %),60,1894500,0,0,5965759,9.54
07/10/2019,30,930000,30.9(2.83 %),30,930000,0,0,5964589,9.55
08/10/2019,0,0,30.5(-1.29 %),0,0,0,0,5965729,9.54
09/10/2019,0,0,30.55(0.16 %),0,0,0,0,5964589,9.55
10/10/2019,0,0,30.1(-1.47 %),0,0,0,0,5965729,9.54
11/10/2019,10,300000,30.3(0.66 %),10,300000,0,0,5964579,9.55
14/10/2019,-380,-11510000,29.6(-2.31 %),20,610000,400,12120000,5964559,9.55
15/10/2019,30,910000,29.6(0.00 %),30,910000,0,0,5964529,9.55
16/10/2019,20,600500,29.4(-0.68 %),20,600500,0,0,5966049,9.54
17/10/2019,10,299000,29.85(1.53 %),10,299000,0,0,5966039,9.54
18/10/2019,30,939000,31.3(4.86 %),30,939000,0,0,5966009,9.54
21/10/2019,0,0,30(-4.15 %),0,0,0,0,5964869,9.55
22/10/2019,3530,105710000,30.4(1.33 %),3530,105710000,0,0,5961339,9.57
23/10/2019,3020,90600000,30(-1.32 %),3020,90600000,0,0,5959459,9.59
24/10/2019,60,1824500,30.45(1.50 %),60,1824500,0,0,5959399,9.59
25/10/2019,-8000,-240000000,30(-1.48 %),2000,60000000,10000,300000000,5967399,9.53
28/10/2019,30,912500,30.5(1.67 %),30,912500,0,0,5967369,9.53
29/10/2019,30,910000,30.45(-0.16 %),30,910000,0,0,5956199,9.61
30/10/2019,10,300000,30.4(-0.16 %),10,300000,0,0,5966189,9.54
31/10/2019,1800,54360000,30.2(-0.66 %),1800,54360000,0,0,5964389,9.55
01/11/2019,0,0,30(-0.66 %),0,0,0,0,5964389,9.55
04/11/2019,150,4560000,30(0.00 %),150,4560000,0,0,5964239,9.55
05/11/2019,60,1840000,30.6(2.00 %),60,1840000,0,0,5964179,9.55
06/11/2019,20,640000,31.85(4.08 %),20,640000,0,0,5964159,9.55
07/11/2019,-100,-3200000,31.7(-0.47 %),0,0,100,3200000,5964159,9.55
08/11/2019,40,1280000,31.5(-0.63 %),40,1280000,0,0,5964119,9.55
11/11/2019,-990,-29647000,31.3(-0.63 %),410,12353000,1400,42000000,5965209,9.55
12/11/2019,250,7870000,32.8(4.79 %),250,7870000,0,0,5963559,9.56
13/11/2019,0,0,31.75(-3.20 %),0,0,0,0,5964959,9.55
14/11/2019,150,4560000,30.4(-4.25 %),150,4560000,0,0,5964809,9.55
15/11/2019,40,1200000,30(-1.32 %),40,1200000,0,0,5964769,9.55
18/11/2019,10,310000,30.15(0.50 %),10,310000,0,0,5964759,9.55
19/11/2019,10,310000,30.6(1.49 %),10,310000,0,0,5964749,9.55
20/11/2019,-1890,-57280000,30(-1.96 %),10,320000,1900,57600000,5964739,9.55
21/11/2019,10,318500,30.1(0.33 %),10,318500,0,0,5966629,9.54
22/11/2019,10,310000,30.1(0.00 %),10,310000,0,0,5964719,9.55
25/11/2019,3010,90613500,30.9(2.66 %),3010,90613500,0,0,5963609,9.56
26/11/2019,40,1250500,30.9(0.00 %),40,1250500,0,0,5963569,9.56
27/11/2019,30,930000,30.3(-1.94 %),30,930000,0,0,5963539,9.56
28/11/2019,20,630000,30.3(0.00 %),20,630000,0,0,5963519,9.56
29/11/2019,40,1240000,30.9(1.98 %),40,1240000,0,0,5963479,9.56
02/12/2019,2670,82095000,32.5(5.18 %),2670,82095000,0,0,5963479,9.56
03/12/2019,20,642000,32.1(-1.23 %),20,642000,0,0,5963459,9.56
04/12/2019,30,910000,30.45(-5.14 %),30,910000,0,0,5960759,9.58
05/12/2019,40,1240000,30.65(0.66 %),50,1550000,10,310000,5960709,9.58
06/12/2019,-660,-20460000,30.7(0.16 %),0,0,660,20460000,5964049,9.56
09/12/2019,2530,77678000,30.9(0.65 %),2530,77678000,0,0,5961519,9.57
10/12/2019,40,1270000,31.75(2.75 %),40,1270000,0,0,5958149,9.59
11/12/2019,30,950000,31.8(0.16 %),30,950000,0,0,5958779,9.59
12/12/2019,40,1270000,31.7(-0.31 %),40,1270000,0,0,5958739,9.59
13/12/2019,100,3074000,30.6(-3.47 %),110,3380000,10,306000,5961309,9.57
16/12/2019,110,3390000,31.85(4.08 %),110,3390000,0,0,5958519,9.59
17/12/2019,20,630500,31.2(-2.04 %),20,630500,0,0,5961179,9.57
18/12/2019,30,930000,31(-0.64 %),30,930000,0,0,5961149,9.57
19/12/2019,10,318500,30.7(-0.97 %),10,318500,0,0,5961139,9.57
20/12/2019,20,630000,30.9(0.65 %),20,630000,0,0,5958449,9.59
23/12/2019,-90,-2710000,30.5(-1.29 %),810,24560000,900,27270000,5957639,9.6
24/12/2019,30,930000,30.8(0.98 %),30,930000,0,0,5957609,9.6
25/12/2019,40,1263500,31.85(3.41 %),40,1263500,0,0,5961139,9.57
26/12/2019,40,1230000,30.75(-3.45 %),40,1230000,0,0,5958429,9.59
27/12/2019,130,4040000,31.5(2.44 %),130,4040000,0,0,5960969,9.58
30/12/2019,60,1890000,31(-1.59 %),60,1890000,0,0,5958239,9.59
31/12/2019,220,7039000,31.9(2.90 %),220,7039000,0,0,5960719,9.58
02/01/2020,50,1602000,31.95(0.16 %),50,1602000,0,0,5958019,9.59
03/01/2020,50,1604500,30.65(-4.07 %),50,1604500,0,0,5957969,9.6
06/01/2020,10,310000,31(1.14 %),10,310000,0,0,5957959,9.6
07/01/2020,10,320000,31(0.00 %),10,320000,0,0,5957949,9.6
08/01/2020,20,630000,31.95(3.06 %),20,630000,0,0,5957879,9.6
09/01/2020,0,0,31.8(-0.47 %),0,0,0,0,5957879,9.6
10/01/2020,10,330000,31.4(-1.26 %),10,330000,0,0,5957869,9.6
13/01/2020,20,635500,31.65(0.80 %),20,635500,0,0,5957899,9.6
14/01/2020,0,0,31.45(-0.63 %),0,0,0,0,5957899,9.6
15/01/2020,10,310000,31.4(-0.16 %),10,310000,0,0,5957839,9.6
16/01/2020,30,920000,30.75(-2.07 %),30,920000,0,0,5957809,9.6
17/01/2020,-360,-11160000,31(0.81 %),0,0,360,11160000,5957809,9.6
20/01/2020,-120,-3780000,31.5(1.61 %),20,630000,140,4410000,5957929,9.6
21/01/2020,10,310000,31.5(0.00 %),10,310000,0,0,5957779,9.6
22/01/2020,110,3572000,32.35(2.70 %),110,3572000,0,0,5957669,9.6
30/01/2020,0,0,30.6(-5.41 %),0,0,0,0,5957669,9.6
31/01/2020,80,2562500,32(4.58 %),80,2562500,0,0,5957589,9.6
03/02/2020,280,8949500,32(0.00 %),280,8949500,0,0,5958089,9.59
04/02/2020,130,4155000,32(0.00 %),130,4155000,0,0,5957959,9.6
05/02/2020,30,980000,32(0.00 %),30,980000,0,0,5957649,9.6
06/02/2020,1080,34580000,32(0.00 %),1080,34580000,0,0,5956569,9.6
07/02/2020,2790,93407000,31.5(-1.56 %),2790,93407000,0,0,5954059,9.62
10/02/2020,-2470,-79030000,32.4(2.86 %),20,650000,2490,79680000,5953759,9.62
11/02/2020,1600,51840000,32.5(0.31 %),1600,51840000,0,0,5954929,9.62
12/02/2020,20,650000,32.5(0.00 %),20,650000,0,0,5952139,9.63
13/02/2020,10,325000,32.5(0.00 %),10,325000,0,0,5954899,9.62
14/02/2020,10,334000,32.5(0.00 %),10,334000,0,0,5954889,9.62
17/02/2020,50,1638000,32.3(-0.62 %),50,1638000,0,0,5954839,9.62
18/02/2020,0,0,32.3(0.00 %),0,0,0,0,5954559,9.62
19/02/2020,0,0,32.3(0.00 %),0,0,0,0,5954839,9.62
20/02/2020,10,319000,31.1(-3.72 %),10,319000,0,0,5954829,9.62
21/02/2020,80,2570000,32.35(4.02 %),80,2570000,0,0,5954469,9.62
24/02/2020,10,323500,31.5(-2.63 %),10,323500,0,0,5954739,9.62
25/02/2020,10,323000,31.45(-0.16 %),10,323000,0,0,5954729,9.62
26/02/2020,30,952500,31(-1.43 %),30,952500,0,0,5954699,9.62
27/02/2020,10,322000,31.5(1.61 %),10,322000,0,0,5954689,9.62
28/02/2020,50,1622500,32.45(3.02 %),50,1622500,0,0,5954639,9.62
02/03/2020,30,970000,32.25(-0.62 %),30,970000,0,0,5954329,9.62
03/03/2020,50,1600500,31.8(-1.40 %),50,1600500,0,0,5954279,9.62
04/03/2020,20,639500,31(-2.52 %),20,639500,0,0,5954259,9.62
05/03/2020,10,320000,32.2(3.87 %),10,320000,0,0,5954249,9.62
06/03/2020,30,960000,31.85(-1.09 %),30,960000,0,0,5954219,9.62
09/03/2020,10,324500,32.45(1.88 %),10,324500,0,0,5954209,9.62
10/03/2020,0,0,31.45(-3.08 %),0,0,0,0,5954209,9.62
11/03/2020,10,318000,31.8(1.11 %),10,318000,0,0,5954199,9.62
12/03/2020,20,620000,30.5(-4.09 %),20,620000,0,0,5954176,9.62
13/03/2020,-600,-17400000,29(-4.92 %),0,0,600,17400000,5954176,9.62
16/03/2020,10,304000,29.8(2.76 %),10,304000,0,0,5954769,9.62
17/03/2020,10,300000,28.1(-5.70 %),10,300000,0,0,5954156,9.62
18/03/2020,10,296500,29.6(5.34 %),10,296500,0,0,5954749,9.62
19/03/2020,0,0,29.3(-1.01 %),0,0,0,0,5954746,9.62
20/03/2020,0,0,29(-1.02 %),0,0,0,0,5954746,9.62
23/03/2020,-6370,-177720000,27.9(-3.79 %),0,0,6370,177720000,5954746,9.62
24/03/2020,10,290000,28.95(3.76 %),10,290000,0,0,5954736,9.62
25/03/2020,20,580000,29(0.17 %),20,580000,0,0,5961079,9.57
26/03/2020,10,293500,29.35(1.21 %),10,293500,0,0,5961069,9.57
27/03/2020,0,0,27.5(-6.30 %),0,0,0,0,5961069,9.57
30/03/2020,0,0,29.2(6.18 %),0,0,0,0,5961069,9.57
31/03/2020,0,0,29.25(0.17 %),0,0,0,0,5961069,9.57
01/04/2020,-4000,-109200000,27.3(-6.67 %),0,0,4000,109200000,5961076,9.57
03/04/2020,40,1146000,28.65(4.95 %),40,1146000,0,0,5961036,9.58
06/04/2020,10,290000,28.5(-0.52 %),10,290000,0,0,5961026,9.58
07/04/2020,10,280000,28(-1.75 %),10,280000,0,0,5965016,9.55
08/04/2020,10,280000,28.15(0.54 %),10,280000,0,0,5965006,9.55
09/04/2020,10,280000,27.85(-1.07 %),10,280000,0,0,5964996,9.55
10/04/2020,100,2760000,27.5(-1.26 %),100,2760000,0,0,5964896,9.55
13/04/2020,10,277500,27.75(0.91 %),10,277500,0,0,5960886,9.58
14/04/2020,650,17970000,27.8(0.18 %),710,19650000,60,1680000,5964176,9.55
15/04/2020,870,23673000,27.9(0.36 %),870,23673000,0,0,5959366,9.59
16/04/2020,10220,289940000,29.5(5.73 %),10220,289940000,0,0,5953086,9.63
17/04/2020,3090,89680000,29.5(0.00 %),3090,89680000,0,0,5950056,9.65
20/04/2020,-34790,-1090210000,31.55(6.95 %),10,300000,34800,1090510000,5950046,9.65
21/04/2020,4710,148370000,31.95(1.27 %),4710,148370000,0,0,5945336,9.68
22/04/2020,-10,-299000,32(0.16 %),0,0,10,299000,5976146,9.48
23/04/2020,-50,-1800000,33(3.12 %),50,1600000,100,3400000,5980086,9.45
24/04/2020,-10,-320000,32(-3.03 %),0,0,10,320000,5976206,9.47
27/04/2020,0,0,32(0.00 %),0,0,0,0,5980096,9.45
28/04/2020,-320,-10230000,31.5(-1.56 %),0,0,320,10230000,5976526,9.47
29/04/2020,-20,-660000,33(4.76 %),0,0,20,660000,5976546,9.47
04/05/2020,0,0,32.4(-1.82 %),0,0,0,0,5980206,9.45
05/05/2020,-4310,-142230000,33(1.85 %),0,0,4310,142230000,5984516,9.42
06/05/2020,-12690,-418870000,34.6(4.85 %),0,0,12690,418870000,5980546,9.45
07/05/2020,0,0,34.7(0.29 %),0,0,0,0,5997206,9.34
08/05/2020,-100,-3500000,34.3(-1.15 %),0,0,100,3500000,5984856,9.42
11/05/2020,230,7650000,35(2.04 %),330,11150000,100,3500000,5997216,9.34
12/05/2020,0,0,34.8(-0.57 %),0,0,0,0,5997076,9.34
13/05/2020,0,0,33.6(-3.45 %),0,0,0,0,5997316,9.34
14/05/2020,0,0,33.7(0.30 %),0,0,0,0,5997416,9.33
15/05/2020,0,0,33.9(0.59 %),0,0,0,0,5997416,9.33
18/05/2020,-9100,-308490000,33.9(0.00 %),0,0,9100,308490000,6006176,9.28
19/05/2020,0,0,34(0.29 %),0,0,0,0,6006176,9.28
20/05/2020,0,0,33.9(-0.29 %),0,0,0,0,6006176,9.28
21/05/2020,0,0,31.9(-5.90 %),0,0,0,0,6006176,9.28
22/05/2020,0,0,31.9(0.00 %),0,0,0,0,6006516,9.27
25/05/2020,0,0,31.75(-0.47 %),0,0,0,0,6006176,9.28
26/05/2020,810,25442500,31.75(0.00 %),810,25442500,0,0,6005366,9.28
27/05/2020,0,0,32(0.79 %),0,0,0,0,6005706,9.28
28/05/2020,0,0,31.85(-0.47 %),0,0,0,0,6005706,9.28
29/05/2020,0,0,31.65(-0.63 %),0,0,0,0,6005706,9.28
01/06/2020,0,0,31.7(0.16 %),0,0,0,0,6005706,9.28
02/06/2020,0,0,31.5(-0.63 %),0,0,0,0,6005706,9.28
03/06/2020,0,0,31.4(-0.32 %),0,0,0,0,6005706,9.28
04/06/2020,-3000,-94200000,31.4(0.00 %),0,0,3000,94200000,6008706,9.26
05/06/2020,370,11470000,31.4(0.00 %),370,11470000,0,0,6005336,9.28
08/06/2020,0,0,32(1.91 %),0,0,0,0,6005336,9.28
09/06/2020,0,0,31.5(-1.56 %),0,0,0,0,6008336,9.26
10/06/2020,0,0,31.5(0.00 %),0,0,0,0,6008706,9.26
11/06/2020,-100,-3100000,30.5(-3.17 %),0,0,100,3100000,6008806,9.26
12/06/2020,-150,-4455000,29.7(-2.62 %),0,0,150,4455000,6008956,9.26
15/06/2020,2750,81130000,28.6(-3.70 %),2750,81130000,0,0,6005586,9.28
16/06/2020,2880,82510000,28.7(0.35 %),2880,82510000,0,0,6002806,9.3
17/06/2020,6320,181380000,28.7(0.00 %),6320,181380000,0,0,5996636,9.34
18/06/2020,9400,269945000,29(1.05 %),9400,269945000,0,0,5987606,9.4
19/06/2020,990,28710000,29.95(3.28 %),990,28710000,0,0,5986246,9.41
22/06/2020,0,0,29.8(-0.50 %),0,0,0,0,5986616,9.41
23/06/2020,910,27163500,30.3(1.68 %),910,27163500,0,0,5985706,9.41
24/06/2020,6330,189218000,30.5(0.66 %),6330,189218000,0,0,5979376,9.45
25/06/2020,6000,179083500,30.5(0.00 %),6020,179672000,20,588500,5973376,9.49
26/06/2020,1150,34270000,29.8(-2.30 %),1150,34270000,0,0,5972226,9.5
29/06/2020,1150,34270000,29.2(-2.01 %),1150,34270000,0,0,5971076,9.51
30/06/2020,1150,34270000,29(-0.68 %),1150,34270000,0,0,5969926,9.52
01/07/2020,10,290000,30.4(4.83 %),10,290000,0,0,5966086,9.54
02/07/2020,0,0,30.7(0.99 %),0,0,0,0,5966086,9.54
03/07/2020,2200,67340000,30.4(-0.98 %),2200,67340000,0,0,5963886,9.56
06/07/2020,9020,273839000,29.8(-1.97 %),9020,273839000,0,0,5954876,9.62
07/07/2020,11610,346100000,30.1(1.01 %),11610,346100000,0,0,5943256,9.69
08/07/2020,19530,582490000,29.6(-1.66 %),19530,582490000,0,0,5923726,9.82
09/07/2020,0,0,29.55(-0.17 %),0,0,0,0,5923726,9.82
10/07/2020,10600,322060000,30.7(3.89 %),10600,322060000,0,0,5913126,9.89
13/07/2020,13990,425080000,30.35(-1.14 %),13990,425080000,0,0,5899136,9.98
14/07/2020,12140,367181000,30.15(-0.66 %),12140,367181000,0,0,5887006,10.06
15/07/2020,2100,63320000,30.85(2.32 %),2100,63320000,0,0,5884896,10.08
16/07/2020,7600,232480000,30.5(-1.13 %),7600,232480000,0,0,5877306,10.13
17/07/2020,-110,-3590000,32.6(6.89 %),0,0,110,3590000,5877296,10.13
20/07/2020,22600,736760000,32.5(-0.31 %),22600,736760000,0,0,5854696,10.28
21/07/2020,29610,965290000,32.7(0.62 %),29610,965290000,0,0,5825086,10.47
22/07/2020,6630,216140000,32.6(-0.31 %),6630,216140000,0,0,5818566,10.52
23/07/2020,32220,1051000000,33.5(2.76 %),32320,1054290000,100,3290000,5786356,10.73
24/07/2020,82310,2692520000,32.8(-2.09 %),82310,2692520000,0,0,5703936,11.28
27/07/2020,66650,2123370000,31.5(-3.96 %),66650,2123370000,0,0,5637286,11.72
28/07/2020,0,0,32(1.59 %),0,0,0,0,5637386,11.72
29/07/2020,1000,30800000,31(-3.12 %),1000,30800000,0,0,5636386,11.72
30/07/2020,1000,30800000,31.2(0.65 %),1000,30800000,0,0,5635396,11.73
31/07/2020,0,0,30.5(-2.24 %),0,0,0,0,5635396,11.73
03/08/2020,0,0,31.35(2.79 %),0,0,0,0,5636386,11.72
04/08/2020,0,0,31.9(1.75 %),0,0,0,0,5636386,11.72
05/08/2020,8860,283520000,32.7(2.51 %),8860,283520000,0,0,5627526,11.78
06/08/2020,-100,-3370000,34.1(4.28 %),0,0,100,3370000,5627626,11.78
07/08/2020,-100,-3500000,34.9(2.35 %),0,0,100,3500000,5627726,11.78
10/08/2020,5810,203350000,35.25(1.00 %),5810,203350000,0,0,5621916,11.82
11/08/2020,0,0,34.95(-0.85 %),0,0,0,0,5621816,11.82
12/08/2020,-330,-11550000,34.9(-0.14 %),0,0,330,11550000,5622246,11.82
13/08/2020,0,0,35(0.29 %),0,0,0,0,5622246,11.82
14/08/2020,-300,-10730000,36.3(3.71 %),0,0,300,10730000,5621916,11.82
17/08/2020,-100,-3750000,37.8(4.13 %),0,0,100,3750000,5622646,11.81
18/08/2020,-100,-3780000,37.5(-0.79 %),0,0,100,3780000,5622746,11.81
19/08/2020,0,0,37.2(-0.80 %),0,0,0,0,5622746,11.81
20/08/2020,32290,1185190000,36.85(-0.94 %),32290,1185190000,0,0,5590356,12.03
21/08/2020,5340,199180000,37.5(1.76 %),5340,199180000,0,0,5585116,12.06
24/08/2020,21770,821660000,38(1.33 %),21870,825460000,100,3800000,5563246,12.21
25/08/2020,16870,641123500,38(0.00 %),16870,641123500,0,0,5546476,12.32
26/08/2020,30000,1134000000,37.65(-0.92 %),30000,1134000000,0,0,5516476,12.52
27/08/2020,2320,89060000,38.7(2.79 %),2420,92910000,100,3850000,5514056,12.53
28/08/2020,2780,106850000,38.5(-0.52 %),2780,106850000,0,0,5511276,12.55
31/08/2020,10000,376000000,37.6(-2.34 %),10000,376000000,0,0,5501276,12.62
01/09/2020,0,0,37.8(0.53 %),0,0,0,0,5501376,12.62
03/09/2020,16960,643010000,38(0.53 %),16960,643010000,0,0,5484416,12.73
04/09/2020,0,0,37.8(-0.53 %),0,0,0,0,5484416,12.73
07/09/2020,0,0,37.7(-0.26 %),0,0,0,0,5484416,12.73
08/09/2020,0,0,37.8(0.27 %),0,0,0,0,5484416,12.73
09/09/2020,0,0,39(3.17 %),0,0,0,0,5484416,12.73
10/09/2020,300,11700000,38.9(-0.26 %),300,11700000,0,0,5484116,12.73
11/09/2020,-2070,-79900000,38.5(-1.03 %),0,0,2070,79900000,5484116,12.73
14/09/2020,-6880,-264222500,38.5(0.00 %),0,0,6880,264222500,5493066,12.67
15/09/2020,25040,966544000,38.6(0.26 %),25040,966544000,0,0,5468026,12.84
16/09/2020,0,0,38.5(-0.26 %),0,0,0,0,5468026,12.84
17/09/2020,4450,169990000,38.55(0.13 %),4450,169990000,0,0,5463576,12.87
18/09/2020,200,8090000,39.9(3.50 %),300,11990000,100,3900000,5463276,12.87
21/09/2020,0,0,39.9(0.00 %),0,0,0,0,5463376,12.87
22/09/2020,0,0,39.5(-1.00 %),0,0,0,0,5463376,12.87
23/09/2020,0,0,39.2(-0.76 %),0,0,0,0,5463376,12.87
24/09/2020,0,0,39.1(-0.26 %),0,0,0,0,5463376,12.87
25/09/2020,19450,752720000,39(-0.26 %),19450,752720000,0,0,5443926,13.0
28/09/2020,0,0,39(0.00 %),0,0,0,0,5443926,13.0
29/09/2020,0,0,38.8(-0.51 %),0,0,0,0,5443926,13.0
30/09/2020,0,0,39(0.52 %),0,0,0,0,5443926,13.0
01/10/2020,-100,-3990000,39.9(2.31 %),0,0,100,3990000,5443926,13.0
02/10/2020,-220,-8690000,39.5(-1.00 %),0,0,220,8690000,5443926,13.0
05/10/2020,-120,-4840000,40.1(1.52 %),0,0,120,4840000,5443926,13.0
06/10/2020,0,0,40.1(0.00 %),0,0,0,0,5444266,12.99
07/10/2020,-100,-4010000,40.3(0.50 %),0,0,100,4010000,5444246,12.99
08/10/2020,-5410,-217493000,40.2(-0.25 %),0,0,5410,217493000,5449776,12.96
09/10/2020,0,0,40.75(1.37 %),0,0,0,0,5449776,12.96
12/10/2020,0,0,40.25(-1.23 %),0,0,0,0,5444466,12.99
13/10/2020,20,800000,40.4(0.37 %),20,800000,0,0,5449856,12.96
14/10/2020,-100,-4100000,40.95(1.36 %),0,0,100,4100000,5449856,12.96
15/10/2020,500,20575000,40.95(0.00 %),500,20575000,0,0,5449356,12.96
16/10/2020,-61060,-2456486000,40(-2.32 %),0,0,61060,2456486000,5510416,12.56
19/10/2020,-22680,-906834000,41.3(3.25 %),0,0,22680,906834000,5533096,12.41
20/10/2020,320,13216000,41.4(0.24 %),320,13216000,0,0,5532776,12.41
21/10/2020,1610,64210000,39.1(-5.56 %),2210,88190000,600,23980000,5507986,12.57
22/10/2020,10,390000,39.1(0.00 %),10,390000,0,0,5530656,12.42
23/10/2020,3380,131820000,39.5(1.02 %),3380,131820000,0,0,5527276,12.44
26/10/2020,-320,-12470000,39(-1.27 %),10,400000,330,12870000,5527866,12.44
27/10/2020,1010,39390000,38.8(-0.51 %),1010,39390000,0,0,5526856,12.45
28/10/2020,20,768500,37.5(-3.35 %),20,768500,0,0,5527066,12.45
29/10/2020,-1190,-44034000,37.5(0.00 %),10,366000,1200,44400000,5528256,12.44
30/10/2020,10,390000,37.9(1.07 %),10,390000,0,0,5527161,12.44
02/11/2020,10,389000,38.1(0.53 %),10,389000,0,0,5527161,12.44
03/11/2020,0,0,38.1(0.00 %),0,0,0,0,5527161,12.44
04/11/2020,0,0,38.5(1.05 %),0,0,0,0,5528351,12.44
05/11/2020,0,0,38.25(-0.65 %),0,0,0,0,5528351,12.44
06/11/2020,0,0,38.25(0.00 %),0,0,0,0,5527161,12.44
09/11/2020,410,15721000,38(-0.65 %),410,15721000,0,0,5526751,12.45
10/11/2020,40,1520000,37.9(-0.26 %),40,1520000,0,0,5527901,12.44
11/11/2020,40,1540000,38.1(0.53 %),40,1540000,0,0,5526671,12.45
12/11/2020,60,2300000,38(-0.26 %),60,2300000,0,0,5527801,12.44
13/11/2020,40,1520000,38.7(1.84 %),40,1520000,0,0,5526571,12.45
16/11/2020,-60,-2400000,41.4(6.98 %),40,1550000,100,3950000,5527721,12.44
17/11/2020,120,4930000,42(1.45 %),240,9980000,120,5050000,5527481,12.44
18/11/2020,1940,80890000,43.5(3.57 %),2240,93530000,300,12640000,5525241,12.46
19/11/2020,4940,212400000,43.2(-0.69 %),4940,212400000,0,0,5519631,12.49
20/11/2020,6380,271970000,43.1(-0.23 %),6380,271970000,0,0,5514146,12.53
23/11/2020,2050,87920000,44(2.09 %),2240,96190000,190,8270000,5512206,12.54
24/11/2020,500,21500000,43.3(-1.59 %),600,25900000,100,4400000,5511606,12.55
25/11/2020,13000,560310000,43.35(0.12 %),13000,560310000,0,0,5498606,12.63
26/11/2020,14320,617140000,43.45(0.23 %),14420,621520000,100,4380000,5484376,12.73
27/11/2020,80,3480000,43.6(0.35 %),80,3480000,0,0,5484396,12.73
30/11/2020,-210,-9325000,45.1(3.44 %),0,0,210,9325000,5484606,12.73
01/12/2020,-1120,-50360000,44.9(-0.44 %),200,8990000,1320,59350000,5484296,12.73
02/12/2020,0,0,45(0.22 %),0,0,0,0,5484496,12.73
03/12/2020,-69,-31050000,45(0.00 %),0,0,69,31050000,5484506,12.73
04/12/2020,900,40500000,44.5(-1.11 %),1000,45000000,100,4500000,5484826,12.72
07/12/2020,-3500,-157500000,45.2(1.57 %),0,0,3500,157500000,5487786,12.7
08/12/2020,-20,-910000,45(-0.44 %),0,0,20,910000,5487806,12.7
09/12/2020,0,0,44.7(-0.67 %),0,0,0,0,5487806,12.7
10/12/2020,4,1770000,44(-1.57 %),5,2220000,1,450000,5489066,12.7
11/12/2020,1000,44100000,44(0.00 %),1000,44100000,0,0,5486766,12.71
14/12/2020,0,0,44.4(0.91 %),0,0,0,0,5486766,12.71
15/12/2020,-80,-3610000,43.7(-1.58 %),140,6160000,220,9770000,5487956,12.7
16/12/2020,-370,-16132000,43.6(-0.23 %),0,0,370,16132000,5487216,12.71
17/12/2020,100,4330000,42.7(-2.06 %),100,4330000,0,0,5487856,12.7
18/12/2020,-670,-28389000,42.9(0.47 %),0,0,670,28389000,5487786,12.7
21/12/2020,1430,61314000,42.8(-0.23 %),1430,61314000,0,0,5486356,12.71
22/12/2020,-240,-7348080,44(2.80 %),0,0,240,7348080,5486596,12.71
23/12/2020,0,0,43.7(-0.68 %),0,0,0,0,5486596,12.71
24/12/2020,-389,-163490000,42.9(-1.83 %),11,4750000,400,168240000,5487576,12.71
25/12/2020,0,0,43.5(1.40 %),0,0,0,0,5487816,12.7
28/12/2020,380,16320000,43(-1.15 %),500,21580000,120,5260000,5487316,12.71
29/12/2020,-100,-4320000,43.8(1.86 %),0,0,100,4320000,5491316,12.68
30/12/2020,-100,-4470000,44.3(1.14 %),100,4380000,200,8850000,5491216,12.68
31/12/2020,-350,-16192500,47.4(7.00 %),50,2367500,400,18560000,5491566,12.68
04/01/2021,-20,-10080000,49.8(5.06 %),0,0,20,10080000,5491386,12.68
05/01/2021,10,5040000,49.7(-0.20 %),20,9940000,10,4900000,5491386,12.68
06/01/2021,-100,-4980000,48.4(-2.62 %),0,0,100,4980000,5491386,12.68
07/01/2021,-35700,-1681875000,47.9(-1.03 %),28500,1352220000,64200,3034095000,5527086,12.45
08/01/2021,0,0,47.5(-0.84 %),0,0,0,0,5463586,12.87
11/01/2021,-2500,-119500000,47.8(0.63 %),0,0,2500,119500000,5529586,12.43
12/01/2021,-20,-9600000,49(2.51 %),0,0,20,9600000,5527886,12.44
13/01/2021,-1020,-503770000,49(0.00 %),10,4930000,1030,508700000,5527786,12.44
14/01/2021,200,9760000,49(0.00 %),200,9760000,0,0,5539786,12.36
15/01/2021,100,4900000,48.5(-1.02 %),100,4900000,0,0,5539686,12.36
18/01/2021,130,58960000,47.5(-2.06 %),440,209000000,310,150040000,5536086,12.39
19/01/2021,4290,2026470000,46.6(-1.89 %),4290,2026470000,0,0,5493186,12.67
20/01/2021,0,0,48.3(3.65 %),0,0,0,0,5493186,12.67
21/01/2021,-1800,-88120000,50.5(4.55 %),0,0,1800,88120000,5497286,12.64
22/01/2021,1500,74700000,50(-0.99 %),1500,74700000,0,0,5495786,12.65
25/01/2021,0,0,49(-2.00 %),0,0,0,0,5495786,12.65
26/01/2021,550,261050000,48.5(-1.02 %),550,261050000,0,0,5491086,12.68
27/01/2021,-160,-74730000,46.7(-3.71 %),10,4730000,170,79460000,5491026,12.68
28/01/2021,4800,207350000,43.9(-6.00 %),8000,348150000,3200,140800000,5487086,12.71
29/01/2021,-400,-18270000,46.3(5.47 %),0,0,400,18270000,5487486,12.71
01/02/2021,0,0,45(-2.81 %),0,0,0,0,5484726,12.73
02/02/2021,0,0,46(2.22 %),0,0,0,0,5487926,12.7
03/02/2021,0,0,47.8(3.91 %),0,0,0,0,5488326,12.7
04/02/2021,-170,-81600000,47.6(-0.42 %),0,0,170,81600000,5488326,12.7
05/02/2021,-30,-14400000,48(0.84 %),0,0,30,14400000,5488326,12.7
08/02/2021,0,0,47.5(-1.04 %),0,0,0,0,5486726,12.71
09/02/2021,200,93000000,48(1.05 %),200,93000000,0,0,5488026,12.7
17/02/2021,-370,-179010000,48.9(1.88 %),0,0,370,179010000,5488326,12.7
18/02/2021,0,0,50(2.25 %),0,0,0,0,5488326,12.7
19/02/2021,140,68600000,49.2(-1.60 %),140,68600000,0,0,5486926,12.71
22/02/2021,0,0,49.9(1.42 %),0,0,0,0,5490626,12.69
23/02/2021,30,14970000,50.2(0.60 %),30,14970000,0,0,5490326,12.69
24/02/2021,-4000,-201600000,50.2(0.00 %),0,0,4000,201600000,5490726,12.69
25/02/2021,1000,50200000,50.2(0.00 %),1000,50200000,0,0,5489726,12.69
26/02/2021,0,0,50.1(-0.20 %),0,0,0,0,5489726,12.69
01/03/2021,0,0,51.7(3.19 %),0,0,0,0,5493326,12.67
02/03/2021,180,93160000,51.6(-0.19 %),200,103560000,20,10400000,5491326,12.68
03/03/2021,-240,-123700000,51.5(-0.19 %),10,5150000,250,128850000,5491226,12.68
04/03/2021,-1700,-88060000,51.5(0.00 %),0,0,1700,88060000,5495626,12.65
05/03/2021,7900,408630000,51.9(0.78 %),7900,408630000,0,0,5487726,12.71
08/03/2021,-900,-48390000,52.5(1.16 %),7100,373010000,8000,421400000,5488626,12.7
09/03/2021,140,73060000,52.4(-0.19 %),340,178060000,200,105000000,5477226,12.77
10/03/2021,980,515370000,52.9(0.95 %),1320,693990000,340,178620000,5464026,12.86
11/03/2021,54100,2905490000,52.8(-0.19 %),54100,2905490000,0,0,5423326,13.13
12/03/2021,340,180330000,52.1(-1.33 %),620,331110000,280,150780000,5413816,13.19
15/03/2021,-6100,-313510000,50.7(-2.69 %),0,0,6100,313510000,5426026,13.11
16/03/2021,0,0,50.7(0.00 %),0,0,0,0,5426026,13.11
17/03/2021,2000,104000000,51(0.00 %),2000,104000000,0,0,5424026,13.13
18/03/2021,0,0,51(0.00 %),0,0,0,0,5424116,13.13
19/03/2021,0,0,51.6(1.18 %),0,0,0,0,5424116,13.13
22/03/2021,0,0,51.4(-0.39 %),0,0,0,0,5424206,13.13
23/03/2021,0,0,51(-0.78 %),0,0,0,0,5424206,13.13
24/03/2021,10,5050000,50.1(-1.76 %),10,5050000,0,0,5424111,13.13
25/03/2021,0,0,51.4(2.59 %),0,0,0,0,5424111,13.13
26/03/2021,0,0,50.9(-0.97 %),0,0,0,0,5424111,13.13
29/03/2021,0,0,51.4(0.98 %),0,0,0,0,5424111,13.13
30/03/2021,0,0,51(-0.78 %),0,0,0,0,5424111,13.13
31/03/2021,0,0,51(0.00 %),0,0,0,0,5423926,13.13
01/04/2021,-12600,-637910000,50.5(-0.98 %),0,0,12600,637910000,5424121,13.13
02/04/2021,-300,-151740000,51(0.99 %),70,35430000,370,187170000,5423421,13.13
05/04/2021,-7300,-370460000,50.7(-0.59 %),0,0,7300,370460000,5434421,13.06
06/04/2021,-3800,-192380000,50.7(0.00 %),1000,50600000,4800,242980000,5438221,13.03
07/04/2021,-590,-296660000,50.3(-0.79 %),0,0,590,296660000,5438721,13.03
08/04/2021,-38700,-1935680000,49.8(-0.99 %),600,30020000,39300,1965700000,5482821,12.74
09/04/2021,0,0,49.7(-0.20 %),0,0,0,0,5482821,12.74
12/04/2021,-1150,-573350000,50.8(2.21 %),40,20320000,1190,593670000,5455721,12.92
13/04/2021,4400,223710000,50.5(-0.59 %),4400,223710000,0,0,5489921,12.69
14/04/2021,1200,60530000,50.2(-0.59 %),1200,60530000,0,0,5488721,12.7
15/04/2021,2600,130470000,50.1(-0.20 %),2600,130470000,0,0,5486121,0.0
16/04/2021,0,0,49.1(-2.00 %),0,0,0,0,5486121,12.72
19/04/2021,-2400,-115730000,49.5(0.81 %),0,0,2400,115730000,5488521,12.7
20/04/2021,0,0,49(-1.01 %),0,0,0,0,5498721,12.63
22/04/2021,160,77600000,48(-2.04 %),160,77600000,0,0,5497121,12.64
23/04/2021,0,0,48.5(1.04 %),0,0,0,0,5486921,12.71
26/04/2021,0,0,47.2(-2.68 %),0,0,0,0,5499521,12.63
27/04/2021,0,0,48.5(2.75 %),0,0,0,0,5499521,12.63
28/04/2021,1000,48500000,48.7(0.41 %),1000,48500000,0,0,5485921,12.72
29/04/2021,-100,-49100000,49(0.62 %),0,0,100,49100000,5498521,12.63
04/05/2021,0,0,47.6(-2.86 %),0,0,0,0,5498521,12.63
05/05/2021,7100,344430000,48.8(2.52 %),7100,344430000,0,0,5491421,12.68
06/05/2021,500,24650000,49.3(1.02 %),500,24650000,0,0,5490921,12.68
07/05/2021,2500,122000000,49.7(0.81 %),2500,122000000,0,0,5488421,12.7
10/05/2021,0,0,49.6(-0.20 %),0,0,0,0,5489421,12.69
11/05/2021,-1940,-967290000,50(0.81 %),10,4960000,1950,972250000,5489321,12.69
12/05/2021,-7700,-384310000,50.3(0.60 %),0,0,7700,384310000,5515521,12.52
13/05/2021,780,373730000,47.8(-4.97 %),780,373730000,0,0,5481521,12.75
14/05/2021,50,23100000,46.2(-3.35 %),50,23100000,0,0,5500521,12.62
17/05/2021,0,0,45.3(-1.95 %),0,0,0,0,5508221,12.57
18/05/2021,0,0,45.3(0.00 %),0,0,0,0,5508221,12.57
19/05/2021,0,0,45(-0.66 %),0,0,0,0,5508221,12.57
20/05/2021,0,0,44.5(-1.11 %),0,0,0,0,5508221,12.57
21/05/2021,0,0,44.4(-0.22 %),0,0,0,0,5507221,12.58
24/05/2021,-2800,-124615000,44.5(0.23 %),0,0,2800,124615000,5510021,12.56
25/05/2021,-720,-321110000,44.55(0.11 %),0,0,720,321110000,5508221,12.57
26/05/2021,0,-20000,44.6(0.11 %),2200,98240000,2200,98260000,5517221,12.51
27/05/2021,0,0,44(-1.35 %),0,0,0,0,5508821,12.57
28/05/2021,-890,-392190000,44.15(0.34 %),0,0,890,392190000,5516021,12.52
31/05/2021,-100,-43780000,43.7(-1.02 %),0,0,100,43780000,5518221,12.5
01/06/2021,-700,-30800000,43.6(-0.23 %),0,0,700,30800000,5518221,12.5
02/06/2021,-2400,-105540000,43.9(0.69 %),100,4360000,2500,109900000,5520621,12.49
03/06/2021,-450,-198380000,44.05(0.34 %),550,241500000,1000,439880000,5522521,12.48
04/06/2021,-320,-140980000,44.05(0.00 %),330,145220000,650,286200000,5519921,12.49
07/06/2021,-100,-4405000,43.7(-0.79 %),0,0,100,4405000,5528421,12.44
08/06/2021,-250,-109500000,43.3(-0.92 %),0,0,250,109500000,5532421,12.41
09/06/2021,-3100,-134125000,43.3(0.00 %),0,0,3100,134125000,5534021,12.4
10/06/2021,40,17200000,43(-0.69 %),40,17200000,0,0,5538621,12.37
11/06/2021,-6500,-280600000,43.45(1.05 %),0,0,6500,280600000,5540121,12.36
14/06/2021,-5400,-234850000,43.5(0.12 %),2200,95680000,7600,330530000,5545521,12.32
15/06/2021,-700,-305100000,43.65(0.34 %),0,0,700,305100000,5542021,12.35
16/06/2021,100,3545000,43.9(0.57 %),1200,52380000,1100,48835000,5552421,12.28
17/06/2021,-3760,-1689280000,45.3(3.19 %),0,0,3760,1689280000,5554921,12.26
18/06/2021,-19500,-883900000,45.2(-0.22 %),0,0,19500,883900000,5609521,11.9
21/06/2021,-200,-9020000,45.1(-0.22 %),0,0,200,9020000,5609721,11.9
22/06/2021,-250,-112750000,44.8(-0.67 %),0,0,250,112750000,5600621,11.96
23/06/2021,1000,44500000,44.35(-1.00 %),1000,44500000,0,0,5611221,11.89
24/06/2021,-240,-106480000,43.8(-1.24 %),40,17740000,280,124220000,5618921,11.84
25/06/2021,-10,-4400000,43.6(-0.46 %),0,0,10,4400000,5621451,11.82
28/06/2021,-620,-271830000,43.9(0.69 %),0,0,620,271830000,5621451,11.82
29/06/2021,-500,-21950000,43.4(-1.14 %),0,0,500,21950000,5620421,11.83
30/06/2021,-1000,-43700000,43.45(0.12 %),0,0,1000,43700000,5621421,11.82
01/07/2021,0,0,43.6(0.35 %),0,0,0,0,5630591,11.76
02/07/2021,-110,-47960000,43.3(-0.69 %),0,0,110,47960000,5631091,11.76
05/07/2021,50,21250000,43.1(-0.46 %),200,86200000,150,64950000,5630091,11.76
06/07/2021,980,422830000,43.15(0.12 %),980,422830000,0,0,5620291,11.83
07/07/2021,830,357010000,42.95(-0.46 %),1130,486460000,300,129450000,5610090,11.9
08/07/2021,100,0,43(0.12 %),1000,0,900,0,5612991,11.88
09/07/2021,-100,-5990000,43.15(0.35 %),12000,517175000,12100,523165000,5613091,11.88
12/07/2021,-540,-230070000,42.3(-1.97 %),450,189300000,990,419370000,5597090,11.98
13/07/2021,-200,-84600000,42.1(-0.47 %),0,0,200,84600000,5597990,11.98
14/07/2021,-10100,-415275000,40.8(-3.09 %),0,0,10100,415275000,5630591,11.76
15/07/2021,0,0,42(2.94 %),0,0,0,0,5619990,11.83
16/07/2021,-600,-252000000,42(0.00 %),0,0,600,252000000,5621990,11.82
19/07/2021,0,0,41(-2.38 %),0,0,0,0,5636591,11.72
20/07/2021,-6800,-279070000,41(0.00 %),5000,205000000,11800,484070000,5643391,11.68
21/07/2021,-10700,-438700000,41(0.00 %),4000,164000000,14700,602700000,5654091,11.61
22/07/2021,0,0,41.4(0.98 %),0,0,0,0,5629090,11.77
23/07/2021,300,126000000,41.4(0.00 %),300,126000000,0,0,5637890,11.71
26/07/2021,-1050,-430500000,41(-0.97 %),0,0,1050,430500000,5652590,11.62
27/07/2021,-1110,-455100000,41(0.00 %),0,0,1110,455100000,5652590,11.62
28/07/2021,0,0,40.9(-0.24 %),0,0,0,0,5672691,11.48
29/07/2021,-1070,-438700000,41(0.24 %),0,0,1070,438700000,5663090,11.55
30/07/2021,-3000,-1237280000,41.2(0.49 %),0,0,3000,1237280000,5674190,11.47
02/08/2021,-3900,-165750000,42.4(2.91 %),0,0,3900,165750000,5674190,11.47
03/08/2021,0,0,42.3(-0.24 %),0,0,0,0,5674190,11.47
04/08/2021,3300,138600000,42.3(0.00 %),3300,138600000,0,0,5670890,11.49
05/08/2021,0,0,42.4(0.24 %),0,0,0,0,5670890,11.49
06/08/2021,-23600,-1025085000,44.5(4.95 %),6400,274650000,30000,1299735000,5694490,11.34
09/08/2021,1500,66620000,44.75(0.56 %),1500,66620000,0,0,5692990,11.35
10/08/2021,-2300,-101970000,45.5(1.68 %),1500,69730000,3800,171700000,5695290,11.33
11/08/2021,2300,103500000,45.4(-0.22 %),2300,103500000,0,0,5692990,11.35
12/08/2021,0,0,47.5(4.63 %),0,0,0,0,5692990,11.35
13/08/2021,-8600,-389726400,45.95(-3.26 %),0,0,8600,389726400,5701590,11.29
16/08/2021,-100,-4700000,46.5(1.20 %),0,0,100,4700000,5701690,11.29
17/08/2021,0,0,44.1(-5.16 %),0,0,0,0,5701690,11.29
18/08/2021,-32100,-1420890000,45.4(2.95 %),43400,1967135000,75500,3388025000,5733790,11.08
19/08/2021,-74800,-3423570000,45.55(0.33 %),0,0,74800,3423570000,5808590,10.58
20/08/2021,-19100,-877710000,45.5(-0.11 %),0,0,19100,877710000,5827690,10.46
23/08/2021,0,0,44.55(-2.09 %),0,0,0,0,5827690,10.46
24/08/2021,0,0,44.5(-0.11 %),0,0,0,0,5827690,10.46
25/08/2021,30700,1351140000,44.55(0.11 %),30700,1351140000,0,0,5796990,10.66
26/08/2021,62400,2829645000,44.8(0.56 %),62400,2829645000,0,0,5734590,11.07
27/08/2021,0,0,45.6(1.79 %),0,0,0,0,5734590,11.07
30/08/2021,-600,-27095000,46.1(1.10 %),10000,471900000,10600,498995000,5735190,11.07
31/08/2021,0,0,45.8(-0.65 %),0,0,0,0,5735190,11.07
01/09/2021,139200,6532380000,49(6.99 %),140000,6569880000,800,37500000,5629190,11.77
06/09/2021,-3200,-161840000,50.1(2.24 %),9200,463580000,12400,625420000,5632390,11.75
07/09/2021,-6900,-344755000,48.3(-3.59 %),3800,187440000,10700,532195000,5639290,11.7
08/09/2021,1000,48250000,47.9(-0.83 %),1000,48250000,0,0,5638290,11.71
09/09/2021,0,0,48.85(1.98 %),0,0,0,0,5638290,11.71
10/09/2021,600,29300000,48.45(-0.82 %),600,29300000,0,0,5637690,11.71
13/09/2021,5100,249970000,48.6(0.31 %),5400,264550000,300,14580000,5632590,11.75
14/09/2021,400,19240000,47.95(-1.34 %),400,19240000,0,0,5632190,11.75
15/09/2021,3600,174145000,48.6(1.36 %),5600,272045000,2000,97900000,5628590,11.77
16/09/2021,-18100,-870725000,48.9(0.62 %),6800,332280000,24900,1203005000,5646690,11.65
17/09/2021,600,29880000,49.7(1.64 %),600,29880000,0,0,5646090,11.66
20/09/2021,20000,1005000000,48.7(-2.01 %),20000,1005000000,0,0,5626090,11.79
21/09/2021,4400,213620000,49(0.62 %),4400,213620000,0,0,5621690,11.82
22/09/2021,13800,679905000,49.6(1.22 %),14000,689735000,200,9830000,5607890,11.91
23/09/2021,3300,164445000,48.8(-1.61 %),6200,308780000,2900,144335000,5604590,11.93
24/09/2021,-1900,-92685000,48.1(-1.43 %),200,9780000,2100,102465000,5606490,11.92
27/09/2021,-900,-42630000,47.1(-2.08 %),3100,147850000,4000,190480000,5607390,11.91
28/09/2021,14500,683680000,47.2(0.21 %),14700,693030000,200,9350000,5592890,12.01
29/09/2021,1500,72380000,48.65(3.07 %),2500,120030000,1000,47650000,5591390,12.02
30/09/2021,4500,218615000,48.5(-0.31 %),4500,218615000,0,0,5586890,12.05
01/10/2021,-7200,-333855000,48.3(-0.41 %),16400,815375000,23600,1149230000,5597290,11.98
04/10/2021,-6600,-318660000,48.3(0.00 %),0,0,6600,318660000,5603890,11.94
05/10/2021,-13400,-644745000,48.3(0.00 %),0,0,13400,644745000,5617290,11.85
06/10/2021,-2400,-115785000,49.2(1.86 %),500,24050000,2900,139835000,5619690,0.0
07/10/2021,2300,113230000,48.5(-1.42 %),2300,113230000,0,0,5617390,0.0
08/10/2021,1000,48650000,48.6(0.21 %),1000,48650000,0,0,5616390,0.0
11/10/2021,-300,0,48.55(-0.10 %),200,0,500,0,5616690,0.0
12/10/2021,3600,174830000,48.6(0.10 %),3600,174830000,0,0,5613090,0.0
13/10/2021,4800,233505000,48.5(-0.21 %),4800,233505000,0,0,5608290,0.0
14/10/2021,9200,448500000,48.55(0.10 %),9200,448500000,0,0,5599090,0.0
15/10/2021,-3900,-191940000,51.9(6.90 %),11500,582310000,15400,774250000,5602990,0.0
18/10/2021,2900,154010000,52.5(1.16 %),2900,154010000,0,0,5600090,0.0
19/10/2021,3100,159920000,51.8(-1.33 %),6800,352100000,3700,192180000,5596990,0.0
20/10/2021,13400,689830000,51.4(-0.77 %),13500,694980000,100,5150000,5583590,0.0
21/10/2021,7600,399270000,52.7(2.53 %),7700,404540000,100,5270000,5589390,0.0
22/10/2021,14500,772450000,53.1(0.76 %),14900,793850000,400,21400000,5574890,0.0
25/10/2021,14900,808820000,54.4(2.45 %),14900,808820000,0,0,5559990,0.0
26/10/2021,9900,529560000,54.5(0.18 %),10000,534930000,100,5370000,5550090,0.0
27/10/2021,200,10940000,54.4(-0.18 %),600,32620000,400,21680000,5549890,0.0
28/10/2021,-3000,-162750000,55.4(1.84 %),2100,116030000,5100,278780000,5552890,12.27
29/10/2021,900,50450000,55.9(0.90 %),1400,78150000,500,27700000,5551990,12.28
01/11/2021,-2900,-162310000,56.5(1.07 %),900,50340000,3800,212650000,5541190,12.35
02/11/2021,3200,181280000,56.9(0.71 %),3200,181280000,0,0,5537990,12.37
03/11/2021,-2200,-125310000,54.5(-4.22 %),100,5700000,2300,131010000,5540190,0.0
04/11/2021,0,0,55(0.92 %),0,0,0,0,5537990,12.37
05/11/2021,0,0,55.3(0.55 %),0,0,0,0,5537990,12.37
08/11/2021,4200,231400000,54.9(-0.72 %),4200,231400000,0,0,5533790,12.4
09/11/2021,3900,213790000,55(0.18 %),3900,213790000,0,0,5529890,12.43
10/11/2021,0,0,55.7(1.27 %),0,0,0,0,5529890,12.43
11/11/2021,-7500,-421500000,56.1(0.72 %),100,5750000,7600,427250000,5537390,12.38
12/11/2021,-1500,-83760000,56(-0.18 %),1100,60630000,2600,144390000,5538890,12.37
15/11/2021,400,21970000,54.8(-2.14 %),400,21970000,0,0,5538490,12.37
16/11/2021,2100,114420000,55(0.36 %),3200,174150000,1100,59730000,5536390,12.38
17/11/2021,1700,93120000,55.3(0.55 %),2700,148220000,1000,55100000,5534690,12.39
18/11/2021,1700,94160000,54.2(-1.99 %),1900,105040000,200,10880000,5532990,12.41
19/11/2021,500,17760000,51.8(-4.43 %),6200,320220000,5700,302460000,5532490,12.41
22/11/2021,52200,2732380000,52(0.39 %),52200,2732380000,0,0,5480290,12.75
23/11/2021,2900,151130000,52.3(0.58 %),2900,151130000,0,0,5477390,12.77
24/11/2021,44600,2384000000,53.8(2.87 %),48500,2592160000,3900,208160000,5432790,13.07
25/11/2021,8900,478960000,53.9(0.19 %),12900,692820000,4000,213860000,5423890,13.13
26/11/2021,42600,2308630000,54.3(0.74 %),47000,2546540000,4400,237910000,5381290,0.0
29/11/2021,-900,0,53.8(-0.92 %),0,0,900,0,5382190,0.0
30/11/2021,-1400,-76300000,53.8(0.00 %),1600,86880000,3000,163180000,5382690,13.4
01/12/2021,-2900,-155470000,53.7(-0.19 %),0,0,2900,155470000,5386660,13.37
02/12/2021,-100,-5380000,53.2(-0.93 %),0,0,100,5380000,5386760,13.37
03/12/2021,-1300,-68610000,52.2(-1.88 %),2100,109920000,3400,178530000,5388060,13.36
06/12/2021,-4200,-214460000,50.2(-3.83 %),0,0,4200,214460000,5392260,13.34
07/12/2021,-2100,-107800000,52(3.59 %),0,0,2100,107800000,5394360,13.32
08/12/2021,-1900,-99790000,52.3(0.58 %),500,26500000,2400,126290000,5396260,13.31
09/12/2021,0,0,52.3(0.00 %),600,31380000,600,31380000,5396260,0.0
10/12/2021,4400,229180000,51.8(-0.96 %),5000,260500000,600,31320000,5391860,13.34
13/12/2021,36300,1896500000,52.9(2.12 %),36500,1907030000,200,10530000,5355560,13.58
14/12/2021,-400,-21360000,52(-1.70 %),0,0,400,21360000,5355960,13.94
15/12/2021,-2100,-109470000,51.7(-0.58 %),0,0,2100,109470000,5358060,13.93
16/12/2021,-4800,-251080000,52.3(1.16 %),0,0,4800,251080000,5362860,13.89
17/12/2021,-700,-36770000,52.3(0.00 %),0,0,700,36770000,5363560,13.89
20/12/2021,200,8510000,52.9(1.15 %),2300,118450000,2100,109940000,5363360,13.89
21/12/2021,-7800,-407330000,52.1(-1.51 %),0,0,7800,407330000,5371160,0.0
22/12/2021,-8100,-419580000,51.8(-0.58 %),4000,207200000,12100,626780000,5379260,13.78
23/12/2021,1000,51429000,51.1(-1.35 %),2500,128572500,1500,77143500,5378260,0.0
24/12/2021,0,0,50.7(-0.78 %),0,0,0,0,5379260,13.78
27/12/2021,27500,1471450000,54.2(6.90 %),28500,1523930000,1000,52480000,5349660,13.62
28/12/2021,21400,1194030000,55.8(2.95 %),25000,1394090000,3600,200060000,5328260,14.13
29/12/2021,400,22020000,55.2(-1.08 %),800,44080000,400,22060000,5331960,13.74
30/12/2021,-600,-33000000,55.1(-0.18 %),0,0,600,33000000,5335560,13.71
31/12/2021,-800,-43920000,56(1.63 %),0,0,800,43920000,5335960,13.71
04/01/2022,7900,445260000,57(1.79 %),8300,467810000,400,22550000,5328260,13.76
05/01/2022,6000,348580000,57.9(1.58 %),6000,348580000,0,0,5323063,13.79
06/01/2022,500,28800000,57.8(-0.17 %),500,28800000,0,0,5322963,13.8
07/01/2022,-10400,-603160000,58(0.35 %),0,0,10400,603160000,5322963,13.8
10/01/2022,1000,103369500,54.8(-0.36 %),3600,195858000,2600,92488500,5319363,13.82
11/01/2022,-900,-48970000,53.6(-2.19 %),1900,102190000,2800,151160000,5327863,13.76
12/01/2022,2000,108000000,55(2.61 %),2000,108000000,0,0,5328533,13.76
13/01/2022,20300,1106330000,53.9(-2.00 %),24500,1333330000,4200,227000000,5306833,13.9
14/01/2022,1100,59000000,53.9(0.00 %),1700,90710000,600,31710000,5305133,13.91
17/01/2022,-2600,-136160000,50.9(-5.57 %),1100,57140000,3700,193300000,5308233,13.89
18/01/2022,5100,259600000,50.6(-0.59 %),6100,310850000,1000,51250000,5302733,13.93
19/01/2022,4600,236870000,51.6(1.98 %),4600,236870000,0,0,5301833,13.93
20/01/2022,500,25750000,52.2(0.77 %),600,30930000,100,5180000,5302233,13.93
21/01/2022,-300,-15720000,52.4(-0.76 %),0,0,300,15720000,5302233,13.93
24/01/2022,1200,60440000,51.2(-2.29 %),4000,204800000,2800,144360000,5298333,13.96
25/01/2022,-1200,-61860000,51.5(0.59 %),0,0,1200,61860000,5298633,13.96
26/01/2022,-200,0,51.7(0.39 %),500,0,700,0,5300933,13.94
27/01/2022,-1600,-82720000,52.2(0.97 %),0,0,1600,82720000,5302208,13.93
28/01/2022,-600,-31400000,51.9(-0.57 %),300,15320000,900,46720000,5302608,13.93
07/02/2022,-10400,-540210000,52.6(1.35 %),1000,51900000,11400,592110000,5303208,13.93
08/02/2022,-2000,-105590000,53.2(1.14 %),500,26750000,2500,132340000,5303608,13.92
09/02/2022,-400,-21610000,56.6(6.39 %),0,0,400,21610000,5315008,13.85
10/02/2022,3100,174610000,55.9(-1.24 %),4400,247280000,1300,72670000,5313108,13.86
11/02/2022,-900,-50940000,59(5.55 %),0,0,900,50940000,5313508,13.86
14/02/2022,-1300,-75450000,57.6(-2.37 %),0,0,1300,75450000,5314808,13.85
15/02/2022,4100,235620000,58.5(1.56 %),5800,333530000,1700,97910000,5309908,13.88
16/02/2022,11300,655590000,57.5(-1.71 %),12300,713620000,1000,58030000,5298908,13.95
17/02/2022,-700,-40570000,57.2(-0.52 %),0,0,700,40570000,5300608,13.94
18/02/2022,-100,-5790000,58.3(1.92 %),0,0,100,5790000,5301608,13.94
21/02/2022,-300,-17530000,57.4(-1.54 %),100,5720000,400,23250000,5302208,13.93
22/02/2022,-400,-22360000,56.9(-0.87 %),900,51200000,1300,73560000,5301408,13.94
23/02/2022,0,0,56.2(-1.23 %),0,0,0,0,5301808,13.94
24/02/2022,-1200,-65980000,55.5(-1.25 %),0,0,1200,65980000,5303108,13.93
25/02/2022,-300,-16760000,55.9(0.72 %),0,0,300,16760000,5303108,13.93
28/02/2022,-1000,-55940000,56.7(1.43 %),0,0,1000,55940000,5304308,13.92
01/03/2022,-1200,-68180000,56.7(0.00 %),0,0,1200,68180000,5304608,13.92
02/03/2022,600,32750000,55.6(-1.94 %),2500,139400000,1900,106650000,5303108,13.93
03/03/2022,1300,71000000,55.8(0.36 %),2500,137500000,1200,66500000,5301808,13.94
04/03/2022,-1300,-72020000,54.8(-1.79 %),0,0,1300,72020000,5303708,13.92
07/03/2022,-400,-21880000,55(0.36 %),0,0,400,21880000,5304908,13.91
08/03/2022,-2500,-135880000,54.5(-0.91 %),100,5470000,2600,141350000,5306108,13.91
09/03/2022,-6400,-336680000,52.2(-4.22 %),0,0,6400,336680000,5306508,13.9
10/03/2022,2500,130810000,52.4(0.38 %),3000,157380000,500,26570000,5306108,13.91
11/03/2022,1400,74170000,53(1.15 %),1800,95370000,400,21200000,5310708,13.88
14/03/2022,-1800,-95840000,52.4(-1.13 %),0,0,1800,95840000,5311208,13.87
15/03/2022,-3600,-191130000,53.3(1.72 %),0,0,3600,191130000,5311608,13.87
16/03/2022,-500,-26550000,52.6(-1.31 %),0,0,500,26550000,5313408,13.86
17/03/2022,1400,73900000,52.6(0.00 %),1400,73900000,0,0,5315608,13.84
18/03/2022,2600,137140000,52.1(-0.95 %),2600,137140000,0,0,5313508,13.86
21/03/2022,600,31060000,52.1(0.00 %),800,41600000,200,10540000,5312708,13.86
22/03/2022,0,0,53.5(2.69 %),0,0,0,0,5312708,13.86
23/03/2022,400,21120000,53.2(-0.56 %),400,21120000,0,0,5312508,13.86
24/03/2022,300,15930000,53(-0.38 %),300,15930000,0,0,5312208,13.87
25/03/2022,4800,254580000,53.6(1.13 %),4800,254580000,0,0,5307408,13.9
28/03/2022,3700,205590000,55.8(4.10 %),3700,205590000,0,0,5303708,13.92
29/03/2022,-4500,-253880000,57.7(3.41 %),800,45730000,5300,299610000,5302908,13.93
30/03/2022,-3500,-198370000,57.1(-1.04 %),900,51070000,4400,249440000,5302008,13.93
31/03/2022,300,16920000,55.5(-2.80 %),300,16920000,0,0,5307008,13.9
01/04/2022,22300,1257010000,55.8(0.54 %),27500,1553170000,5200,296160000,5283908,14.05
04/04/2022,-1900,-109360000,58(3.94 %),0,0,1900,109360000,5283908,14.05
05/04/2022,32700,1893870000,57.8(-0.34 %),32700,1893870000,0,0,5256408,14.24
06/04/2022,5700,346150000,61.8(6.92 %),9700,592850000,4000,246700000,5248608,14.29
07/04/2022,-6800,-419720000,61.5(-0.49 %),600,37200000,7400,456920000,5255408,14.62
08/04/2022,400,23630000,61(-0.81 %),1000,60740000,600,37110000,5251008,14.27
12/04/2022,-34400,-2025390000,57.3(-6.07 %),900,53100000,35300,2078490000,5285408,14.42
13/04/2022,1800,104390000,61.3(6.98 %),7100,421730000,5300,317340000,5257508,14.23
14/04/2022,1900,116850000,60.7(-0.98 %),1900,116850000,0,0,5284408,14.05
15/04/2022,-4900,-295880000,61(0.49 %),200,11920000,5100,307800000,5289508,14.02
18/04/2022,14400,846950000,58.5(-4.10 %),20100,1186520000,5700,339570000,5269408,14.15
19/04/2022,16800,967980000,56(-4.27 %),18400,1060360000,1600,92380000,5256108,14.24
20/04/2022,28200,1587080000,56.6(1.07 %),28200,1587080000,0,0,5246708,14.68
21/04/2022,22200,1253630000,55.5(-1.94 %),25100,1417290000,2900,163660000,5210108,14.54
22/04/2022,20100,1056910000,52.6(-5.23 %),30500,1628520000,10400,571610000,5179608,14.74
25/04/2022,15200,752265000,49.25(-6.37 %),17100,853315000,1900,101050000,5165408,14.84
26/04/2022,10100,491455000,52.6(6.69 %),13800,680275000,3700,188820000,5162008,14.86
27/04/2022,-6600,-351450000,53.1(0.95 %),400,20660000,7000,372110000,5163508,14.85
28/04/2022,-9000,-483550000,53.1(0.00 %),100,5360000,9100,488910000,5167108,14.83
29/04/2022,-5300,-284380000,53.2(0.19 %),100,5320000,5400,289700000,5174008,14.78
04/05/2022,-1200,-63950000,54.9(3.20 %),3800,205670000,5000,269620000,5179308,14.75
05/05/2022,-4600,-248240000,54.1(-1.46 %),1000,54280000,5600,302520000,5183908,0.0
06/05/2022,1900,100700000,53(-2.03 %),3300,174900000,1400,74200000,5185408,14.7
09/05/2022,-2600,-123370000,47.45(-6.96 %),4000,189800000,6600,313170000,5187008,14.69
10/05/2022,-500,-23075000,46.15(-2.84 %),4400,203060000,4900,226135000,5184008,14.71
11/05/2022,-3200,-149415000,46.95(1.73 %),0,0,3200,149415000,5187208,0.0
12/05/2022,-1700,-81285000,43.7(-6.92 %),6000,268100000,7700,349385000,5188908,0.0
13/05/2022,4600,188340000,40.65(-6.98 %),5400,222770000,800,34430000,5187308,14.69
16/05/2022,-2000,-83000000,41.5(1.97 %),0,0,2000,83000000,5195008,14.64
17/05/2022,-300,-13320000,44.4(6.99 %),500,22200000,800,35520000,5195308,14.64
18/05/2022,1500,68925000,45.95(3.49 %),7200,330840000,5700,261915000,5190058,14.67
19/05/2022,4200,189840000,45.2(-1.74 %),4300,194360000,100,4520000,5186558,14.7
20/05/2022,-2600,-118040000,45.4(0.44 %),300,13620000,2900,131660000,5191958,14.66
23/05/2022,-7000,-311850000,44.55(-1.87 %),0,0,7000,311850000,5192058,14.66
24/05/2022,-1600,-70640000,44.15(-1.01 %),0,0,1600,70640000,5194958,14.64
25/05/2022,-700,-31885000,45.55(3.05 %),100,4555000,800,36440000,5201858,14.6
26/05/2022,900,40950000,45.5(-0.22 %),1500,68250000,600,27300000,5201958,14.6
27/05/2022,-100,-4530000,45.3(-0.44 %),300,13590000,400,18120000,5202458,14.59
30/05/2022,8300,375160000,45.2(-0.22 %),8400,379680000,100,4520000,5194658,14.64
31/05/2022,-2300,-102465000,44.55(-1.44 %),0,0,2300,102465000,5195058,14.64
01/06/2022,1700,74290000,43.7(-2.02 %),3300,144210000,1600,69920000,5191858,14.66
02/06/2022,-4000,-172000000,43(-1.60 %),6300,270900000,10300,442900000,5187858,14.69
03/06/2022,-38300,-1648815000,43.05(0.12 %),1400,60270000,39700,1709085000,5188058,14.69
06/06/2022,1200,52925000,43.2(0.23 %),2600,114075000,1400,61150000,5195758,14.64
07/06/2022,19000,836000000,44(1.85 %),21000,924000000,2000,88000000,5214478,14.51
08/06/2022,3300,148170000,44.9(2.05 %),3500,157150000,200,8980000,5212378,14.53
09/06/2022,100,4495000,44.95(0.11 %),200,8990000,100,4495000,5214178,14.51
10/06/2022,800,35200000,44(-2.22 %),1900,83600000,1100,48400000,5212478,14.53
13/06/2022,-3200,-131040000,40.95(-6.93 %),2000,81900000,5200,212940000,5210578,14.54
14/06/2022,-100,-4080000,40.8(-0.49 %),2600,106080000,2700,110160000,5209078,14.55
15/06/2022,4000,152000000,38(-6.86 %),7100,269800000,3100,117800000,5207178,14.56
16/06/2022,5200,204880000,39.4(3.68 %),6400,252160000,1200,47280000,5203478,14.59
17/06/2022,7200,277200000,38.5(-2.28 %),9500,365750000,2300,88550000,5197078,14.63
20/06/2022,7300,265890000,36.1(-6.23 %),14600,533440000,7300,267550000,5183678,14.72
21/06/2022,-1700,-59670000,35.1(-2.77 %),5100,179010000,6800,238680000,5180878,14.73
22/06/2022,12300,433575000,35.25(0.43 %),12300,433575000,0,0,5175878,14.77
23/06/2022,1000,36900000,36.9(4.53 %),2100,77490000,1100,40590000,5180578,14.74
24/06/2022,800,28640000,35.8(-2.98 %),2500,89500000,1700,60860000,5178078,14.75
27/06/2022,6800,248830000,37(3.35 %),6800,248830000,0,0,5172378,14.79
28/06/2022,-700,-26250000,37.5(1.35 %),500,18750000,1200,45000000,5173578,14.78
29/06/2022,-2100,-78360000,37.2(-0.80 %),100,3715000,2200,82075000,5173478,14.78
30/06/2022,20500,758500000,37(-0.54 %),27900,1032300000,7400,273800000,5146778,14.96
01/07/2022,-700,-25515000,36.45(-1.49 %),1900,69255000,2600,94770000,5147078,14.96
04/07/2022,1100,40160000,36.5(0.00 %),1100,40160000,0,0,5147478,15.36
05/07/2022,-1500,-55125000,36.75(0.68 %),900,33075000,2400,88200000,5155078,14.91
06/07/2022,8100,295650000,36.5(-0.82 %),11000,401500000,2900,105850000,5144078,14.98
07/07/2022,2700,98145000,36.35(-0.41 %),4500,163575000,1800,65430000,5141978,14.99
08/07/2022,-3200,-29680000,36.85(1.24 %),0,3710000,3200,33390000,5145178,0.0
11/07/2022,-800,-29680000,37.1(0.54 %),100,3710000,900,33390000,5129269,15.08
12/07/2022,3000,114150000,38.05(2.56 %),3000,114150000,0,0,5176369,14.76
13/07/2022,3600,137340000,38.15(0.13 %),3600,137340000,0,0,5173669,14.78
14/07/2022,-700,-26600000,38(-0.52 %),0,0,700,26600000,5173669,14.78
15/07/2022,-400,-15220000,38.05(0.13 %),1500,57075000,1900,72295000,5172169,14.79
18/07/2022,900,34740000,38.6(1.31 %),1600,61760000,700,27020000,5171269,14.8
19/07/2022,-800,-30480000,38.1(-1.30 %),200,7620000,1000,38100000,5172969,14.79
20/07/2022,12700,480695000,37.85(-0.66 %),27400,1037090000,14700,556395000,5146269,14.96
21/07/2022,800,29840000,37.3(-1.58 %),800,29840000,0,0,5146469,14.96
22/07/2022,1000,66960000,37.2(-0.27 %),2100,66960000,1100,0,5159369,14.88
25/07/2022,-2100,-76650000,36.5(-1.88 %),100,3650000,2200,80300000,5159269,14.88
26/07/2022,-6400,-228480000,35.7(-2.19 %),0,0,6400,228480000,5159269,14.88
27/07/2022,1100,39820000,36.2(1.40 %),1700,61540000,600,21720000,5159769,14.87
28/07/2022,-77000,-2810500000,36.5(0.83 %),3200,116800000,80200,2927300000,5162969,14.85
29/07/2022,-64100,-2358880000,36.8(0.82 %),500,18400000,64600,2377280000,5163069,14.85
01/08/2022,2500,93750000,37.5(1.90 %),3200,120000000,700,26250000,5240069,14.34
02/08/2022,500,18625000,37.25(-0.67 %),500,18625000,0,0,5304169,13.92
03/08/2022,4300,161895000,37.65(0.94 %),5200,195780000,900,33885000,5299669,13.95
04/08/2022,2200,84040000,38.2(1.33 %),2200,84040000,0,0,5297469,13.96
05/08/2022,4900,186200000,38(-0.52 %),4900,186200000,0,0,5293469,13.99
08/08/2022,3900,148590000,38.1(0.26 %),3900,148590000,0,0,5289569,14.02
09/08/2022,3100,119350000,38.5(1.05 %),3600,138600000,500,19250000,5285969,14.04
10/08/2022,4400,169840000,38.6(0.26 %),20100,775860000,15700,606020000,5265869,14.17
11/08/2022,-3900,-151515000,38.85(0.65 %),100,3885000,4000,155400000,5266269,14.17
12/08/2022,-4400,-175120000,39.8(2.31 %),300,11940000,4700,187060000,5281669,14.07
15/08/2022,800,33360000,41.7(4.77 %),800,33360000,0,0,5284869,14.05
16/08/2022,-1900,-77805000,40.95(-1.80 %),2900,118755000,4800,196560000,5286669,14.04
17/08/2022,-4100,-165230000,40.3(-1.71 %),200,8060000,4300,173290000,5286469,14.04
18/08/2022,-1800,-70650000,39.25(-2.61 %),1400,54950000,3200,125600000,5289869,14.01
19/08/2022,-6900,-265650000,38.5(-2.04 %),0,0,6900,265650000,5294169,13.99
22/08/2022,-900,-34740000,38.6(0.26 %),1600,61760000,2500,96500000,5295769,13.97
23/08/2022,2900,113390000,39.1(1.30 %),2900,113390000,0,0,5299769,13.95
24/08/2022,-1500,-58800000,39.2(0.26 %),100,3920000,1600,62720000,5302169,13.93
25/08/2022,-100,-3920000,39.2(0.00 %),0,0,100,3920000,5302244,13.93
26/08/2022,-3800,-147820000,38.9(-0.77 %),0,0,3800,147820000,5303844,13.92
29/08/2022,-3000,-115650000,38.55(-0.90 %),0,0,3000,115650000,5303944,13.92
30/08/2022,-2200,-85250000,38.75(0.39 %),400,15500000,2600,100750000,5307344,13.9
31/08/2022,-2700,-103950000,38.5(-0.77 %),0,0,2700,103950000,5310344,13.88
05/09/2022,600,23250000,38.75(0.65 %),600,23250000,0,0,5312344,13.87
06/09/2022,2600,101660000,39.1(0.77 %),2600,101660000,0,0,5312444,13.86
07/09/2022,-1300,-49920000,38.4(-1.79 %),0,0,1300,49920000,5312444,13.86
08/09/2022,3700,142080000,38.4(0.00 %),5000,192000000,1300,49920000,5307444,13.9
09/09/2022,2100,80535000,38.35(-0.13 %),2200,84370000,100,3835000,5306544,13.9
12/09/2022,2300,80535000,38.45(0.13 %),2700,84370000,400,3835000,5305144,13.91
13/09/2022,2400,78100000,39(1.30 %),2400,78100000,0,0,5302844,13.93
14/09/2022,2400,78100000,38.65(-0.90 %),2800,78100000,400,0,5300444,13.94
15/09/2022,1650,92760000,39(0.78 %),1700,108220000,50,15460000,0,13.96
16/09/2022,20400,805800000,39.5(1.28 %),20600,813700000,200,7900000,5278544,14.09
19/09/2022,-17300,-647885000,37.45(-5.19 %),0,0,17300,647885000,5295844,14.35
20/09/2022,-10500,-394800000,37.6(0.27 %),0,0,10500,394800000,5278794,14.09
21/09/2022,-3300,-124410000,37.7(0.27 %),0,0,3300,124410000,5296094,13.97
22/09/2022,-6400,-243200000,38(0.80 %),1000,38000000,7400,281200000,5305594,13.91
23/09/2022,-1500,-57000000,38(0.00 %),1500,57000000,3000,114000000,5307394,13.9
26/09/2022,-2700,-99765000,36.95(-2.76 %),0,0,2700,99765000,5314794,13.85
27/09/2022,-200,-7490000,37.45(1.22 %),0,0,200,7490000,5317794,13.83
28/09/2022,-1400,-50960000,36.4(-2.93 %),0,0,1400,50960000,5320494,13.81
29/09/2022,-2100,-76335000,36.35(-0.14 %),0,0,2100,76335000,5320694,13.81
30/09/2022,-2635,-94860000,36(-1.10 %),0,0,2635,94860000,5322094,13.8
03/10/2022,300,10080000,33.6(-6.67 %),1500,50400000,1200,40320000,5322694,13.8
04/10/2022,600,20160000,33.6(0.00 %),1500,50400000,900,30240000,5323829,13.79
05/10/2022,-200,-6840000,34.2(1.79 %),100,3420000,300,10260000,5324929,13.78
06/10/2022,-700,-22925000,32.75(-4.24 %),400,13100000,1100,36025000,5325429,13.78
07/10/2022,-1100,-34210000,31.1(-5.18 %),100,3110000,1200,37320000,5325629,13.78
10/10/2022,2800,88480000,31.6(1.61 %),3100,97960000,300,9480000,5323629,13.79
11/10/2022,-800,-23760000,29.7(-6.01 %),600,17820000,1400,41580000,5324229,13.79
12/10/2022,500,15375000,30.75(3.54 %),2400,73800000,1900,58425000,5322129,13.8
13/10/2022,4600,143290000,31.15(1.14 %),6000,186900000,1400,43610000,5317529,13.83
14/10/2022,1200,37800000,31.5(0.96 %),1600,50400000,400,12600000,5317829,13.83
17/10/2022,-500,-15750000,31.5(0.00 %),300,9450000,800,25200000,5318929,13.82
18/10/2022,1000,32450000,32.45(3.02 %),1000,32450000,0,0,5318329,13.83
19/10/2022,5700,185205000,32.45(-0.15 %),11200,363175000,5500,177970000,5312629,0.0
20/10/2022,1900,61390000,32.7(0.62 %),3300,107030000,1400,45640000,5306029,0.0
21/10/2022,13300,422000000,30.7(-6.12 %),14000,444335000,700,22335000,5291329,0.0
24/10/2022,5200,155835000,28.6(-6.84 %),5700,170920000,500,15085000,5290929,0.0
25/10/2022,13400,389730000,29(1.40 %),13400,389730000,0,0,5277529,0.0
26/10/2022,600,17170000,29.2(0.69 %),900,26085000,300,8915000,5277829,0.0
27/10/2022,2600,77185000,29.8(2.05 %),2600,77185000,0,0,5276094,14.11
28/10/2022,13500,400950000,29.7(-0.34 %),13600,403920000,100,2970000,5262794,14.19
31/10/2022,-200,-5840000,29.2(-1.68 %),500,14600000,700,20440000,5262294,14.2
01/11/2022,-900,-26145000,29.05(-0.51 %),0,0,900,26145000,5262394,14.2
02/11/2022,-700,-20230000,28.9(-0.69 %),0,0,700,20230000,5263094,14.19
03/11/2022,2000,58100000,29.05(0.52 %),2700,78435000,700,20335000,5261294,14.2
04/11/2022,7300,210605000,28.85(-0.86 %),7800,225030000,500,14425000,5254194,14.25
07/11/2022,-400,-11200000,28(-3.11 %),0,0,400,11200000,5254894,14.25
08/11/2022,4500,125100000,27.8(-0.71 %),5000,139000000,500,13900000,5250394,14.28
09/11/2022,1800,50040000,27.8(0.00 %),2500,69500000,700,19460000,5248294,14.29
10/11/2022,4600,121900000,26.5(-4.68 %),5000,132500000,400,10600000,5243794,14.32
11/11/2022,7110,178461000,25.1(-5.28 %),7710,193521000,600,15060000,5236784,14.37
14/11/2022,9700,231345000,23.85(-4.98 %),10900,259965000,1200,28620000,5226284,14.43
15/11/2022,24100,571170000,23.7(-0.84 %),25000,592500000,900,21330000,5201884,14.6
16/11/2022,7500,186750000,24.9(5.06 %),8500,211650000,1000,24900000,5194584,14.64
17/11/2022,2100,54390000,25.9(4.02 %),3100,80290000,1000,25900000,5192384,14.66
18/11/2022,30200,815400000,27(4.25 %),31000,837000000,800,21600000,5162384,14.86
21/11/2022,21100,584470000,27.7(2.59 %),31600,875320000,10500,290850000,5131784,15.06
22/11/2022,15600,436020000,27.95(0.90 %),16200,452790000,600,16770000,5116384,15.16
23/11/2022,-200,-5400000,27(-3.57 %),0,0,200,5400000,5126884,15.09
24/11/2022,2850,75097500,26.35(-2.41 %),3600,94860000,750,19762500,5123884,15.11
25/11/2022,8000,223200000,27.9(5.68 %),8700,242730000,700,19530000,5115384,15.17
28/11/2022,5000,146750000,29.35(5.20 %),5400,158490000,400,11740000,5110384,15.61
29/11/2022,28600,880880000,30.8(4.76 %),29200,899360000,600,18480000,5081784,15.8
30/11/2022,18300,572790000,31.3(1.62 %),19400,607220000,1100,34430000,5063484,15.93
01/12/2022,11500,365700000,31.8(1.60 %),12100,384780000,600,19080000,5051134,16.01
02/12/2022,15200,490960000,32.3(1.57 %),16600,536180000,1400,45220000,5035934,16.11
05/12/2022,3697,121076750,32.75(1.39 %),4600,150650000,903,29573250,5032237,16.14
06/12/2022,10300,318270000,30.9(-5.79 %),17100,528390000,6800,210120000,5021937,0.0
07/12/2022,-3300,-100320000,30.4(-1.62 %),0,0,3300,100320000,5025237,16.19
08/12/2022,11400,359100000,31.5(3.62 %),13200,415800000,1800,56700000,5011037,15.86
09/12/2022,-1200,-38040000,31.7(0.63 %),1800,57060000,3000,95100000,5012537,15.85
12/12/2022,11700,379080000,32.4(2.21 %),14000,453600000,2300,74520000,5003337,16.33
13/12/2022,1100,35640000,32.4(0.00 %),1800,58320000,700,22680000,5002237,16.34
14/12/2022,-300,-9795000,32.65(0.77 %),100,3265000,400,13060000,5002537,16.34
15/12/2022,0,-9795000,32.8(0.31 %),0,3265000,0,13060000,5002537,16.34
16/12/2022,500,16400000,32.8(0.00 %),500,16400000,0,0,5002037,0.0
19/12/2022,0,16400000,32.8(0.00 %),0,16400000,0,0,5002037,16.34
20/12/2022,2350,73907500,31.45(-4.12 %),2800,88060000,450,14152500,4999687,16.36
21/12/2022,700,23555000,33.65(6.83 %),700,23555000,0,0,4998987,16.36
22/12/2022,37300,1342800000,36(6.82 %),37300,1342800000,0,0,4961687,16.62
23/12/2022,4300,156950000,36.5(1.39 %),4900,178850000,600,21900000,4957387,16.65
26/12/2022,1000,34100000,34.1(-6.58 %),1000,34100000,0,0,4956387,16.65
27/12/2022,-4507,-161350600,35.8(4.99 %),8600,307880000,13107,469230600,4960894,16.62
28/12/2022,28500,1018875000,35.75(-0.14 %),28500,1018875000,0,0,4932394,0.0
29/12/2022,11000,399300000,36.3(1.40 %),11000,399300000,0,0,4923694,16.44
30/12/2022,100,3690000,36.9(1.65 %),100,3690000,0,0,4923594,16.44
03/01/2023,53000,1921250000,36.25(6.93 %),53000,1921250000,0,0,4870594,0.0
04/01/2023,25800,928800000,36(-0.83 %),25800,928800000,0,0,4844794,16.96
05/01/2023,72900,2649915000,36.35(0.97 %),72900,2649915000,0,0,4771894,17.44
06/01/2023,9300,334800000,36(-1.10 %),10300,370800000,1000,36000000,4761594,17.51
09/01/2023,4600,165600000,36(0.00 %),4700,169200000,100,3600000,4756894,17.54
10/01/2023,0,165600000,37(2.78 %),0,169200000,0,3600000,4757894,17.53
11/01/2023,2200,80520000,36.6(-1.08 %),2200,80520000,0,0,4755794,17.55
12/01/2023,0,80520000,36.45(-0.41 %),0,80520000,0,0,4755794,17.55
13/01/2023,0,80520000,36.8(0.82 %),0,80520000,0,0,4755794,17.55
16/01/2023,12500,465625000,37.25(1.22 %),12500,465625000,0,0,4743294,17.63
17/01/2023,12600,468090000,37.15(-0.40 %),12600,468090000,0,0,4730694,17.71
18/01/2023,34000,1275000000,37.5(0.81 %),34000,1275000000,0,0,4696694,17.94
19/01/2023,19700,728900000,37(-1.33 %),24300,899100000,4600,170200000,4672394,18.1
27/01/2023,-300,-11340000,37.8(2.16 %),1800,68040000,2100,79380000,4670594,18.11
30/01/2023,-600,-22680000,37.8(0.00 %),4200,158760000,4800,181440000,4670994,18.11
31/01/2023,1400,52500000,37.5(-0.79 %),1700,63750000,300,11250000,4671394,18.1
01/02/2023,8200,306270000,37.35(-0.40 %),8200,306270000,0,0,4667994,18.13
02/02/2023,4000,148000000,37(-1.07 %),7000,259000000,3000,111000000,4661294,18.17
03/02/2023,8500,314500000,37(0.00 %),8500,314500000,0,0,4652794,18.23
06/02/2023,2000,73000000,36.5(-1.35 %),2000,73000000,0,0,4653794,18.22
07/02/2023,1000,36300000,36.3(-0.55 %),1000,36300000,0,0,4652794,18.23
08/02/2023,0,36300000,36.55(0.69 %),0,36300000,0,0,4652794,18.23
09/02/2023,3500,129325000,36.95(0.96 %),3500,129325000,0,0,4649294,18.25
10/02/2023,2200,80960000,36.8(-0.54 %),2200,80960000,0,0,4647094,18.27
13/02/2023,200,7140000,35.7(-2.99 %),200,7140000,0,0,4646894,18.27
14/02/2023,500,18050000,36.1(1.12 %),500,18050000,0,0,4646394,18.27
15/02/2023,900,33570000,37.3(3.32 %),1400,52220000,500,18650000,4644994,18.28
16/02/2023,-500,-18975000,37.95(1.74 %),0,0,500,18975000,4644994,18.28
17/02/2023,0,-18975000,38.05(0.13 %),0,0,0,18975000,4645494,18.28
20/02/2023,0,-18975000,38.35(0.66 %),0,0,0,18975000,4645994,18.27
21/02/2023,1700,65790000,38.7(0.78 %),1700,65790000,0,0,4644294,18.28
22/02/2023,0,65790000,37.4(-3.36 %),0,65790000,0,0,4644294,18.28
23/02/2023,0,65790000,37.2(-0.53 %),0,65790000,0,0,4644294,18.28
24/02/2023,0,65790000,37.2(0.00 %),0,65790000,0,0,4644294,18.77
27/02/2023,500,18300000,36.6(-1.61 %),500,18300000,0,0,4643794,18.29
28/02/2023,-800,-29360000,36.7(0.27 %),0,0,800,29360000,4643794,18.29
01/03/2023,300,11190000,37.3(1.63 %),300,11190000,0,0,4643494,18.29
02/03/2023,4500,168750000,37.5(0.54 %),4500,168750000,0,0,4639794,18.31
03/03/2023,1500,55650000,37.1(-1.07 %),1500,55650000,0,0,4638294,18.32
06/03/2023,200,7380000,36.9(-0.54 %),200,7380000,0,0,4638094,18.32
07/03/2023,0,7380000,37(0.27 %),0,7380000,0,0,4638094,18.32
08/03/2023,1400,51870000,37.05(0.14 %),1400,51870000,0,0,4636694,18.33
09/03/2023,0,51870000,37(-0.27 %),0,51870000,0,0,4636694,18.33
10/03/2023,5595,207015000,37(0.00 %),5600,207200000,5,185000,4631094,18.37
13/03/2023,-100,-3650000,36.5(-1.35 %),0,0,100,3650000,4631194,18.86
14/03/2023,2900,104400000,36(-1.37 %),2900,104400000,0,0,4628199,18.39
15/03/2023,600,22050000,36.75(2.08 %),600,22050000,0,0,4627699,18.39
16/03/2023,-518,-18699800,36.1(-1.90 %),0,0,518,18699800,4627699,18.39
17/03/2023,0,-18699800,36.05(-0.14 %),0,0,0,18699800,4627699,18.39
20/03/2023,0,-18699800,36(-0.28 %),0,0,0,18699800,4628217,18.39
21/03/2023,2000,65790000,36.5(1.39 %),2000,65790000,0,0,4626217,18.4
22/03/2023,300,10965000,36.4(-0.27 %),300,10965000,0,0,4625917,0.0
23/03/2023,1000,36050000,36.45(0.14 %),1000,36050000,0,0,4624917,0.0
24/03/2023,3200,116385000,36.4(-0.27 %),3200,116385000,0,0,4621717,0.0
27/03/2023,1000,36500000,36.5(0.27 %),1000,36500000,0,0,4620717,18.93
28/03/2023,300,10920000,36.4(-0.27 %),300,10920000,0,0,4620417,0.0
29/03/2023,2000,73500000,36.75(0.96 %),2000,73500000,0,0,4618417,18.45
30/03/2023,0,73500000,36.35(-1.22 %),0,73500000,0,0,4618417,18.45
31/03/2023,0,73500000,36.1(-0.82 %),0,73500000,0,0,4618417,18.45
03/04/2023,30000,1102500000,36.75(1.80 %),30000,1102500000,0,0,4588417,18.65
04/04/2023,6000,222900000,37.15(0.95 %),6000,222900000,0,0,4582417,18.69
05/04/2023,5600,209720000,37.45(0.67 %),5600,209720000,0,0,4576817,18.73
06/04/2023,0,209720000,37.3(-0.53 %),0,209720000,0,0,4576817,18.73
07/04/2023,-30,-1107000,36.9(-1.07 %),0,0,30,1107000,4576817,18.73
10/04/2023,5600,204960000,36.6(-0.81 %),5600,204960000,0,0,4571217,18.77
11/04/2023,0,204960000,36.6(0.00 %),0,204960000,0,0,4571247,18.77
12/04/2023,0,204960000,36.7(0.27 %),0,204960000,0,0,4571247,18.77
13/04/2023,100,3685000,36.85(0.41 %),100,3685000,0,0,4571147,18.77
14/04/2023,8900,324850000,36.5(-1.08 %),8900,324850000,0,0,4562247,18.83
17/04/2023,290,10556000,36.4(-0.27 %),300,10920000,10,364000,4561947,18.83
18/04/2023,100,3645000,36.45(0.14 %),100,3645000,0,0,4561847,18.83
19/04/2023,1000,36450000,36.45(-0.14 %),1000,36450000,0,0,4560857,18.84
20/04/2023,0,0,36.15(-0.96 %),0,0,0,0,4560857,19.34
21/04/2023,3000,107400000,35.8(-1.10 %),3000,107400000,0,0,4557857,18.86
24/04/2023,-500,-17875000,35.75(-0.14 %),0,0,500,17875000,4557857,18.86
25/04/2023,-20048,-717718400,35.8(0.00 %),0,0,20048,717718400,4557857,18.86
26/04/2023,-20000,-712000000,35.6(-0.56 %),0,0,20000,712000000,4558357,18.85
27/04/2023,-15000,-529225000,35.75(0.42 %),5000,178760000,20000,707985000,4573357,0.0
28/04/2023,4500,160575000,35.75(0.00 %),4500,160575000,0,0,4568857,0.0
04/05/2023,0,0,35.45(-0.84 %),0,0,0,0,4588905,0.0
05/05/2023,2000,71305000,35.8(0.99 %),2000,71305000,0,0,4606905,18.53
08/05/2023,0,0,35.5(-0.84 %),0,0,0,0,4606905,18.53
09/05/2023,4500,160110000,35.8(0.85 %),4500,160110000,0,0,4602405,18.56
10/05/2023,2200,79305000,36.4(1.68 %),4000,144400000,1800,65095000,4600205,0.0
11/05/2023,700,25485000,36.35(-0.14 %),700,25485000,0,0,4597705,18.59
12/05/2023,500,18160000,36.6(0.55 %),500,18160000,0,0,4599005,18.58
15/05/2023,0,0,36.55(-0.14 %),0,0,0,0,4599005,19.08
16/05/2023,200,7280000,36.4(-0.41 %),200,7280000,0,0,4598805,19.08
17/05/2023,0,0,36.25(-0.41 %),0,0,0,0,4598805,19.08
18/05/2023,100,3635000,36.4(0.41 %),100,3635000,0,0,4598705,19.08
19/05/2023,-4100,-148620000,36.15(-0.69 %),1500,54450000,5600,203070000,4602805,19.05
22/05/2023,-1300,-47580000,36.45(0.83 %),0,0,1300,47580000,4604105,19.05
23/05/2023,0,0,36.4(-0.14 %),0,0,0,0,4604105,19.05
24/05/2023,0,0,36.2(-0.55 %),0,0,0,0,4604105,19.05
25/05/2023,-400,-14475000,36.4(0.55 %),600,21825000,1000,36300000,4604505,19.04
26/05/2023,0,0,36.55(0.41 %),0,0,0,0,4604505,19.04
29/05/2023,0,0,38.3(4.79 %),0,0,0,0,4604505,19.04
30/05/2023,0,0,38.05(-0.65 %),0,0,0,0,4604505,19.04
31/05/2023,7000,266350000,38.05(0.00 %),7000,266350000,0,0,4597505,19.09
01/06/2023,3600,137805000,38.5(1.18 %),7100,271030000,3500,133225000,4597555,19.09
02/06/2023,6800,261045000,38.4(-0.26 %),6800,261045000,0,0,4590755,19.14
05/06/2023,0,0,39.5(2.86 %),0,0,0,0,4590755,19.14
06/06/2023,400,15780000,39.3(-0.51 %),400,15780000,0,0,4590355,19.14
07/06/2023,100,3910000,39.3(0.00 %),100,3910000,0,0,4590255,19.14
08/06/2023,110300,4261125000,38.75(-1.40 %),134900,5186735000,24600,925610000,4479955,19.89
09/06/2023,10000,384685000,39(0.65 %),10000,384685000,0,0,4469955,19.96
12/06/2023,29800,1158050000,38.7(-0.77 %),30000,1165725000,200,7675000,4440155,20.16
13/06/2023,19200,740130000,38.6(-0.26 %),19200,740130000,0,0,4420955,20.29
14/06/2023,29500,1139275000,38.7(0.26 %),29500,1139275000,0,0,4391455,20.49
15/06/2023,3900,149760000,38.55(-0.39 %),3900,149760000,0,0,4387555,20.52
16/06/2023,6600,254940000,38.6(0.00 %),8000,309050000,1400,54110000,4375925,20.06
19/06/2023,2000,77980000,38.8(0.52 %),2000,77980000,0,0,4373925,20.07
20/06/2023,0,0,39.3(1.29 %),0,0,0,0,4373925,20.61
21/06/2023,34400,1400340000,42.05(7.00 %),38700,1581155000,4300,180815000,4336625,20.32
22/06/2023,0,0,41.95(-0.24 %),0,0,0,0,4336625,20.86
23/06/2023,0,0,42(0.00 %),0,0,0,0,4336625,20.86
26/06/2023,36900,1536470000,42.6(1.43 %),39900,1663070000,3000,126600000,4301025,20.55
27/06/2023,1100,47270000,42.5(-0.23 %),1200,51560000,100,4290000,4299925,21.11
28/06/2023,300,12510000,42.3(-0.47 %),300,12510000,0,0,4299625,21.11
29/06/2023,8600,357515000,42.3(0.00 %),8600,357515000,0,0,4291025,21.17
30/06/2023,10500,441420000,42.35(0.12 %),10500,441420000,0,0,4280525,21.24
03/07/2023,-4300,-189920000,43.95(3.66 %),4300,186500000,8600,376420000,4283525,21.22
04/07/2023,21100,940735000,44.75(1.70 %),31800,1419990000,10700,479255000,4262425,21.37
05/07/2023,500,24390000,44.55(-0.56 %),10500,466525000,10000,442135000,4261925,21.37
06/07/2023,7000,309705000,44.6(0.00 %),7000,309705000,0,0,4249225,20.9
07/07/2023,12000,540000000,45(0.90 %),12000,540000000,0,0,4247225,20.91
10/07/2023,1800,80575000,45.4(0.89 %),4700,212405000,2900,131830000,4245425,21.48
11/07/2023,7400,334750000,45.35(-0.11 %),7400,334750000,0,0,4238025,21.53
12/07/2023,15300,692445000,45.4(0.00 %),15300,692445000,0,0,4222725,21.64
13/07/2023,0,0,45.2(-0.44 %),0,0,0,0,4222725,21.64
14/07/2023,0,0,45.2(0.00 %),0,0,0,0,4222725,21.07
17/07/2023,1400,63000000,45(-0.44 %),1400,63000000,0,0,4221325,21.64
18/07/2023,0,0,44.7(-0.67 %),0,0,0,0,4221325,21.64
19/07/2023,-5200,-248435000,47.8(6.94 %),0,0,5200,248435000,4221325,21.08
20/07/2023,0,0,48.5(1.46 %),0,0,0,0,4221325,21.64
21/07/2023,0,0,48.3(-0.41 %),0,0,0,0,4221325,21.64
24/07/2023,1800,87840000,48.8(1.04 %),1800,87840000,0,0,4224725,21.06
25/07/2023,0,0,47.6(-2.46 %),0,0,0,0,4224725,21.06
26/07/2023,0,0,48.85(2.63 %),0,0,0,0,4224725,21.62
27/07/2023,2200,107580000,48.45(-0.92 %),2200,107580000,0,0,4222525,21.64
28/07/2023,5200,249600000,47.8(-1.44 %),5200,249600000,0,0,4217325,21.67
31/07/2023,45800,2189620000,48.5(1.46 %),45800,2189620000,0,0,4171525,21.98
01/08/2023,16300,787735000,48.7(0.41 %),16300,787735000,0,0,4171525,21.98
02/08/2023,17500,852725000,48.9(0.41 %),17500,852725000,0,0,4154025,22.1
03/08/2023,2000,97800000,48.5(-0.82 %),2000,97800000,0,0,4152025,22.12
04/08/2023,4700,228625000,48.6(0.21 %),4700,228625000,0,0,4131025,21.68
07/08/2023,10300,524885000,51.5(5.97 %),10300,524885000,0,0,4120725,22.33
08/08/2023,-500,-25000000,49.75(-3.40 %),0,0,500,25000000,4121225,22.32
09/08/2023,3900,192765000,49.7(-0.10 %),3900,192765000,0,0,4117325,22.35
10/08/2023,11300,540490000,48(-3.42 %),13500,648040000,2200,107550000,4106025,22.43
11/08/2023,14700,691195000,47.6(-0.83 %),14700,691195000,0,0,4091325,22.53
14/08/2023,-1600,-77030000,47.8(0.42 %),900,42970000,2500,120000000,4090425,21.95
15/08/2023,1300,62305000,48.4(1.26 %),1300,62305000,0,0,4089125,21.96
16/08/2023,18300,879280000,48.4(0.00 %),18300,879280000,0,0,4764425,17.49
17/08/2023,6200,296470000,47.6(-1.65 %),7100,339880000,900,43410000,4758225,18.0
18/08/2023,700,33165000,48.1(1.05 %),2200,106660000,1500,73495000,4755125,17.55
21/08/2023,-2700,-132290000,48.8(1.46 %),0,0,2700,132290000,4756025,17.54
22/08/2023,-3400,-165660000,48.8(0.00 %),3200,156870000,6600,322530000,4754325,17.56
23/08/2023,-2200,-107380000,48.7(-0.20 %),200,9730000,2400,117110000,4756825,17.54
24/08/2023,1600,78075000,48.85(0.31 %),2200,107295000,600,29220000,4755225,18.02
25/08/2023,1300,63215000,48.95(0.20 %),3400,166835000,2100,103620000,4760250,17.52
28/08/2023,4700,230285000,49.1(0.31 %),4700,230285000,0,0,4755550,18.02
29/08/2023,7800,389405000,49.95(1.73 %),7800,389405000,0,0,4750450,17.58
30/08/2023,1800,89145000,49.4(-1.10 %),1800,89145000,0,0,4748650,18.06
31/08/2023,17400,893405000,52.4(6.07 %),17400,893405000,0,0,4731250,17.71
05/09/2023,-1700,-96210000,55.4(5.73 %),4300,235590000,6000,331800000,4726920,17.74
06/09/2023,-23300,-1284490000,55(-0.72 %),900,49550000,24200,1334040000,4750220,18.05
07/09/2023,-18000,-992100000,54.2(-1.45 %),0,0,18000,992100000,4732020,17.7
08/09/2023,5300,291760000,55.3(2.03 %),5900,324630000,600,32870000,4750320,17.58
11/09/2023,-7200,-411040000,59(6.69 %),1000,58500000,8200,469540000,4767370,17.47
12/09/2023,-24900,-1466370000,59(0.00 %),7300,430640000,32200,1897010000,4760670,17.51
13/09/2023,-31600,-1895960000,59.7(1.19 %),2900,173200000,34500,2069160000,4765970,17.48
14/09/2023,0,0,55(-3.00 %),0,0,0,0,4798170,17.27
15/09/2023,-17300,-939290000,53.8(-2.18 %),200,10920000,17500,950210000,4832470,17.04
18/09/2023,0,0,51.1(-5.02 %),0,0,0,0,4832470,17.49
19/09/2023,1400,66760000,53.3(4.31 %),5700,291860000,4300,225100000,4831095,17.5
20/09/2023,-600,-31800000,52.8(-0.94 %),1900,100700000,2500,132500000,4831695,17.5
21/09/2023,400,20650000,52.4(-0.76 %),2900,152650000,2500,132000000,4831295,17.5
22/09/2023,-1100,-58020000,50.6(-3.44 %),2300,115120000,3400,173140000,4850995,16.92
25/09/2023,-6400,-325085000,48.1(-4.94 %),1400,69155000,7800,394240000,4852095,16.91
26/09/2023,11100,532250000,48.1(0.00 %),14700,706030000,3600,173780000,4840795,16.98
27/09/2023,-8600,-411535000,48.2(0.21 %),3000,142100000,11600,553635000,4849395,17.38
28/09/2023,-5200,-251355000,48.3(0.21 %),1600,77285000,6800,328640000,4854595,17.34
29/09/2023,-1000,-48440000,48.6(0.62 %),1700,83105000,2700,131545000,4857495,16.87
02/10/2023,-4400,-225480000,49.8(2.47 %),2800,140880000,7200,366360000,4861495,16.85
03/10/2023,-17300,-847095000,48.3(-3.01 %),900,44020000,18200,891115000,4863295,16.84
04/10/2023,-13100,-637815000,48.6(0.62 %),3600,175060000,16700,812875000,4876395,17.2
05/10/2023,-15100,-731015000,48.95(0.72 %),900,43980000,16000,774995000,4884195,16.7
06/10/2023,-5100,-246730000,48.75(-0.41 %),3900,188845000,9000,435575000,4889295,17.11
09/10/2023,-2900,-142430000,49.25(1.03 %),100,4880000,3000,147310000,4892195,17.09
10/10/2023,-4900,-241045000,49.5(0.51 %),4600,227330000,9500,468375000,4917295,16.48
11/10/2023,1000,48545000,51.5(4.04 %),4000,201745000,3000,153200000,4916295,16.48
12/10/2023,-8700,-448460000,51(-0.97 %),100,5160000,8800,453620000,4925695,16.42
13/10/2023,-500,-25720000,50.6(-0.78 %),0,0,500,25720000,4928695,16.4
16/10/2023,8000,399615000,49.7(-1.78 %),11900,594415000,3900,194800000,5615595,11.86
17/10/2023,10600,525765000,49.2(-1.01 %),10600,525765000,0,0,5605495,11.93
18/10/2023,-3100,-149845000,48.05(-2.34 %),0,0,3100,149845000,5609395,11.9
19/10/2023,-11600,-563900000,48.1(0.10 %),3900,188505000,15500,752405000,5605495,11.93
20/10/2023,-3900,-187095000,48.45(0.73 %),200,9690000,4100,196785000,5608395,11.91
23/10/2023,-1900,-90855000,47.65(-1.65 %),0,0,1900,90855000,5623895,11.8
24/10/2023,-400,-19150000,47(-1.36 %),500,23640000,900,42790000,5624295,12.12
25/10/2023,-900,-41235000,47(0.00 %),1800,85950000,2700,127185000,5627495,11.78
26/10/2023,-300,-13890000,45.55(-3.09 %),0,0,300,13890000,5628495,11.77
27/10/2023,-200,-9185000,45.8(0.55 %),200,9175000,400,18360000,5630995,11.76
30/10/2023,-5000,-223690000,44.5(-2.84 %),800,35680000,5800,259370000,5630495,11.76
31/10/2023,-4700,-200480000,41.6(-6.52 %),500,21160000,5200,221640000,5630395,11.76
01/11/2023,8100,338655000,42.3(1.68 %),8400,351015000,300,12360000,5627795,11.78
02/11/2023,23900,1042840000,43.5(2.84 %),27000,1174685000,3100,131845000,5603895,12.26
03/11/2023,-300,-13325000,44.1(1.38 %),0,0,300,13325000,5604195,12.25
06/11/2023,500,22005000,44.3(0.45 %),27400,1212300000,26900,1190295000,5603695,12.26
07/11/2023,6900,306115000,44.3(0.00 %),7300,323825000,400,17710000,5596795,12.3
08/11/2023,4300,191065000,45(1.58 %),4300,191065000,0,0,5597595,11.98
09/11/2023,3500,163335000,46.95(4.33 %),3500,163335000,0,0,5594495,12.0
10/11/2023,-100,-4645000,45.9(-2.24 %),800,36895000,900,41540000,5593695,12.0
13/11/2023,2700,123145000,45.35(-1.20 %),5600,255140000,2900,131995000,5588095,12.04
14/11/2023,13100,595780000,45.5(0.33 %),13100,595780000,0,0,5577895,12.43
15/11/2023,14700,692405000,46.95(3.19 %),14700,692405000,0,0,5563195,12.53
16/11/2023,0,0,46.9(-0.11 %),0,0,0,0,5563195,12.53
17/11/2023,13400,627280000,46(-1.92 %),14400,673340000,1000,46060000,5544895,12.33
20/11/2023,2000,91900000,46.4(0.87 %),2100,96465000,100,4565000,5542895,12.34
21/11/2023,6100,287070000,46.9(1.08 %),6100,287070000,0,0,5537795,12.37
22/11/2023,2200,104035000,46.85(-0.11 %),2200,104035000,0,0,5535695,12.39
23/11/2023,200,9530000,46.5(-0.75 %),700,32830000,500,23300000,5535495,12.72
24/11/2023,-23000,-1052045000,46.3(-0.43 %),0,0,23000,1052045000,5558495,12.56
27/11/2023,-800,-37035000,46.3(0.00 %),100,4605000,900,41640000,5559295,12.56
28/11/2023,-900,-41270000,46.1(-0.43 %),500,23070000,1400,64340000,5560195,12.55
29/11/2023,200,8565000,46.1(0.00 %),1300,59560000,1100,50995000,5559995,12.55
30/11/2023,-1100,-50995000,45.85(-0.54 %),0,0,1100,50995000,5561095,12.55
01/12/2023,-3500,-160255000,45.85(0.00 %),0,0,3500,160255000,5558895,12.56
04/12/2023,-20700,-958650000,46.65(1.74 %),8900,413150000,29600,1371800000,5579595,12.42
05/12/2023,-4100,-193840000,49(5.04 %),100,4840000,4200,198680000,5583695,12.39
06/12/2023,-1100,-53660000,49(0.00 %),600,28920000,1700,82580000,5584795,12.39
07/12/2023,-2200,-106675000,48.1(-1.84 %),0,0,2200,106675000,5586995,12.37
08/12/2023,300,14525000,48.25(0.31 %),300,14525000,0,0,5586695,12.37
11/12/2023,0,0,48.75(1.04 %),0,0,0,0,5586695,12.37
12/12/2023,-1900,-92840000,48.6(-0.31 %),0,0,1900,92840000,5588595,12.36
13/12/2023,-11200,-548970000,48.7(0.21 %),0,0,11200,548970000,5599795,12.28
14/12/2023,500,14475000,49.6(1.85 %),20900,1027265000,20400,1012790000,5599295,12.29
15/12/2023,-4000,-197590000,49.1(-1.01 %),0,0,4000,197590000,5603295,12.26
18/12/2023,-2500,-122550000,48(-2.24 %),100,4855000,2600,127405000,5605795,12.24
19/12/2023,5700,276275000,48.9(1.88 %),5700,276275000,0,0,5600095,12.28
20/12/2023,2600,124690000,48.65(-0.51 %),4300,207990000,1700,83300000,5597495,12.3
21/12/2023,3800,185100000,48.7(0.10 %),4000,194800000,200,9700000,5593695,12.33
22/12/2023,2000,95900000,47.9(-1.64 %),2000,95900000,0,0,5591695,12.34
25/12/2023,5000,240290000,48.1(0.42 %),7300,351010000,2300,110720000,5586695,12.37
26/12/2023,7700,371525000,48.3(0.42 %),10300,496565000,2600,125040000,5578995,12.43
27/12/2023,-16400,-792385000,48.4(0.21 %),4800,232480000,21200,1024865000,5595395,12.31
28/12/2023,-600,-28835000,48.65(0.52 %),4800,232570000,5400,261405000,5595995,12.31
29/12/2023,2300,111535000,48.95(0.62 %),2800,136220000,500,24685000,5593695,12.33
02/01/2024,13700,678220000,50.3(2.76 %),13700,678220000,0,0,5585335,12.06
03/01/2024,8200,426330000,52.2(3.78 %),22200,1142330000,14000,716000000,5585435,12.38
04/01/2024,800,42590000,51.4(-1.53 %),2900,150780000,2100,108190000,5584635,12.39
05/01/2024,1100,55560000,50.7(-1.36 %),2200,112200000,1100,56640000,5583535,12.39
08/01/2024,1200,60910000,51.1(0.79 %),1200,60910000,0,0,5582335,12.4
09/01/2024,3400,173210000,50.9(-0.39 %),3400,173210000,0,0,5571135,12.15
10/01/2024,9600,490860000,50.5(-0.79 %),9600,490860000,0,0,5561535,12.22
11/01/2024,7100,360580000,50.5(0.00 %),7100,360580000,0,0,5554435,12.26
12/01/2024,4900,244730000,49.7(-1.58 %),6700,334460000,1800,89730000,5543635,12.67
15/01/2024,-3200,-159105000,49.7(0.00 %),0,0,3200,159105000,5547735,12.31
16/01/2024,900,45240000,50.5(1.61 %),900,45240000,0,0,5548635,12.3
17/01/2024,500,25200000,50.3(-0.40 %),500,25200000,0,0,5551342,12.28
18/01/2024,8500,431720000,51.1(1.59 %),9100,462140000,600,30420000,5536935,12.71
19/01/2024,-4500,-231460000,51.2(0.20 %),1400,72440000,5900,303900000,5541435,12.68
22/01/2024,-2100,-107420000,50.8(-0.78 %),100,5090000,2200,112510000,5543535,12.67
23/01/2024,2700,137630000,51(0.39 %),2700,137630000,0,0,5540835,12.68
24/01/2024,-8200,-415630000,50.9(-0.20 %),1400,71060000,9600,486690000,5549035,12.63
25/01/2024,1500,75180000,49.75(-2.26 %),1600,80260000,100,5080000,5547535,12.64
26/01/2024,800,39605000,49.35(-0.80 %),1000,49585000,200,9980000,5546735,12.64
29/01/2024,-2600,-131030000,49.9(1.11 %),1800,89265000,4400,220295000,5550642,12.29
30/01/2024,3600,181480000,51.2(2.61 %),3600,181480000,0,0,5547242,12.31
31/01/2024,1700,86800000,50.7(-0.98 %),3300,168390000,1600,81590000,5548342,12.3
01/02/2024,5300,268840000,50.8(0.20 %),5500,279000000,200,10160000,5548342,12.63
02/02/2024,-1100,-56590000,50.7(-0.20 %),0,0,1100,56590000,5542842,12.34
05/02/2024,4100,208870000,51(0.59 %),4400,224140000,300,15270000,5539842,12.69
06/02/2024,12300,636340000,52.5(2.94 %),12300,636340000,0,0,5529042,12.43
07/02/2024,3200,168160000,52.3(-0.38 %),4800,252330000,1600,84170000,5524542,12.46
15/02/2024,4600,239470000,51.7(-1.15 %),4600,239470000,0,0,5519942,12.49
16/02/2024,500,25760000,51.2(-0.97 %),2000,103160000,1500,77400000,5519542,12.49
19/02/2024,7800,399390000,51.3(0.20 %),12100,618980000,4300,219590000,5507442,12.57
20/02/2024,2900,148250000,50.9(-0.78 %),2900,148250000,0,0,5506042,12.58
21/02/2024,2900,147200000,51.2(0.59 %),2900,147200000,0,0,5507442,12.57
22/02/2024,2400,122170000,50.8(-0.78 %),2400,122170000,0,0,5507442,12.57
23/02/2024,1600,80990000,50.5(-0.59 %),1600,80990000,0,0,5501642,12.95
26/02/2024,200,9795000,50.1(-0.79 %),500,24975000,300,15180000,5502942,12.6
27/02/2024,4900,245430000,50.3(0.40 %),4900,245430000,0,0,5496542,12.99
28/02/2024,3000,149420000,50.1(-0.40 %),3600,179660000,600,30240000,5493542,13.01
29/02/2024,-4700,-231630000,49.5(-1.20 %),1100,54240000,5800,285870000,5493642,12.67
01/03/2024,-2100,-104600000,50.3(1.62 %),0,0,2100,104600000,5493642,13.01
04/03/2024,-29805,-1492285000,50(-0.60 %),100,5000000,29905,1497285000,5523447,12.8
05/03/2024,-800,-40120000,50.1(0.20 %),300,15090000,1100,55210000,5501742,12.61
06/03/2024,-4100,-204815000,49.8(-0.60 %),400,19960000,4500,224775000,5528347,12.77
07/03/2024,-300,-15070000,49.75(-0.10 %),1000,49600000,1300,64670000,5528647,12.77
08/03/2024,-2800,-138255000,49(-1.51 %),2600,128715000,5400,266970000,5531447,12.75
11/03/2024,-8100,-395770000,48.2(-1.63 %),0,0,8100,395770000,5539547,12.69
12/03/2024,400,19545000,48.05(-0.31 %),1800,86655000,1400,67110000,5537647,12.38
13/03/2024,10800,526690000,49.9(3.85 %),12800,626370000,2000,99680000,5532947,12.41
14/03/2024,5900,291370000,49.35(-1.10 %),6400,316165000,500,24795000,5527047,12.78
15/03/2024,-900,-44775000,49.9(1.11 %),0,0,900,44775000,5527947,12.77
18/03/2024,-30800,-1537845000,49(-1.80 %),6100,306340000,36900,1844185000,5524347,12.46
19/03/2024,-8100,-398275000,48.8(-0.41 %),0,0,8100,398275000,5525247,12.46
20/03/2024,10500,513985000,49(0.41 %),10700,523815000,200,9830000,5556347,12.58
21/03/2024,5100,251820000,49.85(1.73 %),6200,306435000,1100,54615000,5551247,12.61
22/03/2024,0,-415000,50(0.30 %),1300,64485000,1300,64900000,5551247,12.61
25/03/2024,1200,60330000,50.1(0.20 %),2000,100520000,800,40190000,5551347,12.28
26/03/2024,-3100,-155145000,50(-0.20 %),600,30000000,3700,185145000,5563647,12.53
27/03/2024,2600,129085000,49.45(-1.10 %),3700,183865000,1100,54780000,5549147,12.3
28/03/2024,2900,143355000,50(1.11 %),2900,143355000,0,0,5549947,12.29
29/03/2024,-1000,-50390000,49.4(-1.20 %),200,9870000,1200,60260000,5550847,12.29
01/04/2024,-3900,-192180000,49.15(-0.51 %),2000,98380000,5900,290560000,5548847,12.3
02/04/2024,-1000,-49585000,49.1(-0.10 %),2800,137260000,3800,186845000,5551847,12.61
03/04/2024,22200,1095570000,49.15(0.10 %),22700,1120170000,500,24600000,5530447,12.42
04/04/2024,1100,52785000,48.5(-1.32 %),2400,116220000,1300,63435000,5528547,12.77
05/04/2024,3000,143195000,47.85(-1.34 %),5600,268635000,2600,125440000,5526747,12.45
08/04/2024,16700,795065000,47.35(-1.04 %),27800,1325040000,11100,529975000,5508847,12.9
09/04/2024,7300,341595000,46.9(-0.95 %),8200,384200000,900,42605000,5501547,12.95
10/04/2024,65600,3054390000,46.65(-0.53 %),65600,3054390000,0,0,5435947,13.4
11/04/2024,-11700,-539160000,46.1(-1.18 %),1300,59945000,13000,599105000,5439757,13.02
12/04/2024,300,13675000,46.4(0.65 %),1500,69190000,1200,55515000,5438257,13.03
15/04/2024,-45200,-2053730000,43.3(-6.68 %),3500,157630000,48700,2211360000,5492547,13.01
16/04/2024,4900,211925000,43.3(0.00 %),6100,263585000,1200,51660000,5487647,13.05
17/04/2024,800,34720000,43(-0.69 %),800,34720000,0,0,5491747,13.02
19/04/2024,100,4220000,42.1(-2.09 %),100,4220000,0,0,5491647,13.02
22/04/2024,-71800,-3011010000,41(-2.61 %),11700,494750000,83500,3505760000,5480156,12.76
23/04/2024,29700,1246485000,42(2.44 %),39900,1664685000,10200,418200000,5440256,13.02
24/04/2024,7100,306615000,43.7(4.05 %),7100,306615000,0,0,5526647,12.78
25/04/2024,-10100,-434480000,42.95(-1.72 %),1000,43050000,11100,477530000,5536747,12.71
26/04/2024,-16800,-716150000,43(0.12 %),0,0,16800,716150000,5525886,12.45
02/05/2024,-10300,-435455000,42.35(-1.51 %),2000,84720000,12300,520175000,5534986,12.39
03/05/2024,-1800,-76490000,42.55(0.47 %),0,0,1800,76490000,5551786,12.28
06/05/2024,6200,266055000,43.2(1.53 %),6300,270380000,100,4325000,5557816,12.24
07/05/2024,2400,103690000,43.4(0.46 %),2400,103690000,0,0,5557216,12.25
08/05/2024,-100,-9455000,44.95(3.57 %),6600,286335000,6700,295790000,5550716,12.29
09/05/2024,-14900,-669560000,44.7(-0.56 %),900,40800000,15800,710360000,5549816,12.29
10/05/2024,-5500,-246700000,44.8(0.22 %),0,0,5500,246700000,5556516,12.25
13/05/2024,-8600,-382555000,44.5(-0.67 %),0,0,8600,382555000,5572316,12.15
14/05/2024,300,13510000,44.5(0.00 %),2100,93585000,1800,80075000,5547886,12.64
15/05/2024,1700,76600000,44.95(1.01 %),2800,125495000,1100,48895000,5546186,12.65
16/05/2024,-3200,-143840000,44.9(-0.11 %),2800,126360000,6000,270200000,5549386,12.63
17/05/2024,6600,297290000,45(0.22 %),7600,342440000,1000,45150000,5574016,12.13
20/05/2024,5800,261140000,45.05(0.11 %),5800,261140000,0,0,5574216,12.13
21/05/2024,7800,351545000,44.95(-0.22 %),9300,419030000,1500,67485000,5565916,12.19
22/05/2024,3300,148065000,44.95(0.00 %),4900,219935000,1600,71870000,5561016,12.22
23/05/2024,-6500,-290495000,44.8(-0.33 %),700,31100000,7200,321595000,5561816,12.22
24/05/2024,1900,83535000,44(-1.79 %),6700,296715000,4800,213180000,5527286,12.78
27/05/2024,3000,131100000,43.9(-0.23 %),3000,131100000,0,0,5560916,12.22
28/05/2024,1900,83145000,44(0.23 %),11200,492340000,9300,409195000,5554516,12.26
29/05/2024,2100,92400000,44(0.00 %),2100,92400000,0,0,5552416,12.28
30/05/2024,45800,2029605000,44.8(1.82 %),46800,2074255000,1000,44650000,5514916,12.53
31/05/2024,-3200,-143375000,44.8(0.00 %),400,17910000,3600,161285000,5514516,12.53
03/06/2024,3600,162060000,45.1(0.67 %),11200,504620000,7600,342560000,5514516,12.86
04/06/2024,3800,172220000,46.1(2.22 %),16500,758200000,12700,585980000,5510716,12.89
05/06/2024,-30100,-1392515000,46.2(0.22 %),4100,189405000,34200,1581920000,5540816,12.68
06/06/2024,-25600,-1185660000,46.05(-0.32 %),8200,378180000,33800,1563840000,5499416,12.63
07/06/2024,-5900,-271310000,45.65(-0.87 %),2500,114150000,8400,385460000,5531116,12.42
10/06/2024,9600,431855000,45.95(0.66 %),20900,954045000,11300,522190000,5521516,12.82
11/06/2024,33100,1511000000,45.65(-0.65 %),33200,1515590000,100,4590000,5499416,12.63
12/06/2024,38000,1734800000,46(0.77 %),44000,2010800000,6000,276000000,5486516,12.71
13/06/2024,0,0,46.1(0.22 %),0,0,0,0,5483416,12.73
14/06/2024,48700,2229485000,45.75(-0.76 %),49300,2257115000,600,27630000,5440116,13.02
17/06/2024,-3500,-159860000,45.45(-0.66 %),11500,522940000,15000,682800000,5433916,13.06
18/06/2024,-18800,-854950000,45.4(-0.11 %),500,22750000,19300,877700000,5434016,13.06
19/06/2024,-56500,-2603725000,46(1.32 %),8400,387190000,64900,2990915000,5440616,13.02
20/06/2024,-2300,-106505000,46.05(0.11 %),2100,96835000,4400,203340000,5457816,12.9
21/06/2024,-8300,-382630000,46.05(0.00 %),500,23050000,8800,405680000,5522216,12.48
24/06/2024,17500,802430000,46.15(0.22 %),23700,1089150000,6200,286720000,5502916,12.6
25/06/2024,-71000,-3311235000,46.5(0.76 %),4700,219095000,75700,3530330000,5507016,12.58
26/06/2024,-700,-32690000,46.2(-0.65 %),0,0,700,32690000,5513216,12.54
27/06/2024,400,18450000,46.35(0.32 %),1600,73890000,1200,55440000,5587316,12.05
28/06/2024,2100,95495000,46(-0.76 %),2900,132515000,800,37020000,5585116,12.06
04/07/2024,6200,272225000,44.2(0.34 %),6200,272225000,0,0,5483516,0.0
05/07/2024,3700,160840000,43.5(-1.58 %),3700,160840000,0,0,5479816,0.0
08/07/2024,200,8590000,42.95(-1.26 %),200,8590000,0,0,5479616,0.0
09/07/2024,4000,172640000,43.25(0.70 %),4000,172640000,0,0,5475616,0.0
10/07/2024,-900,-38970000,43.25(0.00 %),0,0,900,38970000,5476516,0.0
11/07/2024,0,0,43.15(-0.23 %),0,0,0,0,5476516,0.0
12/07/2024,3400,146795000,43.05(-0.23 %),3400,146795000,0,0,5473116,0.0
15/07/2024,11200,486745000,43.55(1.16 %),11200,486745000,0,0,5461916,0.0
16/07/2024,400,18815000,43.9(0.80 %),3200,140755000,2800,121940000,5461516,0.0
17/07/2024,0,0,43.7(-0.46 %),0,0,0,0,5461516,0.0
18/07/2024,1300,55890000,43.05(-1.49 %),1600,68880000,300,12990000,5460216,0.0
19/07/2024,-3400,-146250000,43(-0.12 %),2000,86000000,5400,232250000,5463616,0.0
22/07/2024,-1300,-55855000,42.6(-0.93 %),400,16980000,1700,72835000,5464916,0.0
23/07/2024,4400,182310000,41.5(-2.58 %),4800,199315000,400,17005000,5460516,0.0
24/07/2024,1300,52705000,40.8(-1.69 %),2300,94005000,1000,41300000,5459216,0.0
25/07/2024,2400,97865000,40.9(0.25 %),2400,97865000,0,0,5456816,0.0
26/07/2024,700,28660000,41.5(1.47 %),1000,41095000,300,12435000,5456116,0.0
29/07/2024,-100,-4695000,41.6(0.24 %),1300,53960000,1400,58655000,5456216,0.0
30/07/2024,-100,-4695000,41.6(0.00 %),1300,53960000,1400,58655000,5456316,0.0
31/07/2024,800,32725000,41.6(0.00 %),1000,41025000,200,8300000,5455516,0.0
01/08/2024,-12000,-492115000,41(-1.44 %),600,24435000,12600,516550000,5462430,0.0
02/08/2024,-1700,-68335000,41.35(0.85 %),2000,81250000,3700,149585000,5464130,0.0
05/08/2024,200,8150000,39(-5.68 %),1400,56560000,1200,48410000,5463930,0.0
06/08/2024,900,35710000,39.9(2.31 %),1800,71055000,900,35345000,5463030,0.0
07/08/2024,-100,-3990000,40.2(0.75 %),0,0,100,3990000,5463130,0.0
08/08/2024,-300,-11940000,39.9(-0.75 %),200,8020000,500,19960000,5463430,0.0
09/08/2024,-9900,-396000000,40.05(0.38 %),100,4000000,10000,400000000,5473330,0.0
12/08/2024,-1800,-73240000,40.5(1.12 %),900,36270000,2700,109510000,5475130,0.0
13/08/2024,-2600,-105485000,40.5(0.00 %),10400,421200000,13000,526685000,5477730,0.0
14/08/2024,-29300,-1186740000,40.5(0.00 %),100,4050000,29400,1190790000,5507030,0.0
15/08/2024,-5900,-238945000,40.5(0.00 %),0,0,5900,238945000,5512930,0.0
16/08/2024,8200,336035000,40.7(0.49 %),8200,336035000,0,0,5504730,0.0
19/08/2024,-100,-4195000,41.1(0.98 %),200,8255000,300,12450000,5504830,0.0
20/08/2024,400,16560000,41.5(0.97 %),400,16560000,0,0,5504430,0.0
21/08/2024,2300,95350000,41.4(-0.24 %),2300,95350000,0,0,5502130,0.0
22/08/2024,-1300,-54320000,41.4(0.00 %),100,4140000,1400,58460000,5503430,0.0
23/08/2024,-1900,-78580000,41.4(0.00 %),0,0,1900,78580000,5505330,0.0
26/08/2024,-900,-37310000,41.3(-0.24 %),400,16520000,1300,53830000,5506230,0.0
27/08/2024,2100,87180000,41.65(0.85 %),3300,137175000,1200,49995000,5504130,0.0
28/08/2024,1100,45235000,41.6(-0.12 %),1800,74400000,700,29165000,5503030,0.0
29/08/2024,900,37050000,41.3(-0.72 %),1100,45330000,200,8280000,5502130,0.0
30/08/2024,100,4150000,41.4(0.24 %),100,4150000,0,0,5502030,0.0
04/09/2024,6600,271075000,41.15(-0.60 %),6600,271075000,0,0,5514355,0.0
05/09/2024,1100,44915000,41.15(0.00 %),1200,49035000,100,4120000,5513255,0.0
06/09/2024,-2100,-86110000,41(-0.36 %),0,0,2100,86110000,5515355,0.0
09/09/2024,-2500,-101435000,40.4(-1.46 %),100,4040000,2600,105475000,5517855,0.0
10/09/2024,-11800,-476135000,40.25(-0.37 %),0,0,11800,476135000,5529655,0.0
11/09/2024,-700,-28220000,40.35(0.25 %),0,0,700,28220000,5530355,0.0
12/09/2024,-15100,-605670000,40.2(-0.37 %),10100,410650000,25200,1016320000,5545455,0.0
13/09/2024,-34800,-1398775000,40.25(0.12 %),5200,209340000,40000,1608115000,5580255,0.0
16/09/2024,100,3960000,40(-0.62 %),1200,48070000,1100,44110000,5580155,0.0
17/09/2024,600,23970000,40.5(1.25 %),700,28000000,100,4030000,5579555,0.0
18/09/2024,0,0,40.5(0.00 %),0,0,0,0,5579555,0.0
19/09/2024,-20000,-805485000,40.25(-0.62 %),0,0,20000,805485000,5599555,0.0
20/09/2024,0,0,40.45(0.50 %),0,0,0,0,5599555,0.0
23/09/2024,-2200,-90125000,40.5(0.12 %),2300,94075000,4500,184200000,5601755,0.0
24/09/2024,-5300,-214970000,40.5(0.00 %),0,0,5300,214970000,5607055,0.0
25/09/2024,-67600,-2726800000,40.35(-0.37 %),1600,64800000,69200,2791600000,5674655,0.0
26/09/2024,-71900,-2901410000,40.8(1.12 %),2700,108945000,74600,3010355000,5746555,0.0
27/09/2024,-19500,-793940000,40.7(-0.25 %),500,20475000,20000,814415000,5766055,0.0
30/09/2024,-20000,-818135000,40.7(0.00 %),0,0,20000,818135000,5786055,0.0
01/10/2024,-5000,-205000000,41(0.74 %),0,0,5000,205000000,5739655,0.0
02/10/2024,-1600,-65260000,41(0.00 %),100,4100000,1700,69360000,5741255,0.0
03/10/2024,0,0,41(0.00 %),0,0,0,0,5741255,0.0
04/10/2024,0,0,40.9(-0.24 %),0,0,0,0,5741255,0.0
07/10/2024,-3400,-139480000,40.5(-0.98 %),200,8120000,3600,147600000,5744655,0.0
08/10/2024,800,32305000,40.5(0.00 %),800,32305000,0,0,5743855,0.0
09/10/2024,-5000,-202155000,40.4(-0.25 %),0,0,5000,202155000,5748855,0.0
10/10/2024,-18400,-741500000,40.2(-0.50 %),1600,64645000,20000,806145000,5767255,0.0
11/10/2024,-20000,-801140000,40(-0.50 %),0,0,20000,801140000,5787255,0.0
14/10/2024,0,0,40.3(0.75 %),0,0,0,0,5787255,0.0
15/10/2024,-33000,-1324155000,40.05(-0.62 %),0,0,33000,1324155000,5820255,0.0
16/10/2024,-700,-28280000,40.7(1.62 %),0,0,700,28280000,5820955,0.0
17/10/2024,0,0,40.9(0.49 %),0,0,0,0,5820955,0.0
18/10/2024,0,0,40.95(0.12 %),0,0,0,0,5820955,0.0
21/10/2024,0,0,40.85(-0.24 %),0,0,0,0,5820955,0.0
22/10/2024,7100,290035000,40.85(0.00 %),7100,290035000,0,0,5813855,0.0
23/10/2024,-22000,-897750000,41(0.37 %),0,0,22000,897750000,5835855,0.0
24/10/2024,0,0,40.9(-0.24 %),0,0,0,0,5835855,0.0
25/10/2024,0,0,41(0.24 %),0,0,0,0,5835855,0.0
28/10/2024,10000,409920000,40.85(-0.37 %),10000,409920000,0,0,5825855,0.0
29/10/2024,0,0,41(0.37 %),0,0,0,0,5825855,0.0
30/10/2024,-10000,-410000000,41(0.00 %),0,0,10000,410000000,5835855,0.0
31/10/2024,0,0,40.8(-0.49 %),0,0,0,0,5835855,0.0
01/11/2024,0,0,40.5(-0.74 %),0,0,0,0,5870855,0.0
04/11/2024,1200,48420000,40.25(-0.62 %),1200,48420000,0,0,5869655,0.0
05/11/2024,-200,-8040000,40.6(0.87 %),0,0,200,8040000,5869855,0.0
06/11/2024,0,0,40.9(0.74 %),0,0,0,0,5869855,0.0
07/11/2024,0,0,40.6(-0.73 %),0,0,0,0,5869855,0.0
08/11/2024,1200,48450000,40.25(-0.86 %),1300,52485000,100,4035000,5868655,0.0
11/11/2024,2100,85285000,40.4(0.37 %),2100,85285000,0,0,5866555,0.0
12/11/2024,-2000,-80930000,40.4(0.00 %),0,0,2000,80930000,5881755,10.1
13/11/2024,5500,219985000,40.3(-0.25 %),5800,232075000,300,12090000,5863055,0.0
14/11/2024,300,12150000,40.35(0.12 %),300,12150000,0,0,5862755,0.0
15/11/2024,1400,56575000,40.4(0.12 %),1400,56575000,0,0,5861355,0.0
18/11/2024,2700,108000000,40.25(-0.37 %),2700,108000000,0,0,5858655,0.0
19/11/2024,0,0,40.05(-0.50 %),0,0,0,0,5858655,0.0
20/11/2024,-5300,-216240000,40.45(1.00 %),0,0,5300,216240000,5863955,0.0
21/11/2024,-200,-8110000,40.5(0.12 %),0,0,200,8110000,5864155,0.0
22/11/2024,-600,-24360000,40.35(-0.37 %),0,0,600,24360000,5864755,0.0
25/11/2024,-15000,-606750000,40.4(0.12 %),0,0,15000,606750000,5874155,10.15
26/11/2024,-400,-16160000,40.75(0.87 %),0,0,400,16160000,5874755,10.15
27/11/2024,0,0,40.75(0.00 %),0,0,0,0,5889755,10.05
28/11/2024,5000,204500000,41.1(0.86 %),5000,204500000,0,0,5885155,10.08
29/11/2024,-1100,-46035000,41.7(1.46 %),0,0,1100,46035000,5885155,10.08
02/12/2024,300,12645000,42.4(1.68 %),300,12645000,0,0,5884855,10.08
03/12/2024,0,-120000,42(-0.94 %),600,25230000,600,25350000,5885355,10.08
04/12/2024,-1300,-54485000,41.75(-0.60 %),300,12510000,1600,66995000,5885055,10.08
05/12/2024,1300,54070000,42.3(1.32 %),1300,54070000,0,0,5884355,10.08
09/12/2024,3300,138730000,42.1(0.36 %),3300,138730000,0,0,5882655,10.09
10/12/2024,-2400,-100620000,43.7(3.80 %),1000,43200000,3400,143820000,5881755,10.1
16/12/2024,400,18785000,43.7(-0.57 %),1600,70805000,1200,52020000,5884455,10.08
17/12/2024,0,0,43.2(-1.14 %),0,0,0,0,5899699,9.98
18/12/2024,-700,-30555000,43.3(0.23 %),0,0,700,30555000,5900899,9.97
19/12/2024,0,0,42.8(-1.15 %),0,0,0,0,5900899,9.97
20/12/2024,100,4300000,43.5(1.64 %),100,4300000,0,0,5901499,9.97
24/12/2024,0,0,43.85(-1.13 %),0,0,0,0,5900899,9.97
25/12/2024,-1800,-82315000,44.75(2.05 %),1700,74970000,3500,157285000,5900699,9.97
26/12/2024,-1800,-80825000,44.8(0.11 %),200,9040000,2000,89865000,5900741,9.97
27/12/2024,-800,-36015000,44.4(-0.89 %),300,13485000,1100,49500000,5903941,9.95
30/12/2024,-600,-26480000,43.8(-1.35 %),0,0,600,26480000,5905941,9.94
31/12/2024,0,0,43.15(-1.48 %),0,0,0,0,5907041,9.93
02/01/2025,0,0,43.7(1.27 %),0,0,0,0,5907641,9.93
03/01/2025,300,12900000,43.3(-0.92 %),300,12900000,0,0,5907341,9.93
06/01/2025,1700,66965000,42.3(-2.31 %),3400,140040000,1700,73075000,5903941,9.95
07/01/2025,-300,-12720000,42.3(0.00 %),0,0,300,12720000,5903941,9.95
08/01/2025,0,0,42.6(0.71 %),0,0,0,0,5905641,9.94
09/01/2025,200,8525000,42.65(0.12 %),200,8525000,0,0,5905741,9.94
10/01/2025,0,0,42.8(0.35 %),0,0,0,0,5905741,9.94
13/01/2025,-100,-4280000,42.7(-0.23 %),0,0,100,4280000,5905741,9.94
14/01/2025,100,4270000,42.7(0.00 %),100,4270000,0,0,5905641,9.94
15/01/2025,1000,42810000,44.05(3.16 %),1100,47160000,100,4350000,5904641,9.95
16/01/2025,-2200,-96800000,43.75(-0.68 %),0,0,2200,96800000,5906841,0.0
17/01/2025,0,0,44.05(0.69 %),0,0,0,0,5904741,9.95
20/01/2025,-18200,-791940000,43.65(-0.91 %),0,0,18200,791940000,5906941,9.93
21/01/2025,-1300,-56595000,43.05(-1.37 %),0,0,1300,56595000,5906941,9.93
22/01/2025,-800,-34420000,42.5(-1.28 %),0,0,800,34420000,5925144,9.81
23/01/2025,-1100,-45005000,40.5(-1.22 %),0,0,1100,45005000,5926444,9.8
24/01/2025,0,0,40.5(0.00 %),0,0,0,0,5927244,9.8
03/02/2025,-1600,-62960000,0(0.00 %),4100,160060000,5700,223020000,5924244,9.82
04/02/2025,-17000,-667205000,39.3(0.00 %),1000,39420000,18000,706625000,5923244,9.82
05/02/2025,-17100,-675045000,39.5(0.51 %),0,0,17100,675045000,5928944,9.79
06/02/2025,-1100,-43805000,39.5(0.00 %),100,3960000,1200,47765000,5946844,9.67
07/02/2025,-14800,-593355000,40.05(1.39 %),2200,88415000,17000,681770000,5961744,9.57
10/02/2025,-1400,-56360000,40.1(0.12 %),0,0,1400,56360000,5962944,9.56
11/02/2025,-4900,-196430000,40.4(0.75 %),2200,88975000,7100,285405000,5977744,9.46
12/02/2025,0,0,40.7(0.74 %),0,0,0,0,5979144,9.46
13/02/2025,-300,-12185000,40.6(-0.25 %),0,0,300,12185000,5986244,9.41
14/02/2025,-2400,-98530000,40.9(0.74 %),300,12300000,2700,110830000,5985944,9.41
17/02/2025,4600,187705000,40.9(0.00 %),16900,691330000,12300,503625000,5969344,9.52
18/02/2025,1400,57330000,40.95(0.12 %),1400,57330000,0,0,5970644,9.51
19/02/2025,5700,233165000,40.95(0.00 %),6000,245450000,300,12285000,5976944,9.47
20/02/2025,5300,217135000,41.65(1.71 %),6800,279385000,1500,62250000,5970144,9.51
21/02/2025,-1700,-71515000,41.2(-1.08 %),1000,41350000,2700,112865000,5969444,9.52
24/02/2025,1000,40900000,41.3(0.24 %),1000,40900000,0,0,5969944,9.52
25/02/2025,-400,-16520000,41.3(0.00 %),0,0,400,16520000,5972644,9.5
26/02/2025,1100,45310000,41(-0.73 %),1100,45310000,0,0,5971544,9.51
27/02/2025,2300,94010000,40.9(-0.24 %),2500,102200000,200,8190000,5969444,9.52
28/02/2025,0,0,40.9(0.00 %),0,0,0,0,5969444,9.52
03/03/2025,800,32480000,40.65(-0.61 %),800,32480000,0,0,5968844,9.52
04/03/2025,-5600,-227420000,40.85(0.49 %),14600,593690000,20200,821110000,5954244,9.62
05/03/2025,1500,61090000,40.55(-0.73 %),2600,105840000,1100,44750000,5951644,9.64
06/03/2025,2000,81300000,40.6(0.12 %),2000,81300000,0,0,5969844,9.52
07/03/2025,1000,40550000,40.9(0.74 %),1000,40550000,0,0,5969944,9.52
10/03/2025,-1000,-40495000,40.25(-1.59 %),100,4055000,1100,44550000,5969844,9.52
11/03/2025,100,4010000,40.2(-0.12 %),100,4010000,0,0,5969844,9.52
12/03/2025,100,4020000,40.2(0.00 %),100,4020000,0,0,5970744,9.51
13/03/2025,900,36020000,40.2(0.00 %),900,36020000,0,0,5969844,9.52
14/03/2025,1700,67830000,39.9(-0.75 %),1700,67830000,0,0,5968144,9.53
17/03/2025,5700,226770000,39.9(0.00 %),6000,238800000,300,12030000,5962144,9.57
18/03/2025,15500,619700000,39.95(0.13 %),15500,619700000,0,0,5946644,9.67
19/03/2025,-1000,-39815000,39.7(-0.63 %),0,0,1000,39815000,5946944,9.67
20/03/2025,0,0,39.25(-1.13 %),0,0,0,0,5946944,9.67
21/03/2025,-100,-3970000,39.3(0.13 %),0,0,100,3970000,5947944,9.66
24/03/2025,-300,-11820000,39.35(0.13 %),0,0,300,11820000,5947944,9.66
25/03/2025,0,-5000,39.65(0.76 %),100,3940000,100,3945000,5947944,9.66
26/03/2025,-3600,-141190000,39.2(-1.13 %),0,0,3600,141190000,5948244,9.66
27/03/2025,0,0,39.2(0.00 %),0,0,0,0,5948344,9.66
28/03/2025,-300,-11760000,39(-0.51 %),0,0,300,11760000,5951944,9.64
31/03/2025,0,0,39(0.00 %),0,0,0,0,5951944,9.64
01/04/2025,0,0,38.7(-0.77 %),0,0,0,0,5952281,9.63
02/04/2025,0,0,39(0.78 %),0,0,0,0,5952281,9.63
03/04/2025,3900,139710000,36.5(-6.41 %),8200,300340000,4300,160630000,5944081,9.69
04/04/2025,-5000,-172940000,35.25(-3.42 %),1000,34060000,6000,207000000,5943081,9.69
08/04/2025,51100,1775750000,34.55(-1.99 %),52400,1820665000,1300,44915000,5894981,10.01
09/04/2025,21600,755700000,35(1.30 %),23700,827415000,2100,71715000,5877281,10.13
10/04/2025,0,0,37.45(7.00 %),0,0,0,0,5878581,10.12
11/04/2025,49500,1932465000,39.75(6.14 %),50700,1978065000,1200,45600000,5829981,10.44
14/04/2025,1100,42525000,38.8(-2.39 %),3400,132015000,2300,89490000,5826581,10.46
15/04/2025,22900,885295000,38.55(-0.64 %),23000,889165000,100,3870000,5804781,10.61
16/04/2025,-100,-3900000,38.6(0.13 %),0,0,100,3900000,5807081,10.59
17/04/2025,-500,-19535000,38.65(0.13 %),100,3895000,600,23430000,5807081,10.59
18/04/2025,0,0,38.55(-0.26 %),0,0,0,0,5807181,10.59
21/04/2025,0,0,38.75(0.52 %),0,0,0,0,5807781,10.59
22/04/2025,500,18500000,37.9(-2.19 %),500,18500000,0,0,5807281,10.59
23/04/2025,-10100,-385830000,38.1(0.53 %),0,0,10100,385830000,5807281,10.59
24/04/2025,-10000,-381985000,38.4(0.79 %),0,0,10000,381985000,5807281,10.59
25/04/2025,0,0,38.55(0.39 %),100,3860000,100,3860000,5817281,10.53
28/04/2025,0,0,38.55(0.00 %),0,0,0,0,5827281,10.46
29/04/2025,100,3805000,38.1(-1.17 %),100,3805000,0,0,5827281,10.46
05/05/2025,0,0,37.9(-0.52 %),0,0,0,0,5827281,10.46
06/05/2025,-400,-15180000,38.3(1.06 %),600,22770000,1000,37950000,5827281,10.46
07/05/2025,0,0,38(-0.78 %),0,0,0,0,5827281,10.46
08/05/2025,0,0,38(0.00 %),0,0,0,0,5827681,10.46
09/05/2025,2300,87790000,38(0.00 %),2300,87790000,0,0,5825381,10.47
12/05/2025,700,26600000,38.1(0.26 %),700,26600000,0,0,5824681,10.48
13/05/2025,7900,299210000,38.1(0.00 %),7900,299210000,0,0,5816781,10.53
14/05/2025,-1600,-60960000,38(-0.26 %),0,0,1600,60960000,5816781,10.53
15/05/2025,0,-478800000,38.2(0.53 %),0,0,0,478800000,5816781,10.53
16/05/2025,0,0,38.1(-0.26 %),0,0,0,0,5818381,10.52
19/05/2025,0,0,38.2(0.26 %),0,0,0,0,5830981,10.44
20/05/2025,0,0,38.15(-0.13 %),0,0,0,0,5830981,10.44
21/05/2025,0,0,38.15(0.00 %),0,0,0,0,5830981,10.44
22/05/2025,0,0,38.7(1.44 %),0,0,0,0,5830981,10.44
23/05/2025,-900,-35885000,40.8(5.43 %),900,36365000,1800,72250000,5830981,10.44
26/05/2025,0,-20500000,41.1(0.74 %),0,0,0,20500000,5830981,10.44
27/05/2025,-800,-32670000,40.9(-0.49 %),500,20500000,1300,53170000,5831881,10.43
28/05/2025,200,-59193000,41.2(0.73 %),200,8285000,0,67478000,5832381,10.43
29/05/2025,0,-12420000,41.1(-0.24 %),0,0,0,12420000,5833181,10.42
30/05/2025,1600,-107460000,42.6(3.65 %),1600,67540000,0,175000000,5834601,10.41
02/06/2025,0,-1003722300,42.9(0.70 %),0,0,0,1003722300,5834901,10.41
03/06/2025,100,4290000,42.6(-0.70 %),100,4290000,0,0,5837301,10.39
04/06/2025,1000,-21680000,43.25(1.53 %),1000,43195000,0,64875000,5860751,10.24
05/06/2025,1000,-26770000,43.2(-0.12 %),1000,43150000,0,69920000,5860751,10.24
06/06/2025,0,0,42.7(-1.16 %),0,0,0,0,5861251,10.23
09/06/2025,4300,186225000,43.3(1.41 %),4300,186225000,0,0,5857551,10.26
10/06/2025,0,-43500000,42.95(-0.81 %),0,0,0,43500000,5857551,10.26
11/06/2025,1000,42950000,43.55(1.40 %),1000,42950000,0,0,5856551,10.27
12/06/2025,-4100,-181055000,43.75(0.46 %),0,0,4100,181055000,5857551,10.26
13/06/2025,4400,189865000,43(-1.71 %),4400,189865000,0,0,5853151,10.29
16/06/2025,-5100,-218775000,43.5(1.16 %),1900,82225000,7000,301000000,5857251,10.26
17/06/2025,0,0,43.1(-0.92 %),0,0,0,0,5857251,10.26
18/06/2025,0,0,43(-0.23 %),0,0,0,0,5862351,10.23
19/06/2025,0,0,42.9(-0.23 %),0,0,0,0,5862351,10.23
20/06/2025,0,0,42.9(0.00 %),0,0,0,0,5862351,10.23
23/06/2025,1700,73130000,43.25(0.82 %),1700,73130000,0,0,5860651,10.24
24/06/2025,2900,126315000,43.2(-0.12 %),3400,148040000,500,21725000,5857751,10.26
25/06/2025,-2500,-108570000,43.3(0.23 %),0,0,2500,108570000,5857751,10.26
26/06/2025,4200,183060000,43.6(0.69 %),4200,183060000,0,0,5853551,10.29
27/06/2025,0,0,43.8(0.46 %),0,0,0,0,5856051,10.27
30/06/2025,0,0,43.9(0.23 %),0,0,0,0,5856051,10.27
01/07/2025,-500,-21765000,43.05(-1.94 %),0,0,500,21765000,5856051,10.27
02/07/2025,-6300,-269110000,42.95(-0.23 %),0,0,6300,269110000,5856051,10.27
03/07/2025,0,0,42.7(-0.58 %),0,0,0,0,5856551,10.27
04/07/2025,-800,-34240000,43(0.70 %),0,0,800,34240000,5862851,10.22
07/07/2025,-5500,-235435000,43(0.00 %),0,0,5500,235435000,5862851,10.22
08/07/2025,-3100,-134825000,43.9(2.09 %),2400,105600000,5500,240425000,5863651,10.22
09/07/2025,-2000,-86385000,43.5(-0.91 %),100,4365000,2100,90750000,5869151,10.18
10/07/2025,-1800,-78240000,42.95(-1.26 %),0,0,1800,78240000,5869151,10.18
11/07/2025,-5900,-253765000,42.5(-1.05 %),100,4250000,6000,258015000,5874251,10.15
14/07/2025,3000,127775000,42.75(0.59 %),7900,337495000,4900,209720000,5873051,10.16
15/07/2025,3000,128625000,42.5(-0.58 %),3000,128625000,0,0,5875951,10.14
16/07/2025,10100,432425000,42.65(0.35 %),10100,432425000,0,0,5865851,10.2
17/07/2025,-3500,-161395000,44.75(4.92 %),14300,630455000,17800,791850000,5865851,10.2
18/07/2025,-11800,-544645000,47.85(6.93 %),4700,217560000,16500,762205000,5865851,10.2
21/07/2025,-21400,-1045885000,48.7(1.78 %),2700,129805000,24100,1175690000,5869351,10.18
22/07/2025,10400,501160000,49(0.62 %),16000,770725000,5600,269565000,5870751,10.17
23/07/2025,-2000,-97345000,48.65(-0.71 %),1700,82765000,3700,180110000,5892151,10.03
24/07/2025,-100,-4470000,48.4(-0.51 %),2500,121630000,2600,126100000,5892151,10.03
25/07/2025,8700,418230000,48.4(0.00 %),13700,661730000,5000,243500000,5885451,10.07
28/07/2025,6100,294135000,48.45(0.10 %),6100,294135000,0,0,5879451,10.11
29/07/2025,21500,1021120000,46.35(-4.33 %),36900,1765000000,15400,743880000,5857951,10.26
30/07/2025,15300,721660000,47.5(2.48 %),15800,745150000,500,23490000,5842651,10.36
31/07/2025,-10700,-505500000,47.5(0.00 %),4400,208355000,15100,713855000,5842651,10.36
01/08/2025,11600,549335000,47.55(0.11 %),11600,549335000,0,0,5831051,10.43
04/08/2025,16200,787415000,49(3.05 %),18700,909590000,2500,122175000,5825551,10.47
05/08/2025,-2400,-119285000,47.5(-3.06 %),10700,513925000,13100,633210000,5825551,10.47
06/08/2025,15900,755880000,47.4(-0.21 %),16400,779755000,500,23875000,5809651,10.58
07/08/2025,11000,526325000,47.9(1.05 %),16200,774835000,5200,248510000,5801051,10.63
08/08/2025,500,23425000,47.5(-0.84 %),4300,204190000,3800,180765000,5800471,10.64
11/08/2025,5000,240970000,48.3(1.68 %),12000,581245000,7000,340275000,5795471,10.67
12/08/2025,10500,510850000,51.6(6.83 %),16300,796875000,5800,286025000,5784971,10.74
13/08/2025,-3100,-159500000,52(0.78 %),6800,353960000,9900,513460000,5784971,10.74
14/08/2025,1500,77950000,52(0.00 %),5600,290080000,4100,212130000,5783471,10.75
15/08/2025,-18100,-915385000,49.6(-4.62 %),1000,50600000,19100,965985000,5786571,10.73
18/08/2025,-3200,-161510000,50.6(2.02 %),0,0,3200,161510000,5786571,10.73
19/08/2025,32400,1650220000,50.8(0.40 %),32400,1650220000,0,0,5772271,10.82
20/08/2025,3400,163815000,50(-1.57 %),8200,399750000,4800,235935000,5772071,10.82
21/08/2025,16800,829280000,49.2(-1.60 %),17200,849200000,400,19920000,5755271,10.94
22/08/2025,39200,1885375000,48.75(-0.91 %),58400,2813340000,19200,927965000,5755271,10.94
25/08/2025,-6200,-299710000,49.05(0.62 %),1200,58455000,7400,358165000,5716071,11.2
