Ngay,KLGDRong,GTDGRong,ThayDoi,KLMua,GtMua,KLBan,GtBan,RoomConLai,DangSoHuu
01/03/2007,39690,1714608000,0(0.00 %),39690,1714608000,0,0,0,0.0
02/03/2007,11410,516873000,0(0.00 %),11410,516873000,0,0,0,0.0
05/03/2007,3900,185250000,0(0.00 %),3900,185250000,0,0,0,0.0
06/03/2007,0,0,0(0.00 %),0,0,0,0,0,0.0
07/03/2007,0,0,0(0.00 %),0,0,0,0,0,0.0
08/03/2007,0,0,0(0.00 %),0,0,0,0,0,0.0
09/03/2007,0,0,0(0.00 %),0,0,0,0,0,0.0
12/03/2007,11120,626980000,0(0.00 %),11320,637780000,200,10800000,0,0.0
13/03/2007,8930,491350000,0(0.00 %),20130,1107150000,11200,615800000,0,0.0
14/03/2007,34770,1925920000,55(0.00 %),34770,1925920000,0,0,0,0.0
15/03/2007,1000,52500000,52.5(-4.55 %),1000,52500000,0,0,0,0.0
16/03/2007,4900,252700000,55(4.76 %),6000,310000000,1100,57300000,0,0.0
19/03/2007,0,0,57.5(4.55 %),0,0,0,0,0,0.0
20/03/2007,-4040,-242400000,60(4.35 %),4180,250800000,8220,493200000,0,0.0
21/03/2007,-19700,-1127955000,57(-5.00 %),100,5700000,19800,1133655000,0,0.0
22/03/2007,300,16350000,54.5(-4.39 %),300,16350000,0,0,0,0.0
23/03/2007,300,15600000,52(-4.59 %),300,15600000,0,0,0,0.0
26/03/2007,0,0,49.4(-5.00 %),0,0,0,0,0,0.0
27/03/2007,15000,705000000,47(-4.86 %),15000,705000000,0,0,0,0.0
28/03/2007,0,0,44.7(-4.89 %),0,0,0,0,0,0.0
29/03/2007,-1500,-70350000,46.9(4.92 %),0,0,1500,70350000,0,0.0
30/03/2007,0,0,49.2(4.90 %),0,0,0,0,0,0.0
02/04/2007,-4900,-247500000,46.8(-4.88 %),1100,55500000,6000,303000000,0,0.0
03/04/2007,-300,-13500000,45.5(-2.78 %),0,0,300,13500000,0,0.0
04/04/2007,0,0,47.7(4.84 %),0,0,0,0,0,0.0
05/04/2007,0,0,47(-1.47 %),0,0,0,0,0,0.0
06/04/2007,0,0,46(-2.13 %),0,0,0,0,0,0.0
09/04/2007,-200,-9000000,44.5(-3.26 %),0,0,200,9000000,0,0.0
10/04/2007,-100,-4500000,45.5(2.25 %),0,0,100,4500000,0,0.0
11/04/2007,0,0,45(-1.10 %),0,0,0,0,0,0.0
12/04/2007,-300,-13200000,43(-4.44 %),0,0,300,13200000,0,0.0
13/04/2007,1000,40900000,40.9(-4.88 %),1000,40900000,0,0,0,0.0
16/04/2007,0,0,38.9(-4.89 %),0,0,0,0,0,0.0
17/04/2007,0,0,37(-4.88 %),0,0,0,0,0,0.0
18/04/2007,0,0,38.8(4.86 %),0,0,0,0,0,0.0
19/04/2007,22000,895400000,40.7(4.90 %),22000,895400000,0,0,0,0.0
20/04/2007,20000,804500000,40(-1.72 %),20000,804500000,0,0,0,0.0
23/04/2007,18400,726000000,38(-5.00 %),19900,786000000,1500,60000000,0,0.0
24/04/2007,12500,467250000,37.9(-0.26 %),12500,467250000,0,0,0,0.0
25/04/2007,7000,275500000,39(2.90 %),7000,275500000,0,0,0,0.0
02/05/2007,0,0,38.2(-2.05 %),0,0,0,0,0,0.0
03/05/2007,4000,155200000,39(2.09 %),4000,155200000,0,0,0,0.0
04/05/2007,4900,186200000,38(-2.56 %),5000,190000000,100,3800000,0,0.0
07/05/2007,5000,195000000,39(2.63 %),5000,195000000,0,0,0,0.0
08/05/2007,5700,228350000,40.1(2.82 %),6000,240500000,300,12150000,0,0.0
09/05/2007,6300,249210000,39.1(-2.49 %),12300,486210000,6000,237000000,0,0.0
10/05/2007,7790,299915000,38.5(-1.53 %),7790,299915000,0,0,0,0.0
11/05/2007,2000,78000000,39(1.30 %),2000,78000000,0,0,0,0.0
14/05/2007,1000,39500000,39.5(1.28 %),1000,39500000,0,0,0,0.0
15/05/2007,0,0,39.7(0.51 %),0,0,0,0,0,0.0
16/05/2007,3000,122500000,39(-1.76 %),5000,198500000,2000,76000000,0,0.0
17/05/2007,2500,97500000,39(0.00 %),2500,97500000,0,0,0,0.0
18/05/2007,20610,792540000,39(0.00 %),23610,909540000,3000,117000000,0,0.0
21/05/2007,5000,193940000,39(0.00 %),6000,232940000,1000,39000000,0,0.0
22/05/2007,1000,39000000,39(0.00 %),1000,39000000,0,0,0,0.0
23/05/2007,420,11220000,40.9(4.87 %),11420,460220000,11000,449000000,0,0.0
24/05/2007,14360,577272000,40.2(-1.71 %),14360,577272000,0,0,0,0.0
25/05/2007,-1010,-42319000,41.9(4.23 %),0,0,1010,42319000,0,0.0
28/05/2007,-8800,-369200000,42(0.24 %),1200,50300000,10000,419500000,0,0.0
29/05/2007,-11800,-520380000,44.1(5.00 %),0,0,11800,520380000,0,0.0
30/05/2007,-23000,-1064900000,46.3(4.99 %),6000,277800000,29000,1342700000,0,0.0
31/05/2007,-19190,-892740000,46(-0.65 %),2000,92000000,21190,984740000,0,0.0
01/06/2007,2200,99000000,44(-4.35 %),3200,145000000,1000,46000000,0,0.0
04/06/2007,0,0,42(-4.55 %),0,0,0,0,0,0.0
05/06/2007,0,0,40.5(-3.57 %),0,0,0,0,0,0.0
06/06/2007,-39010,-1552895000,40(-1.23 %),15990,634605000,55000,2187500000,0,0.0
07/06/2007,-87270,-3627210000,41(2.50 %),10580,431640000,97850,4058850000,0,0.0
08/06/2007,-23960,-965964000,40.2(-1.95 %),7000,286300000,30960,1252264000,0,0.0
11/06/2007,50,1995000,39.6(-1.49 %),200,7980000,150,5985000,0,0.0
12/06/2007,-5800,-230880000,39.8(0.51 %),1200,47720000,7000,278600000,0,0.0
13/06/2007,-6380,-253512000,39.8(0.00 %),18720,745468000,25100,998980000,0,0.0
14/06/2007,3570,144328000,39.8(0.00 %),20000,801994000,16430,657666000,0,0.0
15/06/2007,19000,770375000,40.5(1.76 %),45000,1816875000,26000,1046500000,0,0.0
18/06/2007,3620,143550000,40(-1.23 %),45500,1831250000,41880,1687700000,0,0.0
19/06/2007,18240,732775000,40(0.00 %),45000,1807500000,26760,1074725000,0,0.0
20/06/2007,13890,561416000,39.9(-0.25 %),45000,1810125000,31110,1248709000,0,0.0
21/06/2007,5000,200375000,40(0.25 %),45000,1803375000,40000,1603000000,0,0.0
22/06/2007,10000,400000000,40(0.00 %),45250,1810000000,35250,1410000000,0,0.0
25/06/2007,45000,1800000000,40(0.00 %),45000,1800000000,0,0,0,0.0
26/06/2007,27170,1086800000,40(0.00 %),45000,1800000000,17830,713200000,0,0.0
27/06/2007,0,0,39(-2.50 %),0,0,0,0,0,0.0
28/06/2007,-3000,-115800000,38.6(-1.03 %),0,0,3000,115800000,0,0.0
29/06/2007,10800,432000000,39.3(1.81 %),10800,432000000,0,0,0,0.0
02/07/2007,350,13090000,37.4(-4.83 %),350,13090000,0,0,0,0.0
03/07/2007,15000,544500000,36(-3.74 %),15000,544500000,0,0,0,0.0
04/07/2007,12360,445260000,37(2.78 %),12360,445260000,0,0,0,0.0
05/07/2007,10100,373600000,36.5(-1.35 %),10100,373600000,0,0,0,0.0
06/07/2007,16510,592709000,35.9(4.82 %),16510,592709000,0,0,0,0.0
09/07/2007,13950,502287000,36.1(0.56 %),13950,502287000,0,0,0,0.0
10/07/2007,19190,712530000,37.5(3.88 %),19190,712530000,0,0,0,0.0
11/07/2007,20000,756180000,37.5(0.00 %),20000,756180000,0,0,0,0.0
12/07/2007,20000,746323000,37.1(-1.07 %),20000,746323000,0,0,0,0.0
13/07/2007,20000,740000000,37(-0.27 %),20000,740000000,0,0,0,0.0
16/07/2007,23300,858800000,36(-2.70 %),23500,866000000,200,7200000,0,0.0
17/07/2007,10830,389880000,36(0.00 %),13630,490680000,2800,100800000,0,0.0
18/07/2007,20000,723000000,36.5(1.39 %),20000,723000000,0,0,0,0.0
19/07/2007,19450,714170000,37(1.37 %),19450,714170000,0,0,0,0.0
20/07/2007,-4130,-155875000,37.5(1.35 %),6870,254625000,11000,410500000,0,0.0
23/07/2007,10000,375000000,37(-1.33 %),20000,750000000,10000,375000000,0,0.0
24/07/2007,19950,738150000,37(0.00 %),20000,740000000,50,1850000,0,0.0
25/07/2007,18260,672180000,37(0.00 %),33260,1227180000,15000,555000000,0,0.0
26/07/2007,0,0,36.3(-1.89 %),20000,726000000,20000,726000000,0,0.0
27/07/2007,20000,728900000,36.4(0.28 %),20000,728900000,0,0,0,0.0
30/07/2007,10000,358900000,35.5(-2.47 %),20000,713900000,10000,355000000,0,0.0
31/07/2007,33540,1196472000,36(1.41 %),33540,1196472000,0,0,0,0.0
01/08/2007,20000,728470000,36.5(1.39 %),20000,728470000,0,0,0,0.0
02/08/2007,20010,735270000,37(1.37 %),20010,735270000,0,0,0,0.0
03/08/2007,20320,750470000,36(-2.70 %),20320,750470000,0,0,0,0.0
06/08/2007,16020,576720000,34.6(-3.89 %),20020,720720000,4000,144000000,0,0.0
07/08/2007,100,3450000,35(1.16 %),100,3450000,0,0,0,0.0
08/08/2007,0,0,34.6(-1.14 %),0,0,0,0,0,0.0
09/08/2007,100,3430000,35(1.16 %),100,3430000,0,0,0,0.0
10/08/2007,-750,-25875000,34.2(-2.29 %),0,0,750,25875000,0,0.0
13/08/2007,-7230,-238856000,33(-3.51 %),20,662000,7250,239518000,0,0.0
14/08/2007,0,0,33.1(0.30 %),0,0,0,0,0,0.0
15/08/2007,0,0,32.5(-1.81 %),0,0,0,0,0,0.0
16/08/2007,0,0,32(-1.54 %),0,0,0,0,0,0.0
17/08/2007,0,0,32(0.00 %),0,0,0,0,0,0.0
20/08/2007,50,1600000,32(0.00 %),50,1600000,0,0,0,0.0
21/08/2007,0,0,31(-3.12 %),0,0,0,0,0,0.0
22/08/2007,0,0,29.8(-3.87 %),0,0,0,0,0,0.0
23/08/2007,0,0,31.2(4.70 %),0,0,0,0,0,0.0
24/08/2007,-100000,-3270000000,32.7(4.81 %),0,0,100000,3270000000,0,0.0
27/08/2007,-8880,-304584000,33.5(2.45 %),0,0,8880,304584000,0,0.0
28/08/2007,100,3250000,32(-4.48 %),100,3250000,0,0,0,0.0
29/08/2007,0,0,31.5(-1.56 %),0,0,0,0,0,0.0
30/08/2007,0,0,31.8(0.95 %),0,0,0,0,0,0.0
31/08/2007,0,0,32(0.63 %),0,0,0,0,0,0.0
04/09/2007,-31910,-1037095000,32.5(1.56 %),300,9730000,32210,1046825000,0,0.0
05/09/2007,15560,511380000,32.8(0.92 %),25000,822900000,9440,311520000,0,0.0
06/09/2007,25000,819770000,32.8(0.00 %),25000,819770000,0,0,0,0.0
07/09/2007,25000,819738000,32.8(0.00 %),25000,819738000,0,0,0,0.0
10/09/2007,25200,837188000,33.5(2.13 %),25200,837188000,0,0,0,0.0
11/09/2007,43830,1525506000,35.1(4.78 %),43830,1525506000,0,0,0,0.0
12/09/2007,25000,872197000,33.6(-4.27 %),25000,872197000,0,0,0,0.0
13/09/2007,24810,846501000,34(1.19 %),25460,868601000,650,22100000,0,0.0
14/09/2007,25260,883554000,35(2.94 %),25260,883554000,0,0,0,0.0
17/09/2007,34900,1209035000,34.9(-0.29 %),34900,1209035000,0,0,0,0.0
18/09/2007,25000,870631000,34.6(-0.86 %),25000,870631000,0,0,0,0.0
19/09/2007,27900,977193000,35.1(2.63 %),28000,980673000,100,3480000,0,0.0
20/09/2007,25000,901806000,36(2.56 %),25000,901806000,0,0,0,0.0
21/09/2007,30930,1135545000,36.5(1.39 %),30930,1135545000,0,0,0,0.0
24/09/2007,33600,1226400000,36.5(0.00 %),33600,1226400000,0,0,0,0.0
25/09/2007,25000,935595000,38.3(4.93 %),25000,935595000,0,0,0,0.0
26/09/2007,22020,876615000,39.5(3.13 %),27000,1075815000,4980,199200000,0,0.0
27/09/2007,35200,1372235000,39(-1.27 %),35200,1372235000,0,0,0,0.0
28/09/2007,25200,993758000,40(2.56 %),25200,993758000,0,0,0,0.0
01/10/2007,26000,1065025000,41.5(3.75 %),26000,1065025000,0,0,0,0.0
02/10/2007,500,20750000,39.5(-4.82 %),500,20750000,0,0,0,0.0
03/10/2007,-5160,-203820000,39.5(0.00 %),300,11850000,5460,215670000,0,0.0
04/10/2007,-1000,-39000000,38.6(-2.28 %),0,0,1000,39000000,0,0.0
05/10/2007,-20130,-765154000,38(-1.55 %),0,0,20130,765154000,0,0.0
08/10/2007,0,0,38.4(1.05 %),0,0,0,0,0,0.0
09/10/2007,-9900,-378700000,38.4(0.00 %),200,7600000,10100,386300000,0,0.0
10/10/2007,-10000,-385000000,38.4(0.00 %),0,0,10000,385000000,0,0.0
11/10/2007,-27900,-1073150000,38.4(0.00 %),0,0,27900,1073150000,0,0.0
12/10/2007,-930,-35340000,38.3(-0.26 %),0,0,930,35340000,0,0.0
15/10/2007,0,0,38.8(1.31 %),0,0,0,0,0,0.0
16/10/2007,400,15200000,38.1(-1.80 %),400,15200000,0,0,0,0.0
17/10/2007,-6820,-264616000,38.5(1.05 %),0,0,6820,264616000,0,0.0
18/10/2007,0,0,37(-3.90 %),0,0,0,0,0,0.0
19/10/2007,0,0,38(2.70 %),0,0,0,0,0,0.0
22/10/2007,500,19000000,37.9(-0.26 %),500,19000000,0,0,0,0.0
23/10/2007,-1780,-66750000,37.1(-2.11 %),0,0,1780,66750000,0,0.0
24/10/2007,-2380,-87584000,37.2(0.27 %),0,0,2380,87584000,0,0.0
25/10/2007,500,19000000,37.3(0.27 %),500,19000000,0,0,0,0.0
26/10/2007,4950,183645000,37.4(0.27 %),4950,183645000,0,0,0,0.0
29/10/2007,-60,-2310000,37.2(-0.53 %),0,0,60,2310000,0,0.0
30/10/2007,-2260,-91810000,39(4.84 %),3670,139460000,5930,231270000,0,0.0
31/10/2007,0,0,40.9(4.87 %),0,0,0,0,0,0.0
01/11/2007,0,0,42.9(4.89 %),0,0,0,0,0,0.0
02/11/2007,0,0,45(4.90 %),0,0,0,0,0,0.0
05/11/2007,2940,138768000,47.2(4.89 %),2940,138768000,0,0,0,0.0
06/11/2007,14670,658683000,44.9(-4.87 %),14670,658683000,0,0,0,0.0
07/11/2007,5000,213500000,44(-2.00 %),5000,213500000,0,0,0,0.0
08/11/2007,2400,110380000,46.2(5.00 %),2500,115000000,100,4620000,0,0.0
09/11/2007,3100,137950000,44(-4.76 %),3100,137950000,0,0,0,0.0
12/11/2007,90,3780000,42(-4.55 %),90,3780000,0,0,0,0.0
13/11/2007,2880,117580000,39.9(-5.00 %),2880,117580000,0,0,0,0.0
14/11/2007,350,14630000,41.8(4.76 %),850,35530000,500,20900000,0,0.0
15/11/2007,0,0,41.5(-0.72 %),0,0,0,0,0,0.0
16/11/2007,0,0,41(-1.20 %),0,0,0,0,0,0.0
19/11/2007,4000,167900000,41(0.00 %),4000,167900000,0,0,0,0.0
20/11/2007,2800,115080000,41(0.00 %),2800,115080000,0,0,0,0.0
21/11/2007,1100,45100000,40.5(-1.22 %),1100,45100000,0,0,0,0.0
22/11/2007,3540,142100000,40.2(-0.74 %),3540,142100000,0,0,0,0.0
23/11/2007,2660,106932000,39.6(-1.49 %),2660,106932000,0,0,0,0.0
26/11/2007,200,8100000,41.5(4.80 %),200,8100000,0,0,0,0.0
27/11/2007,2000,80600000,40.7(-1.93 %),3000,122100000,1000,41500000,0,0.0
28/11/2007,0,0,41.1(0.98 %),0,0,0,0,0,0.0
29/11/2007,0,0,41.2(0.24 %),0,0,0,0,0,0.0
30/11/2007,0,0,41(-0.49 %),0,0,0,0,0,0.0
03/12/2007,-940,-39216000,41.4(0.98 %),1000,41100000,1940,80316000,0,0.0
04/12/2007,-3260,-134844000,41.4(0.00 %),0,0,3260,134844000,0,0.0
05/12/2007,-4220,-175130000,40.5(-2.17 %),0,0,4220,175130000,0,0.0
06/12/2007,0,0,40.4(-0.25 %),0,0,0,0,0,0.0
07/12/2007,12600,518500000,41.2(1.98 %),12600,518500000,0,0,0,0.0
10/12/2007,0,0,40.5(-1.70 %),0,0,0,0,0,0.0
11/12/2007,400,15600000,39(-3.70 %),400,15600000,0,0,0,0.0
12/12/2007,0,0,39.5(1.28 %),0,0,0,0,0,0.0
13/12/2007,-1000,-38600000,38.2(-3.29 %),0,0,1000,38600000,0,0.0
14/12/2007,-380,-14740000,38.4(0.52 %),0,0,380,14740000,0,0.0
17/12/2007,5010,197895000,38.4(0.00 %),5010,197895000,0,0,0,0.0
18/12/2007,0,0,38.9(1.30 %),0,0,0,0,0,0.0
19/12/2007,1600,63200000,39.7(2.06 %),1600,63200000,0,0,0,0.0
20/12/2007,0,0,39(-1.76 %),0,0,0,0,0,0.0
21/12/2007,0,0,39.1(0.26 %),0,0,0,0,0,0.0
24/12/2007,0,0,39(-0.26 %),0,0,0,0,0,0.0
25/12/2007,0,0,39(0.00 %),0,0,0,0,0,0.0
26/12/2007,400,15600000,39(0.00 %),400,15600000,0,0,0,0.0
27/12/2007,-3220,-125580000,39(0.00 %),500,19500000,3720,145080000,0,0.0
28/12/2007,-50,-1890000,39.9(2.31 %),1000,39900000,1050,41790000,0,0.0
02/01/2008,800,32160000,40(0.25 %),2500,100500000,1700,68340000,0,0.0
03/01/2008,0,0,38.5(-3.75 %),0,0,0,0,0,0.0
04/01/2008,0,0,39(1.30 %),0,0,0,0,0,0.0
07/01/2008,-1000,-37200000,37.2(-4.62 %),0,0,1000,37200000,0,0.0
08/01/2008,6440,247940000,38(2.15 %),6440,247940000,0,0,0,0.0
09/01/2008,0,0,36.5(-3.95 %),0,0,0,0,0,0.0
10/01/2008,-3000,-105000000,35(-4.11 %),0,0,3000,105000000,0,0.0
11/01/2008,0,0,35.5(1.43 %),0,0,0,0,0,0.0
14/01/2008,0,0,33.9(-4.51 %),0,0,0,0,0,0.0
15/01/2008,0,0,32.3(-4.72 %),0,0,0,0,0,0.0
16/01/2008,0,0,33.9(4.95 %),0,0,0,0,0,0.0
17/01/2008,3400,115600000,34(0.29 %),3400,115600000,0,0,0,0.0
18/01/2008,-410,-13530000,34(0.00 %),0,0,410,13530000,0,0.0
21/01/2008,0,0,32.9(-3.24 %),0,0,0,0,0,0.0
22/01/2008,-370,-12173000,32(-2.74 %),0,0,370,12173000,0,0.0
23/01/2008,-5000,-152500000,30.5(-4.69 %),0,0,5000,152500000,0,0.0
24/01/2008,-6620,-211840000,30(-1.64 %),0,0,6620,211840000,0,0.0
25/01/2008,0,0,30.9(3.00 %),0,0,0,0,0,0.0
28/01/2008,0,0,30.8(-0.32 %),0,0,0,0,0,0.0
29/01/2008,0,0,31.9(3.57 %),0,0,0,0,0,0.0
30/01/2008,0,0,33.4(4.70 %),0,0,0,0,0,0.0
31/01/2008,0,0,34.5(3.29 %),0,0,0,0,0,0.0
01/02/2008,0,0,35.5(2.90 %),0,0,0,0,0,0.0
12/02/2008,0,0,34(-4.23 %),0,0,0,0,0,0.0
13/02/2008,0,0,33(-2.94 %),0,0,0,0,0,0.0
14/02/2008,-1060,-34980000,33.6(1.82 %),0,0,1060,34980000,0,0.0
15/02/2008,0,0,33.3(-0.89 %),0,0,0,0,0,0.0
18/02/2008,0,0,31.8(-4.50 %),0,0,0,0,0,0.0
19/02/2008,0,0,33.1(4.09 %),0,0,0,0,0,0.0
20/02/2008,0,0,31.5(-4.83 %),0,0,0,0,0,0.0
21/02/2008,0,0,30(-4.76 %),0,0,0,0,0,0.0
22/02/2008,0,0,29.9(-0.33 %),0,0,0,0,0,0.0
25/02/2008,1570,49141000,31.3(4.68 %),3570,111741000,2000,62600000,0,0.0
26/02/2008,0,0,29.8(-4.79 %),0,0,0,0,0,0.0
27/02/2008,0,0,30(0.67 %),0,0,0,0,0,0.0
28/02/2008,0,0,30.5(1.67 %),0,0,0,0,0,0.0
29/02/2008,-1000,-30000000,29.6(-2.95 %),0,0,1000,30000000,0,0.0
03/03/2008,-900,-25400000,27.4(-4.86 %),100,2900000,1000,28300000,0,0.0
04/03/2008,0,0,26.1(-4.74 %),0,0,0,0,0,0.0
05/03/2008,0,0,24.8(-4.98 %),0,0,0,0,0,0.0
06/03/2008,0,0,26(4.84 %),0,0,0,0,0,0.0
07/03/2008,0,0,27.3(5.00 %),0,0,0,0,0,0.0
10/03/2008,0,0,28.3(3.66 %),0,0,0,0,0,0.0
11/03/2008,3100,83390000,26.9(-4.95 %),3100,83390000,0,0,0,0.0
12/03/2008,0,0,27.3(1.49 %),0,0,0,0,0,0.0
13/03/2008,0,0,27.3(0.00 %),0,0,0,0,0,0.0
14/03/2008,100,2700000,27(-1.10 %),100,2700000,0,0,0,0.0
17/03/2008,0,0,25.7(-4.81 %),0,0,0,0,0,0.0
18/03/2008,0,0,24.5(-4.67 %),0,0,0,0,0,0.0
19/03/2008,-3140,-73790000,23.5(-4.08 %),0,0,3140,73790000,0,0.0
20/03/2008,-2000,-47000000,23(-2.13 %),0,0,2000,47000000,0,0.0
21/03/2008,0,0,21.9(-4.78 %),0,0,0,0,0,0.0
24/03/2008,0,0,20.9(-4.57 %),0,0,0,0,0,0.0
25/03/2008,-1270,-25273000,19.9(-4.78 %),10,199000,1280,25472000,0,0.0
26/03/2008,10,202000,20.8(4.52 %),10,202000,0,0,0,0.0
27/03/2008,0,0,21(0.96 %),0,0,0,0,0,0.0
28/03/2008,0,0,21.2(0.95 %),0,0,0,0,0,0.0
31/03/2008,0,0,21.4(0.94 %),0,0,0,0,0,0.0
01/04/2008,0,0,21.6(0.93 %),0,0,0,0,0,0.0
02/04/2008,0,0,21.8(0.93 %),0,0,0,0,0,0.0
03/04/2008,0,0,22(0.92 %),0,0,0,0,0,0.0
04/04/2008,0,0,22.2(0.91 %),0,0,0,0,0,0.0
07/04/2008,0,0,22.6(1.80 %),0,0,0,0,0,0.0
08/04/2008,3010,68915000,23(1.77 %),3010,68915000,0,0,0,0.0
09/04/2008,1620,37052000,22.6(-1.74 %),1620,37052000,0,0,0,0.0
10/04/2008,20,444000,22.2(-1.77 %),20,444000,0,0,0,0.0
11/04/2008,110,2438000,21.8(-1.80 %),110,2438000,0,0,0,0.0
16/04/2008,510,10914000,21.4(-1.83 %),510,10914000,0,0,0,0.0
17/04/2008,-1970,-42210000,21.8(1.87 %),0,0,1970,42210000,0,0.0
18/04/2008,-1000,-21530000,21.4(-1.83 %),0,0,1000,21530000,0,0.0
21/04/2008,0,0,21(-1.87 %),0,0,0,0,0,0.0
22/04/2008,0,0,20.6(-1.90 %),0,0,0,0,0,0.0
23/04/2008,0,0,20.2(-1.94 %),0,0,0,0,0,0.0
24/04/2008,0,0,19.8(-1.98 %),0,0,0,0,0,0.0
25/04/2008,-4000,-78000000,19.5(-1.52 %),0,0,4000,78000000,0,0.0
28/04/2008,1400,27430000,19.8(1.54 %),1400,27430000,0,0,0,0.0
29/04/2008,900,17890000,19.5(-1.52 %),900,17890000,0,0,0,0.0
05/05/2008,1550,30525000,19.7(1.03 %),1550,30525000,0,0,0,0.0
06/05/2008,0,0,19.4(-1.52 %),0,0,0,0,0,0.0
07/05/2008,0,0,19.1(-1.55 %),0,0,0,0,0,0.0
08/05/2008,2020,37976000,18.8(-1.57 %),2020,37976000,0,0,0,0.0
09/05/2008,100,1850000,18.5(-1.60 %),100,1850000,0,0,0,0.0
12/05/2008,0,0,18.2(-1.62 %),0,0,0,0,0,0.0
13/05/2008,80,1432000,17.9(-1.65 %),80,1432000,0,0,0,0.0
14/05/2008,0,0,17.6(-1.68 %),0,0,0,0,0,0.0
15/05/2008,0,0,17.3(-1.70 %),0,0,0,0,0,0.0
16/05/2008,0,0,17(-1.73 %),0,0,0,0,0,0.0
19/05/2008,10,167000,16.7(-1.76 %),10,167000,0,0,0,0.0
20/05/2008,0,0,16.4(-1.80 %),0,0,0,0,0,0.0
21/05/2008,0,0,16.1(-1.83 %),0,0,0,0,0,0.0
22/05/2008,10,158000,15.8(-1.86 %),10,158000,0,0,0,0.0
23/05/2008,0,0,15.5(-1.90 %),0,0,0,0,0,0.0
26/05/2008,0,0,15.2(-1.94 %),0,0,0,0,0,0.0
27/05/2008,0,0,15.2(0.00 %),0,0,0,0,0,0.0
28/05/2008,0,0,15.2(0.00 %),0,0,0,0,0,0.0
29/05/2008,0,0,15.2(0.00 %),0,0,0,0,0,0.0
30/05/2008,0,0,14.9(-1.97 %),0,0,0,0,0,0.0
02/06/2008,0,0,14.7(-1.34 %),0,0,0,0,0,0.0
03/06/2008,12000,174000000,14.5(-1.36 %),12000,174000000,0,0,0,0.0
04/06/2008,12520,179036000,14.3(-1.38 %),12520,179036000,0,0,0,0.0
05/06/2008,19000,267900000,14.1(-1.40 %),19000,267900000,0,0,0,0.0
06/06/2008,20000,278000000,13.9(-1.42 %),20000,278000000,0,0,0,0.0
09/06/2008,0,0,13.7(-1.44 %),0,0,0,0,0,0.0
10/06/2008,-100,-1350000,13.7(0.00 %),0,0,100,1350000,0,0.0
11/06/2008,2000,27300000,13.7(0.00 %),2000,27300000,0,0,0,0.0
12/06/2008,800,11120000,13.9(1.46 %),800,11120000,0,0,0,0.0
13/06/2008,2550,35955000,14.1(1.44 %),2550,35955000,0,0,0,0.0
16/06/2008,1740,24882000,14.3(1.42 %),1950,27885000,210,3003000,0,0.0
17/06/2008,21720,314940000,14.5(1.40 %),21720,314940000,0,0,0,0.0
18/06/2008,3250,47767000,14.3(-1.38 %),3250,47767000,0,0,0,0.0
19/06/2008,20,278000,13.9(-2.80 %),20,278000,0,0,0,0.0
20/06/2008,10,135000,13.5(-2.88 %),10,135000,0,0,0,0.0
23/06/2008,20,262000,13.1(-2.96 %),20,262000,0,0,0,0.0
24/06/2008,1400,18760000,13.4(2.29 %),1400,18760000,0,0,0,0.0
25/06/2008,2120,29250000,13.5(0.75 %),2120,29250000,0,0,0,0.0
26/06/2008,120,1644000,13.1(-2.96 %),120,1644000,0,0,0,0.0
27/06/2008,0,0,13.4(2.29 %),0,0,0,0,0,0.0
30/06/2008,3740,51238000,13.5(0.75 %),3740,51238000,0,0,0,0.0
01/07/2008,23730,329131000,13.9(2.96 %),23730,329131000,0,0,0,0.0
02/07/2008,17380,248534000,14.3(2.88 %),17380,248534000,0,0,0,0.0
03/07/2008,20,294000,14.7(2.80 %),20,294000,0,0,0,0.0
04/07/2008,1110,16761000,15.1(2.72 %),1110,16761000,0,0,0,0.0
07/07/2008,73820,1128959000,14.7(-2.65 %),73820,1128959000,0,0,0,0.0
08/07/2008,2360,33748000,14.7(0.00 %),2360,33748000,0,0,0,0.0
09/07/2008,-9200,-138920000,15(2.04 %),10,151000,9210,139071000,0,0.0
10/07/2008,2020,30300000,15.1(0.67 %),2020,30300000,0,0,0,0.0
11/07/2008,2000,30400000,15.3(1.32 %),2000,30400000,0,0,0,0.0
14/07/2008,-20000,-314000000,15.7(2.61 %),0,0,20000,314000000,0,0.0
15/07/2008,-20500,-330050000,16.1(2.55 %),0,0,20500,330050000,0,0.0
16/07/2008,2010,32177000,16(-0.62 %),2010,32177000,0,0,0,0.0
17/07/2008,-17600,-288770000,16(0.00 %),2420,39550000,20020,328320000,0,0.0
18/07/2008,10,157000,15.6(-2.50 %),10,157000,0,0,0,0.0
21/07/2008,0,0,15.2(-2.56 %),0,0,0,0,0,0.0
22/07/2008,0,0,15.2(0.00 %),0,0,0,0,0,0.0
23/07/2008,0,0,14.8(-2.63 %),0,0,0,0,0,0.0
24/07/2008,-1210,-17424000,14.4(-2.70 %),0,0,1210,17424000,0,0.0
25/07/2008,-2000,-28000000,14(-2.78 %),0,0,2000,28000000,0,0.0
28/07/2008,-18460,-250856000,13.6(-2.86 %),500,7000000,18960,257856000,0,0.0
29/07/2008,-37840,-502513000,13.9(2.21 %),0,0,37840,502513000,0,0.0
30/07/2008,0,0,13.5(-2.88 %),0,0,0,0,0,0.0
31/07/2008,0,0,13.1(-2.96 %),0,0,0,0,0,0.0
01/08/2008,0,0,13.1(0.00 %),0,0,0,0,0,0.0
04/08/2008,20,256000,13.3(1.53 %),20,256000,0,0,0,0.0
05/08/2008,20,260000,13(-2.26 %),20,260000,0,0,0,0.0
06/08/2008,0,0,13(0.00 %),0,0,0,0,0,0.0
07/08/2008,0,0,13(0.00 %),0,0,0,0,0,0.0
08/08/2008,3780,49148000,13.1(0.77 %),3780,49148000,0,0,0,0.0
11/08/2008,-1480,-19832000,13.4(2.29 %),20,268000,1500,20100000,0,0.0
12/08/2008,20,276000,13.7(2.24 %),20,276000,0,0,0,0.0
13/08/2008,-9430,-125901000,13.3(-2.92 %),140,1910000,9570,127811000,0,0.0
14/08/2008,-1580,-20050000,13.6(2.26 %),2700,36618000,4280,56668000,0,0.0
15/08/2008,-4700,-65800000,14(2.94 %),0,0,4700,65800000,0,0.0
18/08/2008,0,0,14.5(3.57 %),0,0,0,0,0,0.0
19/08/2008,3030,43914000,13.8(-4.83 %),3030,43914000,0,0,0,0.0
20/08/2008,0,0,13.6(-1.45 %),0,0,0,0,0,0.0
21/08/2008,-2520,-34272000,14(2.94 %),40,544000,2560,34816000,0,0.0
22/08/2008,0,0,13.4(-4.29 %),0,0,0,0,0,0.0
25/08/2008,0,0,14(4.48 %),0,0,0,0,0,0.0
26/08/2008,-3200,-47040000,14.7(5.00 %),0,0,3200,47040000,0,0.0
27/08/2008,0,0,15.4(4.76 %),0,0,0,0,0,0.0
28/08/2008,-280,-4480000,14.7(-4.55 %),20,320000,300,4800000,0,0.0
29/08/2008,1050,14700000,14.7(0.00 %),1050,14700000,0,0,0,0.0
03/09/2008,-20,-308000,15.4(4.76 %),0,0,20,308000,0,0.0
04/09/2008,15240,245364000,16.1(4.55 %),15240,245364000,0,0,0,0.0
05/09/2008,-242790,-4103151000,16.9(4.97 %),0,0,242790,4103151000,0,0.0
08/09/2008,-120000,-2124000000,17.7(4.73 %),100,1770000,120100,2125770000,0,0.0
09/09/2008,-38590,-713915000,18.4(3.95 %),0,0,38590,713915000,0,0.0
10/09/2008,0,0,17.5(-4.89 %),0,0,0,0,0,0.0
11/09/2008,0,0,16.7(-4.57 %),0,0,0,0,0,0.0
12/09/2008,0,0,15.9(-4.79 %),0,0,0,0,0,0.0
15/09/2008,-6500,-99620000,15.2(-4.40 %),0,0,6500,99620000,0,0.0
16/09/2008,29260,424270000,14.5(-4.61 %),40000,580000000,10740,155730000,0,0.0
17/09/2008,-9000,-124200000,13.8(-4.83 %),30,414000,9030,124614000,0,0.0
18/09/2008,2320,30624000,13.2(-4.35 %),452950,5978940000,450630,5948316000,0,0.0
19/09/2008,-151440,-2039540000,13.8(4.55 %),2840,38784000,154280,2078324000,0,0.0
22/09/2008,-141140,-2032416000,14.4(4.35 %),10,144000,141150,2032560000,0,0.0
23/09/2008,-162850,-2231827000,13.7(-4.86 %),10040,137548000,172890,2369375000,0,0.0
24/09/2008,-106950,-1401997000,13.1(-4.38 %),5350,70085000,112300,1472082000,0,0.0
25/09/2008,-149660,-1902237000,13(-0.76 %),0,0,149660,1902237000,0,0.0
26/09/2008,-47450,-642320000,13.6(4.62 %),0,0,47450,642320000,0,0.0
29/09/2008,100,1380000,13.3(-2.21 %),100,1380000,0,0,0,0.0
30/09/2008,500,6350000,12.7(-4.51 %),500,6350000,0,0,0,0.0
01/10/2008,-10000,-127000000,13(2.36 %),0,0,10000,127000000,0,0.0
02/10/2008,0,0,13.2(4.76 %),0,0,0,0,0,0.0
03/10/2008,-3570,-49109000,13.8(4.55 %),0,0,3570,49109000,0,0.0
06/10/2008,0,0,13.8(0.00 %),0,0,0,0,0,0.0
07/10/2008,-530,-6996000,13.2(-4.35 %),0,0,530,6996000,0,0.0
08/10/2008,0,0,13(-1.52 %),0,0,0,0,0,0.0
09/10/2008,-670,-8890000,13(0.00 %),0,0,670,8890000,0,0.0
10/10/2008,3000,39000000,12.4(-4.62 %),3000,39000000,0,0,0,0.0
13/10/2008,0,0,12.4(0.00 %),0,0,0,0,0,0.0
14/10/2008,0,0,13(4.84 %),0,0,0,0,0,0.0
15/10/2008,5260,68972000,12.8(-1.54 %),5260,68972000,0,0,0,0.0
16/10/2008,-91560,-1122050000,12.2(-4.69 %),0,0,91560,1122050000,0,0.0
17/10/2008,-119510,-1432748000,11.8(-3.28 %),0,0,119510,1432748000,0,0.0
20/10/2008,-75340,-864142000,11.3(-4.24 %),40,452000,75380,864594000,0,0.0
21/10/2008,-60000,-690082000,11.6(2.65 %),0,0,60000,690082000,0,0.0
22/10/2008,-60000,-673586000,11.2(-3.45 %),0,0,60000,673586000,0,0.0
23/10/2008,-93050,-1018035000,10.7(-4.46 %),0,0,93050,1018035000,0,0.0
24/10/2008,0,0,10.7(0.00 %),0,0,0,0,0,0.0
27/10/2008,0,0,10.2(-4.67 %),0,0,0,0,0,0.0
28/10/2008,0,0,10.1(-0.98 %),0,0,0,0,0,0.0
29/10/2008,0,0,10.6(4.95 %),0,0,0,0,0,0.0
30/10/2008,0,0,11.1(4.72 %),0,0,0,0,0,0.0
31/10/2008,190,2147000,11.6(4.50 %),190,2147000,0,0,0,0.0
03/11/2008,0,0,11.5(-0.86 %),0,0,0,0,0,0.0
04/11/2008,10010,120687000,12(4.35 %),20000,239067000,9990,118380000,0,0.0
05/11/2008,0,0,12.6(5.00 %),0,0,0,0,0,0.0
06/11/2008,100,1250000,12(-4.76 %),100,1250000,0,0,0,0.0
07/11/2008,2000,22800000,12.6(5.00 %),2000,22800000,0,0,0,0.0
10/11/2008,200,2440000,12(-4.76 %),200,2440000,0,0,0,0.0
11/11/2008,0,0,11.4(-5.00 %),0,0,0,0,0,0.0
12/11/2008,0,0,10.9(-4.39 %),0,0,0,0,0,0.0
13/11/2008,0,0,10.9(0.00 %),0,0,0,0,0,0.0
14/11/2008,0,0,11.3(3.67 %),0,0,0,0,0,0.0
17/11/2008,0,0,11.1(-1.77 %),0,0,0,0,0,0.0
18/11/2008,0,0,11.2(0.90 %),0,0,0,0,0,0.0
19/11/2008,0,0,11.2(0.00 %),0,0,0,0,0,0.0
20/11/2008,0,0,10.7(-4.46 %),0,0,0,0,0,0.0
21/11/2008,0,0,10.7(0.00 %),0,0,0,0,0,0.0
24/11/2008,0,0,10.3(-3.74 %),0,0,0,0,0,0.0
25/11/2008,0,0,10.5(1.94 %),0,0,0,0,0,0.0
26/11/2008,0,0,10.3(-1.90 %),0,0,0,0,0,0.0
27/11/2008,0,0,10(-2.91 %),0,0,0,0,0,0.0
28/11/2008,0,0,10.5(5.00 %),0,0,0,0,0,0.0
01/12/2008,0,0,10.2(-2.86 %),0,0,0,0,0,0.0
02/12/2008,0,0,10.2(0.00 %),0,0,0,0,0,0.0
03/12/2008,0,0,10.3(0.98 %),0,0,0,0,0,0.0
04/12/2008,0,0,10.4(0.97 %),0,0,0,0,0,0.0
05/12/2008,200,2080000,9.9(-4.81 %),200,2080000,0,0,0,0.0
08/12/2008,0,0,9.5(-4.04 %),0,0,0,0,0,0.0
09/12/2008,-320,-3040000,9.4(-1.05 %),0,0,320,3040000,0,0.0
10/12/2008,0,0,9.4(0.00 %),0,0,0,0,0,0.0
11/12/2008,0,0,9.6(2.13 %),0,0,0,0,0,0.0
12/12/2008,0,0,10(4.17 %),0,0,0,0,0,0.0
15/12/2008,0,0,9.8(-2.00 %),0,0,0,0,0,0.0
16/12/2008,0,0,9.4(-4.08 %),0,0,0,0,0,0.0
17/12/2008,0,0,9.6(2.13 %),0,0,0,0,0,0.0
18/12/2008,0,0,9.7(1.04 %),0,0,0,0,0,0.0
19/12/2008,0,0,9.5(-2.06 %),0,0,0,0,0,0.0
22/12/2008,0,0,9.7(2.11 %),0,0,0,0,0,0.0
23/12/2008,0,0,9.7(0.00 %),0,0,0,0,0,0.0
24/12/2008,0,0,9.6(-1.03 %),0,0,0,0,0,0.0
25/12/2008,0,0,9.5(-1.04 %),0,0,0,0,0,0.0
26/12/2008,0,0,9.7(2.11 %),0,0,0,0,0,0.0
29/12/2008,0,0,10.1(4.12 %),0,0,0,0,0,0.0
30/12/2008,0,0,10.6(4.95 %),0,0,0,0,0,0.0
31/12/2008,0,0,10.5(-0.94 %),0,0,0,0,0,0.0
02/01/2009,0,0,10.3(-1.90 %),0,0,0,0,7657896,5.01
05/01/2009,0,0,10.3(0.00 %),0,0,0,0,7657896,5.01
06/01/2009,0,0,10.3(0.00 %),0,0,0,0,7657896,5.01
07/01/2009,0,0,10.6(2.91 %),0,0,0,0,7657896,5.01
08/01/2009,0,0,10.4(-1.89 %),0,0,0,0,7657896,5.01
09/01/2009,0,0,10.2(-1.92 %),0,0,0,0,7657896,5.01
12/01/2009,0,0,10.2(0.00 %),0,0,0,0,7657896,5.01
13/01/2009,0,0,10.1(-0.98 %),0,0,0,0,7657896,5.01
14/01/2009,0,0,10.4(2.97 %),0,0,0,0,7657896,5.01
15/01/2009,-5900,-60770000,10.3(-0.96 %),0,0,5900,60770000,7663796,4.98
16/01/2009,0,0,10.3(0.00 %),0,0,0,0,7663796,4.98
19/01/2009,0,0,10.3(0.00 %),0,0,0,0,7663796,4.98
20/01/2009,-4100,-42230000,10.4(0.97 %),0,0,4100,42230000,7667896,4.95
21/01/2009,0,0,10.2(-1.92 %),0,0,0,0,7667896,4.95
22/01/2009,-17730,-181019000,10.2(0.00 %),0,0,17730,181019000,7685626,4.85
23/01/2009,-62270,-629992000,10(-1.96 %),0,0,62270,629992000,7747896,4.5
02/02/2009,0,0,10.2(2.00 %),0,0,0,0,7747896,4.5
03/02/2009,0,0,10(-1.96 %),0,0,0,0,7747896,4.5
04/02/2009,0,0,10.3(3.00 %),0,0,0,0,7747896,4.5
05/02/2009,0,0,10.3(0.00 %),0,0,0,0,7747896,4.5
06/02/2009,0,0,10.3(0.00 %),0,0,0,0,7747896,4.5
09/02/2009,0,0,10.4(0.97 %),0,0,0,0,7747896,4.5
10/02/2009,0,0,10.2(-1.92 %),0,0,0,0,7747896,4.5
11/02/2009,-200,-2020000,10.3(0.98 %),0,0,200,2020000,7748096,4.49
12/02/2009,-5500,-56000000,10.2(-0.97 %),1000,10300000,6500,66300000,7753596,4.46
13/02/2009,-33500,-339850000,10.2(0.00 %),0,0,33500,339850000,7787096,4.27
16/02/2009,0,0,10.6(3.92 %),0,0,0,0,7787096,4.27
17/02/2009,0,0,10.4(-1.89 %),0,0,0,0,7787096,4.27
18/02/2009,0,0,10.4(0.00 %),0,0,0,0,7787096,4.27
19/02/2009,0,0,10.4(0.00 %),0,0,0,0,7787096,4.27
20/02/2009,2000,21000000,10.5(0.96 %),2000,21000000,0,0,7785096,4.28
23/02/2009,0,0,10.4(-0.95 %),0,0,0,0,7785096,4.28
24/02/2009,0,0,10.4(0.00 %),0,0,0,0,7785096,4.28
25/02/2009,0,0,10.7(2.88 %),0,0,0,0,7785096,4.28
26/02/2009,-2000,-21000000,10.5(-1.87 %),0,0,2000,21000000,7787096,4.27
27/02/2009,0,0,10.6(0.95 %),0,0,0,0,7787096,4.27
02/03/2009,0,0,10.6(0.00 %),0,0,0,0,7787096,4.27
03/03/2009,0,0,10.5(-0.94 %),0,0,0,0,7787096,4.27
04/03/2009,0,0,10.6(0.95 %),0,0,0,0,7787096,4.27
05/03/2009,0,0,10.7(0.94 %),0,0,0,0,7787096,4.27
06/03/2009,0,0,10.7(0.00 %),0,0,0,0,7787096,4.27
09/03/2009,0,0,10.7(0.00 %),0,0,0,0,7787096,4.27
10/03/2009,0,0,10.8(0.93 %),0,0,0,0,7787096,4.27
11/03/2009,0,0,11.1(2.78 %),0,0,0,0,7787096,4.27
12/03/2009,0,0,10.8(-2.70 %),0,0,0,0,7787096,4.27
13/03/2009,0,0,10.8(0.00 %),0,0,0,0,7787096,4.27
16/03/2009,0,0,11(1.85 %),0,0,0,0,7787096,4.27
17/03/2009,0,0,11.4(3.64 %),0,0,0,0,7787096,4.27
18/03/2009,0,0,11.9(4.39 %),0,0,0,0,7787096,4.27
19/03/2009,0,0,11.4(-4.20 %),0,0,0,0,7787096,4.27
20/03/2009,0,0,11.4(0.00 %),0,0,0,0,7787096,4.27
23/03/2009,0,0,11.4(0.00 %),0,0,0,0,7787096,4.27
24/03/2009,0,0,11.8(3.51 %),0,0,0,0,7787096,4.27
25/03/2009,0,0,11.6(-1.69 %),0,0,0,0,7787096,4.27
26/03/2009,0,0,11.7(0.86 %),0,0,0,0,7787096,4.27
27/03/2009,0,0,11.6(-0.85 %),0,0,0,0,7787096,4.27
30/03/2009,0,0,11.4(-1.72 %),0,0,0,0,7787096,4.27
31/03/2009,0,0,11.3(-0.88 %),0,0,0,0,7787096,4.27
01/04/2009,0,0,11.8(4.42 %),0,0,0,0,7787096,4.27
02/04/2009,0,0,12.1(2.54 %),0,0,0,0,7787096,4.27
03/04/2009,0,0,12.6(4.13 %),0,0,0,0,7787096,4.27
07/04/2009,0,0,13.2(4.76 %),0,0,0,0,7787096,4.27
08/04/2009,-2400,-30240000,12.6(-4.55 %),0,0,2400,30240000,7789496,4.26
09/04/2009,100,1290000,12.4(-1.59 %),100,1290000,0,0,7789396,4.26
10/04/2009,0,0,13(4.84 %),0,0,0,0,7789396,4.26
13/04/2009,280,3808000,13.6(4.62 %),280,3808000,0,0,7789116,4.26
14/04/2009,0,0,13.5(-0.74 %),0,0,0,0,7789116,4.26
15/04/2009,870,11745000,12.9(-4.44 %),870,11745000,0,0,7788246,4.26
16/04/2009,0,0,12.8(-0.78 %),0,0,0,0,7788246,4.26
17/04/2009,0,0,12.6(-1.56 %),0,0,0,0,7788246,4.26
20/04/2009,0,0,12(-4.76 %),0,0,0,0,7788246,4.26
21/04/2009,0,0,12.6(5.00 %),0,0,0,0,7788246,4.26
22/04/2009,0,0,13(3.17 %),0,0,0,0,7788246,4.26
23/04/2009,0,0,12.5(-3.85 %),0,0,0,0,7788246,4.26
24/04/2009,0,0,12.5(0.00 %),0,0,0,0,7788246,4.26
27/04/2009,2000,25600000,12.7(1.60 %),2000,25600000,0,0,7786246,4.27
28/04/2009,0,0,12.5(-1.57 %),0,0,0,0,7786246,4.27
29/04/2009,0,0,12.7(1.60 %),0,0,0,0,7786246,4.27
04/05/2009,0,0,13.3(4.72 %),0,0,0,0,7786246,4.27
05/05/2009,0,0,13.6(2.26 %),0,0,0,0,7786246,4.27
06/05/2009,-1900,-25908000,13.3(-2.21 %),100,1320000,2000,27228000,7788146,4.26
07/05/2009,0,0,13.5(1.50 %),0,0,0,0,7788146,4.26
08/05/2009,0,0,13.4(-0.74 %),0,0,0,0,7788146,4.26
11/05/2009,3600,49039000,13.4(0.00 %),3600,49039000,0,0,7784546,4.28
12/05/2009,0,0,13.7(2.24 %),0,0,0,0,7784546,4.28
13/05/2009,3000,42600000,14.3(4.38 %),3000,42600000,0,0,7781546,4.3
14/05/2009,0,0,15(4.90 %),0,0,0,0,7781546,4.3
15/05/2009,0,0,15.7(4.67 %),0,0,0,0,7781546,4.3
18/05/2009,-1900,-31160000,16.4(4.46 %),0,0,1900,31160000,7783446,4.29
19/05/2009,0,0,17.2(4.88 %),0,0,0,0,7783446,4.29
20/05/2009,2100,37800000,18(4.65 %),4100,73800000,2000,36000000,7781346,4.3
21/05/2009,0,0,18(0.00 %),0,0,0,0,7781346,4.3
22/05/2009,1860,31806000,17.1(-5.00 %),1860,31806000,0,0,7779486,4.31
25/05/2009,-500,-8600000,17.3(1.17 %),0,0,500,8600000,7779986,4.31
26/05/2009,0,0,17.3(0.00 %),0,0,0,0,7779986,4.31
27/05/2009,0,0,18.1(4.62 %),0,0,0,0,7779986,4.31
28/05/2009,10000,190000000,19(4.97 %),10000,190000000,0,0,7769986,4.37
29/05/2009,2100,38940000,18.5(-2.63 %),2100,38940000,0,0,7767886,4.38
01/06/2009,0,0,19.4(4.86 %),0,0,0,0,7767886,4.38
02/06/2009,500,10150000,20.3(4.64 %),500,10150000,0,0,7767386,4.38
03/06/2009,-6000,-127800000,21.3(4.93 %),0,0,6000,127800000,7773386,4.35
04/06/2009,0,0,22.3(4.69 %),0,0,0,0,7773386,4.35
05/06/2009,0,0,23.4(4.93 %),0,0,0,0,7773386,4.35
08/06/2009,0,0,24.5(4.70 %),0,0,0,0,7773386,4.35
09/06/2009,4680,120276000,25.7(4.90 %),10000,257000000,5320,136724000,7768706,4.38
10/06/2009,300,8300000,24.5(-4.67 %),3000,74700000,2700,66400000,7768406,4.38
11/06/2009,0,0,25.7(4.90 %),0,0,0,0,7768406,4.38
12/06/2009,0,0,26.9(4.67 %),0,0,0,0,7768406,4.38
15/06/2009,300,7680000,25.8(-4.09 %),300,7680000,0,0,7768106,4.38
16/06/2009,0,0,24.6(-4.65 %),0,0,0,0,7768106,4.38
17/06/2009,0,0,23.4(-4.88 %),0,0,0,0,7768106,4.38
18/06/2009,500,9600000,20.4(-12.82 %),500,9600000,0,0,7767606,4.38
19/06/2009,0,0,19.5(-4.41 %),0,0,0,0,7767606,4.38
22/06/2009,0,0,18.6(-4.62 %),0,0,0,0,7767606,4.38
23/06/2009,0,0,17.7(-4.84 %),0,0,0,0,7767606,4.38
24/06/2009,0,0,18.2(2.82 %),0,0,0,0,7767606,4.38
25/06/2009,0,0,17.3(-4.95 %),0,0,0,0,7767606,4.38
26/06/2009,0,0,17(-1.73 %),0,0,0,0,7767606,4.38
29/06/2009,0,0,16.8(-1.18 %),0,0,0,0,7767606,4.38
30/06/2009,0,0,16(-4.76 %),0,0,0,0,7767606,4.38
01/07/2009,0,0,15.2(-5.00 %),0,0,0,0,7767606,4.38
02/07/2009,0,0,15.7(3.29 %),0,0,0,0,7767606,4.38
03/07/2009,1000,15800000,16.3(3.82 %),1000,15800000,0,0,7766606,4.39
06/07/2009,0,0,17.1(4.91 %),0,0,0,0,7766606,4.39
07/07/2009,0,0,17.1(0.00 %),0,0,0,0,7766606,4.39
08/07/2009,0,0,16.7(-2.34 %),0,0,0,0,7766606,4.39
09/07/2009,0,0,16.7(0.00 %),0,0,0,0,7766606,4.39
10/07/2009,0,0,16.2(-2.99 %),0,0,0,0,7766606,4.39
13/07/2009,0,0,15.6(-3.70 %),0,0,0,0,7766606,4.39
14/07/2009,0,0,15.6(0.00 %),0,0,0,0,7766606,4.39
15/07/2009,0,0,15.6(0.00 %),0,0,0,0,7766606,4.39
16/07/2009,1000,16300000,16(2.56 %),1000,16300000,0,0,7765606,4.39
17/07/2009,0,0,15.6(-2.50 %),0,0,0,0,7765606,4.39
20/07/2009,200,3000000,14.9(-4.49 %),200,3000000,0,0,7765406,4.39
21/07/2009,0,0,15(0.67 %),0,0,0,0,7765406,4.39
22/07/2009,0,0,14.7(-2.00 %),0,0,0,0,7765406,4.39
23/07/2009,0,0,15.4(4.76 %),0,0,0,0,7765406,4.39
24/07/2009,0,0,16.1(4.55 %),0,0,0,0,7765406,4.39
27/07/2009,0,0,16.9(4.97 %),0,0,0,0,7765406,4.39
28/07/2009,-1000,-16200000,16.2(-4.14 %),0,0,1000,16200000,7766406,4.39
29/07/2009,0,0,16.9(4.32 %),0,0,0,0,7766406,4.39
30/07/2009,0,0,16.6(-1.78 %),0,0,0,0,7766406,4.39
31/07/2009,0,0,16.8(1.20 %),0,0,0,0,7766406,4.39
03/08/2009,0,0,16.6(-1.19 %),0,0,0,0,7766406,4.39
04/08/2009,0,0,16.7(0.60 %),0,0,0,0,7766406,4.39
05/08/2009,0,0,16.5(-1.20 %),0,0,0,0,7766406,4.39
06/08/2009,0,0,16.5(0.00 %),0,0,0,0,7766406,4.39
07/08/2009,0,0,16.7(1.21 %),0,0,0,0,7766406,4.39
10/08/2009,14500,252500000,17.5(4.79 %),14500,252500000,0,0,7751906,4.47
11/08/2009,5000,89300000,18.3(4.57 %),5000,89300000,0,0,7746906,4.5
12/08/2009,0,0,18.4(0.55 %),0,0,0,0,7746906,4.5
13/08/2009,40,736000,17.9(-2.72 %),40,736000,0,0,7746866,4.5
14/08/2009,-13000,-240500000,18.7(4.47 %),0,0,13000,240500000,7759866,4.43
17/08/2009,-2460,-46886000,18.8(3.30 %),40,764000,2500,47650000,7762326,4.41
18/08/2009,-5000,-91507000,18.4(-2.13 %),0,0,5000,91507000,7767326,4.38
19/08/2009,6200,114680000,18.6(1.09 %),6200,114680000,0,0,7761126,4.42
20/08/2009,0,0,18.5(-0.54 %),0,0,0,0,7761126,4.42
21/08/2009,640,11840000,18.5(0.00 %),640,11840000,0,0,7760486,4.42
24/08/2009,0,0,18.3(-1.08 %),0,0,0,0,7760486,4.42
25/08/2009,-2000,-36200000,17.8(-2.73 %),1000,18100000,3000,54300000,7762486,11.84
26/08/2009,0,0,18.6(4.49 %),0,0,0,0,7760486,11.85
27/08/2009,-48000,-907100000,19.5(4.84 %),0,0,48000,907100000,7808486,11.62
28/08/2009,6580,132254000,20.4(4.62 %),9580,193454000,3000,61200000,7801906,11.65
31/08/2009,0,0,20.9(2.45 %),0,0,0,0,7801906,11.65
01/09/2009,6000,120000000,20.3(-2.87 %),6000,120000000,0,0,7795906,11.68
03/09/2009,0,0,19.3(-4.93 %),0,0,0,0,7795906,11.68
04/09/2009,1890,35721000,18.5(-4.15 %),1890,35721000,0,0,7794016,11.69
07/09/2009,-3120,-59096000,19.4(4.86 %),880,16104000,4000,75200000,7797136,11.68
08/09/2009,-2580,-50252000,19.6(1.03 %),0,0,2580,50252000,7799716,11.66
09/09/2009,-1000,-19850000,19.5(-0.51 %),0,0,1000,19850000,7800716,11.66
10/09/2009,0,0,19.3(-1.03 %),0,0,0,0,7800716,11.66
11/09/2009,0,0,19.8(2.59 %),0,0,0,0,7800716,11.66
14/09/2009,-200,-4020000,20.7(4.55 %),0,0,200,4020000,7800916,11.66
15/09/2009,-27270,-591759000,21.7(4.83 %),0,0,27270,591759000,7828186,11.53
16/09/2009,0,0,20.7(-4.61 %),0,0,0,0,7828186,11.53
17/09/2009,0,0,21.2(2.42 %),0,0,0,0,7828186,11.53
18/09/2009,0,0,21.3(0.47 %),0,0,0,0,7828186,11.53
21/09/2009,0,0,22.3(4.69 %),0,0,0,0,7828186,11.53
22/09/2009,0,0,23.4(4.93 %),0,0,0,0,7828186,11.53
23/09/2009,0,0,24.5(4.70 %),0,0,0,0,7828186,11.53
24/09/2009,3500,89940000,25.7(4.90 %),3500,89940000,0,0,7824686,11.54
25/09/2009,0,0,24.9(-3.11 %),0,0,0,0,7824686,30.17
28/09/2009,0,0,24.7(-0.80 %),0,0,0,0,7824686,30.17
29/09/2009,0,0,24.2(-2.02 %),0,0,0,0,7824686,11.54
30/09/2009,0,0,23.3(-3.72 %),0,0,0,0,7824686,11.54
01/10/2009,-40,-960000,24(3.00 %),0,0,40,960000,7824726,11.54
02/10/2009,0,0,22.8(-5.00 %),0,0,0,0,7824726,11.54
05/10/2009,-6000,-136200000,22.7(-0.44 %),0,0,6000,136200000,7830726,11.51
06/10/2009,0,0,22.8(0.44 %),0,0,0,0,7830726,11.51
07/10/2009,0,0,23.9(4.82 %),0,0,0,0,7830726,11.51
08/10/2009,6220,146170000,23.8(-0.42 %),6220,146170000,0,0,7824506,11.54
09/10/2009,15040,360960000,24.2(1.68 %),15040,360960000,0,0,7809466,11.62
12/10/2009,240,5976000,25.4(4.96 %),240,5976000,0,0,7809226,11.62
13/10/2009,100,2540000,24.8(-2.36 %),100,2540000,0,0,7809126,11.62
14/10/2009,-6220,-153634000,25(0.81 %),0,0,6220,153634000,7815346,11.59
15/10/2009,-4000,-102000000,25.1(0.40 %),1000,25000000,5000,127000000,7819346,11.57
16/10/2009,-12000,-297600000,24.7(-1.59 %),0,0,12000,297600000,7852246,11.41
19/10/2009,100,2520000,25.9(4.86 %),100,2520000,0,0,7831246,11.51
20/10/2009,-1000,-27100000,27.1(4.63 %),0,0,1000,27100000,7832246,11.51
21/10/2009,-3600,-96480000,27.4(1.11 %),0,0,3600,96480000,7835846,11.49
22/10/2009,0,0,26.5(-3.28 %),0,0,0,0,7835846,11.49
23/10/2009,-4200,-116760000,26.8(1.13 %),0,0,4200,116760000,7840046,11.47
26/10/2009,-200,-5600000,27(0.75 %),0,0,200,5600000,7840246,11.47
27/10/2009,2700,72300000,26.9(-0.37 %),3000,80400000,300,8100000,7837546,11.48
28/10/2009,0,0,28.2(4.83 %),0,0,0,0,7837546,11.48
29/10/2009,400,10900000,27.5(-2.48 %),400,10900000,0,0,7837146,11.48
30/10/2009,3000,84000000,27.6(0.36 %),3000,84000000,0,0,7834146,11.5
02/11/2009,250,6625000,26.3(-4.71 %),250,6625000,0,0,7833896,11.5
03/11/2009,0,0,25(-4.94 %),0,0,0,0,7833896,11.5
04/11/2009,0,0,23.8(-4.80 %),0,0,0,0,7833896,11.5
05/11/2009,300,7140000,24.9(4.62 %),300,7140000,0,0,7833596,11.5
06/11/2009,3270,81945000,24.5(-1.61 %),3600,90360000,330,8415000,7830326,11.52
09/11/2009,0,0,23.3(-4.90 %),0,0,0,0,7830326,11.52
10/11/2009,0,0,22.8(-2.15 %),0,0,0,0,7830326,11.52
11/11/2009,0,0,23.9(4.82 %),0,0,0,0,7830326,11.52
12/11/2009,0,0,24.4(2.09 %),0,0,0,0,7830326,11.52
13/11/2009,9400,223640000,24.7(1.23 %),9400,223640000,0,0,7820926,11.56
16/11/2009,-1000,-24000000,24.1(-2.43 %),0,0,1000,24000000,7821926,11.56
17/11/2009,0,0,25.3(4.98 %),0,0,0,0,7821926,11.56
18/11/2009,0,0,25.3(0.00 %),0,0,0,0,7821926,11.56
19/11/2009,0,0,25.3(0.00 %),0,0,0,0,7821926,11.56
20/11/2009,0,0,24.5(-3.16 %),0,0,0,0,7821926,11.56
23/11/2009,0,0,24(-2.04 %),0,0,0,0,7821926,11.56
24/11/2009,0,0,23.3(-2.92 %),0,0,0,0,7821926,11.56
25/11/2009,-600,-13980000,22.2(-4.72 %),0,0,600,13980000,7822526,11.55
26/11/2009,0,0,21.1(-4.95 %),0,0,0,0,7822526,11.55
27/11/2009,0,0,20.5(-2.84 %),0,0,0,0,7822526,11.55
30/11/2009,0,0,21.5(4.88 %),0,0,0,0,7822526,11.55
01/12/2009,0,0,22.5(4.65 %),0,0,0,0,7822526,11.55
02/12/2009,0,0,21.4(-4.89 %),0,0,0,0,7822526,11.55
03/12/2009,1500,30900000,22(2.80 %),1500,30900000,0,0,7821026,11.56
04/12/2009,0,0,21.6(-1.82 %),0,0,0,0,7821026,11.56
07/12/2009,100,2160000,21.1(-2.31 %),100,2160000,0,0,7820926,11.56
08/12/2009,-22430,-455793000,20.1(-4.74 %),200,4020000,22630,459813000,7843356,11.45
09/12/2009,100,1910000,19.1(-4.98 %),100,1910000,0,0,7843256,11.45
10/12/2009,-5850,-108240000,18.2(-4.71 %),3000,54600000,8850,162840000,7849106,11.43
11/12/2009,0,0,14.2(0.71 %),0,0,0,0,7849106,11.43
14/12/2009,-600,-8760000,14.9(4.93 %),0,0,600,8760000,7849706,11.42
15/12/2009,-2100,-32130000,15(0.67 %),2000,30600000,4100,62730000,7851806,11.41
16/12/2009,27810,421312000,14.3(-4.67 %),27810,421312000,0,0,7823996,11.55
17/12/2009,1000,13600000,13.8(-3.50 %),1000,13600000,0,0,7822996,11.55
18/12/2009,1000,14100000,14.4(4.35 %),1000,14100000,0,0,7821996,11.56
21/12/2009,0,0,15.1(4.86 %),0,0,0,0,7821996,11.56
22/12/2009,0,0,14.9(-1.32 %),0,0,0,0,7821996,11.56
23/12/2009,80,1176000,15(0.67 %),80,1176000,0,0,7821916,11.56
24/12/2009,0,0,14.8(-1.33 %),0,0,0,0,7821916,11.56
25/12/2009,0,0,15.4(4.05 %),0,0,0,0,7821916,11.56
28/12/2009,0,0,14.9(-3.25 %),0,0,0,0,7821916,11.56
29/12/2009,0,0,14.8(-0.67 %),0,0,0,0,7821916,11.56
30/12/2009,400,6080000,14.6(-1.35 %),400,6080000,0,0,7821516,11.56
31/12/2009,1000,15000000,15(2.74 %),1000,15000000,0,0,7820516,11.56
04/01/2010,4600,71980000,15.7(4.67 %),4600,71980000,0,0,7815916,11.59
05/01/2010,0,0,16(1.91 %),0,0,0,0,7815916,11.59
06/01/2010,10,157000,15.7(-1.88 %),10,157000,0,0,7815906,11.59
07/01/2010,1200,18840000,15.4(-1.91 %),1200,18840000,0,0,7814706,11.59
08/01/2010,0,0,15.1(-1.95 %),0,0,0,0,7814706,11.59
11/01/2010,0,0,15(-0.66 %),0,0,0,0,7814706,11.59
12/01/2010,7000,102200000,14.4(-4.00 %),7000,102200000,0,0,7807706,11.62
13/01/2010,-4270,-60980000,14.9(3.47 %),1000,14400000,5270,75380000,7811976,11.6
14/01/2010,0,0,14.4(-3.36 %),0,0,0,0,7811976,11.6
15/01/2010,-3000,-43200000,14.4(0.00 %),0,0,3000,43200000,7814976,11.59
18/01/2010,3450,48100000,13.7(-4.86 %),6450,90100000,3000,42000000,7811526,11.61
19/01/2010,-130,-1781000,13.8(0.73 %),0,0,130,1781000,7811656,11.61
20/01/2010,-140,-1960000,13.7(-0.72 %),0,0,140,1960000,7811796,11.61
21/01/2010,0,0,13.2(-3.65 %),0,0,0,0,7811796,11.61
22/01/2010,0,0,13.2(0.00 %),0,0,0,0,7811796,11.61
25/01/2010,0,0,13(-1.52 %),0,0,0,0,7811796,11.61
26/01/2010,-520,-6864000,13.6(4.62 %),0,0,520,6864000,7812316,11.6
27/01/2010,10000,137000000,13.5(-0.74 %),10000,137000000,0,0,7802316,11.65
28/01/2010,740,9990000,13.5(0.00 %),740,9990000,0,0,7801576,11.65
29/01/2010,0,0,13.6(0.74 %),0,0,0,0,7801576,11.65
01/02/2010,0,0,13.7(0.74 %),0,0,0,0,7801576,11.65
02/02/2010,-5000,-68500000,13.6(-0.73 %),0,0,5000,68500000,7806576,11.63
03/02/2010,-300,-4080000,13.5(-0.74 %),0,0,300,4080000,7806876,11.63
04/02/2010,960,12960000,13.7(1.48 %),1000,13500000,40,540000,7805916,11.63
05/02/2010,-5700,-76410000,13.4(-2.19 %),1000,13400000,6700,89810000,7811616,11.61
08/02/2010,0,0,13.4(0.00 %),0,0,0,0,7811616,11.61
09/02/2010,0,0,13.4(0.00 %),0,0,0,0,7811616,11.61
10/02/2010,0,0,13.5(0.75 %),0,0,0,0,7811616,11.61
11/02/2010,0,0,13.8(2.22 %),0,0,0,0,7811616,11.61
12/02/2010,0,0,14.3(3.62 %),0,0,0,0,7811616,11.61
22/02/2010,90,1287000,13.9(-2.80 %),90,1287000,0,0,7811526,11.61
23/02/2010,0,0,13.6(-2.16 %),0,0,0,0,7811526,11.61
24/02/2010,0,0,13.8(1.47 %),0,0,0,0,7811526,11.61
25/02/2010,0,0,13.9(0.72 %),0,0,0,0,7811526,11.61
26/02/2010,0,0,14.5(4.32 %),0,0,0,0,9364382,11.61
01/03/2010,0,0,15.2(4.83 %),0,0,0,0,9364382,4.17
02/03/2010,-6000,-88800000,14.7(-3.29 %),0,0,6000,88800000,9370382,4.14
03/03/2010,0,0,14.4(-2.04 %),0,0,0,0,9370382,4.14
04/03/2010,0,0,14.3(-0.69 %),0,0,0,0,9370382,4.14
05/03/2010,0,0,14.4(0.70 %),0,0,0,0,9370382,4.14
08/03/2010,0,0,14.4(0.00 %),0,0,0,0,9370382,4.14
09/03/2010,0,0,14.3(-0.69 %),0,0,0,0,9370382,4.14
10/03/2010,0,0,14.1(-1.40 %),0,0,0,0,9370382,26.45
11/03/2010,-55010,-769987000,14(-0.71 %),0,0,55010,769987000,18738639,3.9
12/03/2010,-87500,-1220600000,13.9(-0.71 %),500,7000000,88000,1227600000,18826139,3.69
15/03/2010,-65000,-913810000,14.1(1.44 %),23000,323300000,88000,1237110000,18891139,3.54
16/03/2010,-100320,-1447798000,14.8(4.96 %),130,1833000,100450,1449631000,18991459,3.29
17/03/2010,0,0,14.3(-3.38 %),0,0,0,0,18991459,3.29
18/03/2010,0,0,14.3(0.00 %),0,0,0,0,18991459,3.29
19/03/2010,0,0,14(-2.10 %),0,0,0,0,18991459,3.29
22/03/2010,0,0,13.8(-1.43 %),0,0,0,0,18991459,3.29
23/03/2010,0,0,13.6(-1.45 %),0,0,0,0,18991459,3.29
24/03/2010,0,0,13.7(0.74 %),0,0,0,0,18991459,3.29
25/03/2010,0,0,13.3(-2.92 %),0,0,0,0,18991459,3.29
26/03/2010,0,0,13.2(-0.75 %),0,0,0,0,18991459,3.29
29/03/2010,0,0,13.3(0.76 %),0,0,0,0,18991459,3.29
30/03/2010,0,0,13.4(0.75 %),0,0,0,0,18991459,3.29
31/03/2010,0,0,13.3(-0.75 %),0,0,0,0,18991459,3.29
01/04/2010,0,0,13.4(0.75 %),0,0,0,0,18991459,3.29
02/04/2010,0,0,13.2(-1.49 %),0,0,0,0,18991459,3.29
05/04/2010,-200,-2660000,13.3(0.76 %),0,0,200,2660000,18991659,3.29
06/04/2010,0,0,13.2(-0.75 %),0,0,0,0,18991659,3.29
07/04/2010,0,0,13.4(1.52 %),0,0,0,0,18991659,3.29
08/04/2010,0,0,13.6(1.49 %),0,0,0,0,18991659,3.29
09/04/2010,620,8804000,14.2(4.41 %),620,8804000,0,0,18991039,3.29
12/04/2010,0,0,13.9(-2.11 %),0,0,0,0,18991039,3.29
13/04/2010,0,0,13.8(-0.72 %),0,0,0,0,18991039,3.29
14/04/2010,0,0,13.8(0.00 %),0,0,0,0,18991039,3.29
15/04/2010,380,5206000,13.7(-0.72 %),380,5206000,0,0,18990659,3.3
16/04/2010,10000,138000000,13.7(0.00 %),10000,138000000,0,0,18980659,3.32
19/04/2010,0,0,13.6(-0.73 %),0,0,0,0,18980659,3.32
20/04/2010,-900,-12240000,13.8(1.47 %),0,0,900,12240000,18981559,3.32
21/04/2010,-7000,-97300000,13.9(0.72 %),0,0,7000,97300000,18988559,3.3
22/04/2010,0,0,13.9(0.00 %),0,0,0,0,18988559,3.3
26/04/2010,2400,33600000,13.8(-0.72 %),2400,33600000,0,0,18983759,3.31
27/04/2010,0,0,13.7(-0.72 %),0,0,0,0,18986159,3.31
28/04/2010,0,0,13.7(0.00 %),0,0,0,0,18986159,3.31
29/04/2010,0,0,13.8(0.73 %),0,0,0,0,18986159,3.31
04/05/2010,20810,291440000,14.1(2.17 %),20810,291440000,0,0,18965349,3.36
05/05/2010,0,0,14.1(0.00 %),0,0,0,0,18965349,3.36
06/05/2010,-2000,-28900000,14.8(4.96 %),5000,74000000,7000,102900000,18967349,3.35
07/05/2010,5000,72700000,14.6(-1.35 %),8000,117100000,3000,44400000,18962349,3.36
10/05/2010,1190,15093000,14.3(-2.05 %),7000,100500000,5810,85407000,18961159,3.37
12/05/2010,-5000,-71500000,13.7(-4.86 %),0,0,5000,71500000,18966159,3.35
13/05/2010,-1500,-20650000,13.9(1.46 %),500,6950000,2000,27600000,18967659,3.35
14/05/2010,0,0,13.7(-1.44 %),0,0,0,0,18967659,3.35
17/05/2010,3000,40800000,13.4(-2.19 %),3000,40800000,0,0,18964659,3.36
18/05/2010,-200,-2600000,12.8(0.00 %),0,0,200,2600000,18964859,3.36
19/05/2010,-85500,-1046505000,12.2(-4.69 %),4500,56000000,90000,1102505000,19050359,3.15
20/05/2010,-65000,-780500000,12(-1.64 %),0,0,65000,780500000,19115359,3.0
21/05/2010,-49530,-566939000,11.4(-5.00 %),0,0,49530,566939000,19164889,2.88
24/05/2010,-82470,-959399000,11.8(3.51 %),3000,34500000,85470,993899000,19247359,2.68
25/05/2010,-10000,-118000000,11.8(0.00 %),0,0,10000,118000000,19257359,2.65
26/05/2010,-380,-4636000,12.1(2.54 %),0,0,380,4636000,19257739,2.65
27/05/2010,2000,24000000,11.9(-1.65 %),2000,24000000,0,0,19255739,2.66
28/05/2010,0,0,12.4(4.20 %),0,0,0,0,19255739,2.66
31/05/2010,4000,48400000,12(-3.23 %),4000,48400000,0,0,19251739,2.67
01/06/2010,500,6000000,12(0.00 %),500,6000000,0,0,19251239,2.67
02/06/2010,8000,97400000,12.2(1.67 %),8000,97400000,0,0,19243239,2.69
03/06/2010,0,0,12.3(0.82 %),0,0,0,0,19243239,2.69
04/06/2010,0,0,12(-2.44 %),0,0,0,0,19243239,2.69
07/06/2010,-1500,-17700000,11.7(-2.50 %),0,0,1500,17700000,19244739,2.68
08/06/2010,-30000,-351600000,11.7(0.00 %),0,0,30000,351600000,19274739,2.61
09/06/2010,-4250,-50575000,11.7(0.00 %),0,0,4250,50575000,19278989,2.6
10/06/2010,-2190,-25842000,11.8(0.85 %),0,0,2190,25842000,19281179,2.6
11/06/2010,-24560,-293220000,11.8(0.00 %),0,0,24560,293220000,19305739,2.54
14/06/2010,-7000,-85800000,12.3(4.24 %),0,0,7000,85800000,19312739,2.52
15/06/2010,0,0,12.3(0.00 %),0,0,0,0,19312739,2.52
16/06/2010,100,1230000,12.3(0.00 %),100,1230000,0,0,19312639,2.52
17/06/2010,0,0,12.3(0.00 %),0,0,0,0,19312639,2.52
18/06/2010,-260,-3173000,12.2(-0.81 %),10,121000,270,3294000,19312899,2.52
21/06/2010,1000,12800000,12.5(2.46 %),4000,50000000,3000,37200000,19311899,2.52
22/06/2010,0,0,12.2(-2.40 %),0,0,0,0,19311899,2.52
23/06/2010,0,0,12.1(-0.82 %),0,0,0,0,19311899,2.52
24/06/2010,100,1220000,12.3(1.65 %),100,1220000,0,0,19311799,2.52
25/06/2010,0,0,12(-2.44 %),0,0,0,0,19311799,2.52
28/06/2010,0,0,11.9(-0.83 %),0,0,0,0,19311799,2.52
29/06/2010,0,0,12(0.84 %),0,0,0,0,19311799,2.52
30/06/2010,-30,-351000,11.7(-2.50 %),0,0,30,351000,19311829,2.52
01/07/2010,0,0,11.6(-0.85 %),0,0,0,0,19311829,2.52
02/07/2010,0,0,11.8(1.72 %),0,0,0,0,19311829,2.52
05/07/2010,300,3540000,11.8(0.00 %),300,3540000,0,0,19311529,2.52
06/07/2010,0,0,11.6(-1.69 %),0,0,0,0,19311529,2.52
07/07/2010,0,0,11.5(-0.86 %),0,0,0,0,19311529,2.52
08/07/2010,0,0,11.6(0.87 %),0,0,0,0,19311529,2.52
09/07/2010,-12870,-150579000,11.6(0.00 %),0,0,12870,150579000,19324399,2.49
12/07/2010,-10150,-118955000,11.7(0.86 %),2000,23200000,12150,142155000,19334549,2.47
13/07/2010,0,0,11.8(0.85 %),0,0,0,0,19334549,2.47
14/07/2010,-4520,-54043000,11.9(0.85 %),30,357000,4550,54400000,19339069,2.46
15/07/2010,-4450,-52510000,11.8(-0.84 %),0,0,4450,52510000,19343519,2.45
16/07/2010,0,0,11.8(0.00 %),0,0,0,0,19343519,2.45
19/07/2010,-2000,-23600000,11.8(0.00 %),0,0,2000,23600000,19345519,2.44
20/07/2010,0,0,12.3(4.24 %),0,0,0,0,19345519,2.44
21/07/2010,0,0,12.9(4.88 %),0,0,0,0,19345519,2.44
22/07/2010,1020,14762000,13.1(1.55 %),5020,66762000,4000,52000000,19344499,2.44
23/07/2010,2000,26200000,12.8(-2.29 %),2000,26200000,0,0,19342499,2.45
26/07/2010,0,0,12.6(-1.56 %),0,0,0,0,19342499,2.45
27/07/2010,2000,25200000,12.4(-1.59 %),2000,25200000,0,0,19340499,2.45
28/07/2010,-3000,-37200000,12.1(-2.42 %),0,0,3000,37200000,19343499,2.45
29/07/2010,0,0,12.7(4.96 %),0,0,0,0,19343499,2.45
30/07/2010,100,1280000,12.6(-0.79 %),100,1280000,0,0,19343399,2.45
02/08/2010,-50,-625000,12.5(-0.79 %),0,0,50,625000,19343449,2.45
03/08/2010,5500,68750000,12.2(-2.40 %),5500,68750000,0,0,19337949,2.46
04/08/2010,0,0,12.5(2.46 %),0,0,0,0,19337949,2.46
05/08/2010,0,0,12.3(-1.60 %),0,0,0,0,19337949,2.46
06/08/2010,0,0,12.3(0.00 %),0,0,0,0,19337949,2.46
09/08/2010,0,0,12(-2.44 %),0,0,0,0,19337949,2.46
10/08/2010,0,0,11.7(-2.50 %),0,0,0,0,19337949,2.46
11/08/2010,0,0,11.8(0.85 %),0,0,0,0,0,49.0
12/08/2010,0,0,11.4(-3.39 %),0,0,0,0,19337949,2.46
13/08/2010,3000,34200000,11.9(4.39 %),3000,34200000,0,0,19334949,2.47
16/08/2010,3000,36000000,12.3(3.36 %),3000,36000000,0,0,19331949,2.47
17/08/2010,-100,-1220000,12(-2.44 %),0,0,100,1220000,100,0.0
18/08/2010,-8300,-99600000,11.8(-1.67 %),0,0,8300,99600000,19340349,2.45
19/08/2010,0,0,11.8(0.00 %),0,0,0,0,0,0.0
20/08/2010,0,0,12(1.69 %),0,0,0,0,0,20360136.0
23/08/2010,0,0,11.7(-2.50 %),0,0,0,0,0,0.0
24/08/2010,-10,-115000,11.3(-3.42 %),0,0,10,115000,10,49.0
25/08/2010,0,0,11.3(0.00 %),0,0,0,0,10,49.0
26/08/2010,2000,22400000,11.3(0.00 %),2000,22400000,0,0,0,49.0
27/08/2010,300,3360000,11.3(0.00 %),300,3360000,0,0,0,49.01
30/08/2010,-230,-2701000,11.8(4.42 %),0,0,230,2701000,0,49.0
31/08/2010,0,0,11.9(0.85 %),0,0,0,0,0,49.0
01/09/2010,0,0,11.8(-0.84 %),0,0,0,0,0,49.0
06/09/2010,0,0,12(1.69 %),0,0,0,0,19293859,49.0
07/09/2010,0,0,11.8(-1.67 %),0,0,0,0,0,49.0
08/09/2010,19000,222300000,11.7(-0.85 %),19000,222300000,0,0,0,49.05
09/09/2010,0,0,11.9(1.71 %),0,0,0,0,0,49.05
10/09/2010,0,0,11.6(-2.52 %),0,0,0,0,0,49.05
13/09/2010,0,0,11.5(-0.86 %),0,0,0,0,0,49.05
14/09/2010,0,0,11.6(0.87 %),0,0,0,0,0,49.05
15/09/2010,0,0,11.5(-0.86 %),0,0,0,0,0,49.05
16/09/2010,0,0,11.6(0.87 %),0,0,0,0,0,49.05
17/09/2010,0,0,11.8(1.72 %),0,0,0,0,0,49.05
20/09/2010,500,5800000,11.6(-1.69 %),500,5800000,0,0,0,49.05
21/09/2010,0,0,11.6(0.00 %),0,0,0,0,0,49.05
22/09/2010,-1000,-11600000,11.6(0.00 %),0,0,1000,11600000,0,49.05
23/09/2010,0,0,11.5(-0.86 %),0,0,0,0,0,49.05
24/09/2010,0,0,11.5(0.00 %),0,0,0,0,0,49.05
27/09/2010,0,0,11.5(0.00 %),0,0,0,0,0,49.05
28/09/2010,0,0,11.6(0.87 %),0,0,0,0,0,49.05
29/09/2010,0,0,11.5(-0.86 %),0,0,0,0,0,49.05
30/09/2010,0,0,11.4(-0.87 %),0,0,0,0,19275359,49.05
01/10/2010,1000,11400000,11.4(0.00 %),1000,11400000,0,0,19274359,2.61
04/10/2010,-5000,-56000000,11.3(-0.88 %),0,0,5000,56000000,19279359,2.6
05/10/2010,50000,565000000,11.4(0.88 %),50000,565000000,0,0,19229359,2.72
06/10/2010,0,0,11.4(0.00 %),0,0,0,0,19229359,2.72
07/10/2010,-6170,-70338000,11.2(-1.75 %),0,0,6170,70338000,19235529,2.71
08/10/2010,-60620,-675802000,11.1(-0.89 %),1450,16515000,62070,692317000,19296149,2.56
11/10/2010,-35630,-396464000,11.1(0.00 %),0,0,35630,396464000,19331779,2.47
12/10/2010,-139410,-1504838000,10.8(-2.70 %),0,0,139410,1504838000,19471189,2.14
13/10/2010,-159110,-1701437000,10.8(0.00 %),3000,32400000,162110,1733837000,19630299,1.76
14/10/2010,-73290,-801254000,11(1.85 %),0,0,73290,801254000,19703589,1.58
15/10/2010,20000,228000000,11.4(3.64 %),20000,228000000,0,0,19683589,1.63
18/10/2010,0,0,11.3(-0.88 %),0,0,0,0,19683589,1.63
19/10/2010,0,0,11.1(-1.77 %),0,0,0,0,19683589,1.63
20/10/2010,0,0,10.8(-2.70 %),0,0,0,0,19683589,1.63
21/10/2010,0,0,10.8(0.00 %),0,0,0,0,19683589,1.63
22/10/2010,0,0,10.8(0.00 %),0,0,0,0,19683589,1.63
25/10/2010,0,0,11(1.85 %),0,0,0,0,19683589,1.63
26/10/2010,50000,568482000,11.4(3.64 %),50000,568482000,0,0,19633589,1.75
27/10/2010,0,0,10.7(-1.83 %),0,0,0,0,19633589,1.75
28/10/2010,0,0,10.7(0.00 %),0,0,0,0,19633589,1.75
29/10/2010,450,4860000,10.6(-0.93 %),450,4860000,0,0,0,0.0
01/11/2010,120,1248000,10.4(-1.89 %),120,1248000,0,0,0,49.0
02/11/2010,0,0,10.3(-0.96 %),0,0,0,0,0,49.0
03/11/2010,0,0,10.2(-0.97 %),0,0,0,0,0,49.0
04/11/2010,0,0,10.3(0.98 %),0,0,0,0,0,49.0
05/11/2010,0,0,10.4(0.97 %),0,0,0,0,0,49.0
08/11/2010,0,0,10.3(-0.96 %),0,0,0,0,0,49.0
09/11/2010,-50000,-503000000,10.1(-1.94 %),0,0,50000,503000000,49880,48.88
10/11/2010,0,0,10(-0.99 %),0,0,0,0,49880,48.88
11/11/2010,0,0,10(0.00 %),0,0,0,0,49880,48.88
12/11/2010,0,0,9.8(-2.00 %),0,0,0,0,49880,48.88
15/11/2010,0,0,9.7(-1.02 %),0,0,0,0,49880,48.88
16/11/2010,0,0,9.5(-2.06 %),0,0,0,0,49880,48.88
17/11/2010,0,0,9.7(2.11 %),0,0,0,0,49880,48.88
18/11/2010,0,0,10(3.09 %),0,0,0,0,49880,48.88
19/11/2010,0,0,9.7(-3.00 %),0,0,0,0,49880,48.88
22/11/2010,0,0,9.6(-1.03 %),0,0,0,0,49880,48.88
23/11/2010,250,2400000,9.7(1.04 %),250,2400000,0,0,49630,48.88
24/11/2010,0,0,9.8(1.03 %),0,0,0,0,49630,48.88
25/11/2010,0,0,9.9(1.02 %),0,0,0,0,49630,48.88
26/11/2010,0,0,9.9(0.00 %),0,0,0,0,49630,48.88
29/11/2010,-20000,-191000000,9.7(-2.02 %),0,0,20000,191000000,69630,48.83
30/11/2010,0,0,10(3.09 %),0,0,0,0,69630,48.83
01/12/2010,0,0,9.9(-1.00 %),0,0,0,0,69630,48.83
02/12/2010,0,0,10.3(4.04 %),0,0,0,0,69630,48.83
03/12/2010,0,0,10.8(4.85 %),0,0,0,0,69630,48.83
06/12/2010,0,0,11(1.85 %),0,0,0,0,69630,48.83
07/12/2010,0,0,10.5(-4.55 %),0,0,0,0,69630,48.83
08/12/2010,0,0,10(-4.76 %),0,0,0,0,69630,48.83
09/12/2010,0,0,10.4(4.00 %),0,0,0,0,69630,48.83
10/12/2010,0,0,10.6(1.92 %),0,0,0,0,69630,48.83
13/12/2010,0,0,11.1(4.72 %),0,0,0,0,69630,48.83
14/12/2010,-590,-6313000,10.6(-4.50 %),0,0,590,6313000,70220,48.83
15/12/2010,0,0,10.4(-1.89 %),0,0,0,0,70220,48.83
16/12/2010,0,0,10.1(-2.88 %),0,0,0,0,70220,48.83
17/12/2010,0,0,10.5(3.96 %),0,0,0,0,70220,48.83
20/12/2010,300,3090000,10.3(-1.90 %),300,3090000,0,0,69920,48.83
21/12/2010,51750,540231000,10.5(1.94 %),51750,540231000,0,0,18170,48.96
22/12/2010,10000,104200000,10.4(-0.95 %),10000,104200000,0,0,8170,48.98
23/12/2010,0,0,10.2(-1.92 %),0,0,0,0,8170,48.98
24/12/2010,0,0,10.3(0.98 %),0,0,0,0,8170,48.98
27/12/2010,0,0,10.1(-1.94 %),0,0,0,0,8170,48.98
28/12/2010,100,1040000,10.3(1.98 %),100,1040000,0,0,8070,48.98
29/12/2010,0,0,10.2(-0.97 %),0,0,0,0,8070,48.98
30/12/2010,0,0,10.1(-0.98 %),0,0,0,0,8070,48.98
31/12/2010,0,0,10.2(0.99 %),0,0,0,0,8070,48.98
04/01/2011,0,0,10.3(0.98 %),0,0,0,0,8070,48.98
05/01/2011,0,0,10.3(0.00 %),0,0,0,0,8070,48.98
06/01/2011,0,0,10.3(0.00 %),0,0,0,0,8070,48.98
07/01/2011,0,0,10.1(-1.94 %),0,0,0,0,8070,48.98
10/01/2011,100,1010000,10.1(0.00 %),100,1010000,0,0,7970,48.98
11/01/2011,0,0,9.9(-1.98 %),0,0,0,0,7970,48.98
12/01/2011,0,0,9.8(-1.01 %),0,0,0,0,7970,48.98
13/01/2011,0,0,9.9(1.02 %),0,0,0,0,7970,48.98
14/01/2011,0,0,9.9(0.00 %),0,0,0,0,7970,48.98
17/01/2011,0,0,10(1.01 %),0,0,0,0,7970,48.98
18/01/2011,0,0,9.9(-1.00 %),0,0,0,0,7970,48.98
19/01/2011,0,0,10(1.01 %),0,0,0,0,7970,48.98
20/01/2011,500,5000000,10(0.00 %),500,5000000,0,0,7470,48.98
21/01/2011,0,0,10(0.00 %),0,0,0,0,7470,48.98
24/01/2011,0,0,9.9(-1.00 %),0,0,0,0,7470,48.98
25/01/2011,0,0,9.9(0.00 %),0,0,0,0,7470,48.98
26/01/2011,-230,-2300000,9.9(0.00 %),0,0,230,2300000,7700,48.98
27/01/2011,0,0,10(1.01 %),0,0,0,0,7700,48.98
28/01/2011,-1270,-12827000,10.1(1.00 %),0,0,1270,12827000,8970,48.98
08/02/2011,0,0,10.6(4.95 %),0,0,0,0,8970,48.98
09/02/2011,0,0,10.5(-0.94 %),0,0,0,0,8970,48.98
10/02/2011,0,0,10.4(-0.95 %),0,0,0,0,8970,48.98
11/02/2011,0,0,10.3(-0.96 %),0,0,0,0,8970,48.98
14/02/2011,0,0,10.8(4.85 %),0,0,0,0,8970,48.98
15/02/2011,0,0,10.6(-1.85 %),0,0,0,0,8970,48.98
16/02/2011,0,0,10.4(-1.89 %),0,0,0,0,8970,48.98
17/02/2011,0,0,10.4(0.00 %),0,0,0,0,8970,48.98
18/02/2011,0,0,10.3(-0.96 %),0,0,0,0,8970,48.98
21/02/2011,0,0,9.8(-4.85 %),0,0,0,0,8970,48.98
22/02/2011,0,0,9.9(1.02 %),0,0,0,0,8970,48.98
23/02/2011,0,0,10(1.01 %),0,0,0,0,8970,48.98
24/02/2011,0,0,10(0.00 %),0,0,0,0,8970,48.98
25/02/2011,0,0,10.1(1.00 %),0,0,0,0,8970,48.98
28/02/2011,0,0,9.9(-1.98 %),0,0,0,0,8970,48.98
01/03/2011,0,0,10(1.01 %),0,0,0,0,8970,48.98
02/03/2011,0,0,9.7(-3.00 %),0,0,0,0,8970,48.98
03/03/2011,0,0,9.7(0.00 %),0,0,0,0,0,0.0
04/03/2011,0,0,9.7(0.00 %),0,0,0,0,0,0.0
07/03/2011,0,0,9.7(0.00 %),0,0,0,0,0,0.0
08/03/2011,0,0,9.7(0.00 %),0,0,0,0,0,0.0
09/03/2011,0,0,9.6(-1.03 %),0,0,0,0,0,0.0
10/03/2011,0,0,10(4.17 %),0,0,0,0,0,0.0
11/03/2011,0,0,10(0.00 %),0,0,0,0,0,0.0
14/03/2011,0,0,9.7(-3.00 %),0,0,0,0,0,0.0
15/03/2011,0,0,9.6(-1.03 %),0,0,0,0,0,0.0
16/03/2011,0,0,9.6(0.00 %),0,0,0,0,19742563,1.49
17/03/2011,0,0,9.7(1.04 %),0,0,0,0,19742563,1.49
18/03/2011,0,0,10(3.09 %),0,0,0,0,19742563,1.49
21/03/2011,0,0,9.8(-2.00 %),0,0,0,0,19742563,1.49
22/03/2011,0,0,9.8(0.00 %),0,0,0,0,19742563,1.49
23/03/2011,0,0,9.8(0.00 %),0,0,0,0,19742563,1.49
24/03/2011,0,0,9.8(0.00 %),0,0,0,0,19742563,1.49
25/03/2011,-110,-1078000,9.7(-1.02 %),0,0,110,1078000,19742673,1.49
28/03/2011,0,0,9.6(-1.03 %),0,0,0,0,19742673,1.49
29/03/2011,0,0,9.6(0.00 %),0,0,0,0,19742673,1.49
30/03/2011,40,380000,9.6(0.00 %),40,380000,0,0,19742633,1.49
31/03/2011,0,0,9.6(0.00 %),0,0,0,0,19742633,1.49
01/04/2011,0,0,9.4(-2.08 %),0,0,0,0,19742633,1.49
04/04/2011,0,0,9.4(0.00 %),0,0,0,0,19742633,1.49
05/04/2011,0,0,9.4(0.00 %),0,0,0,0,19742633,1.49
06/04/2011,0,0,9.5(1.06 %),0,0,0,0,19742633,1.49
07/04/2011,0,0,9.4(-1.05 %),0,0,0,0,19742633,1.49
08/04/2011,4400,41800000,9.5(1.06 %),4400,41800000,0,0,19738233,1.5
13/04/2011,100000,980000000,9.6(1.05 %),100000,980000000,0,0,19638233,1.74
14/04/2011,0,0,9.5(-1.04 %),0,0,0,0,19638233,1.74
15/04/2011,0,0,9.5(0.00 %),0,0,0,0,19638233,1.74
18/04/2011,0,0,9.3(-2.11 %),0,0,0,0,19638233,1.74
19/04/2011,0,0,9.4(1.08 %),0,0,0,0,19638233,1.74
20/04/2011,0,0,9.3(-1.06 %),0,0,0,0,19638233,1.74
21/04/2011,0,0,9.4(1.08 %),0,0,0,0,19638233,1.74
22/04/2011,0,0,9.2(-2.13 %),0,0,0,0,19638233,1.74
25/04/2011,0,0,9.3(1.09 %),0,0,0,0,19638233,1.74
26/04/2011,0,0,9.2(-1.08 %),0,0,0,0,19638233,1.74
27/04/2011,80,728000,8.9(-3.26 %),80,728000,0,0,19638153,1.74
28/04/2011,0,0,9.2(3.37 %),0,0,0,0,19638153,1.74
29/04/2011,0,0,9.3(1.09 %),0,0,0,0,19638153,1.74
04/05/2011,0,0,9.4(1.08 %),0,0,0,0,19638161,1.74
05/05/2011,-7000,-65100000,9.1(-3.19 %),0,0,7000,65100000,19645161,1.72
06/05/2011,-5000,-46000000,9.2(1.10 %),0,0,5000,46000000,19650161,1.71
09/05/2011,10000,92000000,9.3(1.09 %),10000,92000000,0,0,19640161,1.73
10/05/2011,0,0,9.3(0.00 %),0,0,0,0,19640161,1.73
11/05/2011,0,0,9.1(-2.15 %),0,0,0,0,19640161,1.73
12/05/2011,10000,87000000,8.7(3.57 %),10000,87000000,0,0,19630161,1.76
13/05/2011,-200,-1686000,8.5(-2.30 %),0,0,200,1686000,19630361,1.76
16/05/2011,11010,91383000,8.3(-2.35 %),11010,91383000,0,0,19619351,1.78
17/05/2011,0,0,7.9(-4.82 %),0,0,0,0,19619351,1.78
18/05/2011,0,0,8(1.27 %),0,0,0,0,19619351,1.78
19/05/2011,0,0,8(0.00 %),0,0,0,0,19619351,1.78
20/05/2011,4500,35000000,7.9(-1.25 %),5000,39000000,500,4000000,19614851,1.79
23/05/2011,8000,62200000,7.9(0.00 %),8000,62200000,0,0,19606851,1.81
24/05/2011,10000,76000000,7.6(-3.80 %),10000,76000000,0,0,19596851,1.84
25/05/2011,5000,36500000,7.3(-3.95 %),5000,36500000,0,0,19591851,1.85
26/05/2011,0,0,7.4(1.37 %),0,0,0,0,19591851,1.85
27/05/2011,0,0,7.6(2.70 %),0,0,0,0,19591851,1.85
30/05/2011,10000,75000000,7.4(-2.63 %),10000,75000000,0,0,19581851,1.87
31/05/2011,0,0,7.4(0.00 %),0,0,0,0,19581851,1.87
01/06/2011,20000,154000000,7.7(4.05 %),20000,154000000,0,0,19566827,1.91
02/06/2011,10000,80000000,8(3.90 %),10000,80000000,0,0,19556827,1.93
03/06/2011,0,0,8(0.00 %),0,0,0,0,19556827,1.93
06/06/2011,0,0,7.8(-2.50 %),0,0,0,0,19556827,1.93
07/06/2011,0,0,8.1(3.85 %),0,0,0,0,19556827,1.93
08/06/2011,0,0,8.2(1.23 %),0,0,0,0,19556827,1.93
09/06/2011,200,1600000,8.4(2.44 %),200,1600000,0,0,19556627,1.93
10/06/2011,0,0,8.4(0.00 %),0,0,0,0,19556627,1.93
13/06/2011,-5000,-41500000,8.4(0.00 %),0,0,5000,41500000,19561627,1.92
14/06/2011,0,0,8.3(-1.19 %),0,0,0,0,19561627,1.92
15/06/2011,1000,8100000,8(-3.61 %),1000,8100000,0,0,19560627,1.92
16/06/2011,0,0,8.2(2.50 %),0,0,0,0,19560627,1.92
17/06/2011,0,0,7.9(-3.66 %),0,0,0,0,19560627,1.92
20/06/2011,0,0,7.9(0.00 %),0,0,0,0,19560627,1.92
21/06/2011,0,0,8(1.27 %),0,0,0,0,19560627,1.92
22/06/2011,0,0,8(0.00 %),0,0,0,0,19560627,1.92
23/06/2011,0,0,8(0.00 %),0,0,0,0,19560627,1.92
24/06/2011,5000,40000000,8(0.00 %),5000,40000000,0,0,19555627,1.94
27/06/2011,0,0,7.9(-1.25 %),0,0,0,0,19555627,1.94
28/06/2011,0,0,7.9(0.00 %),0,0,0,0,19555627,1.94
29/06/2011,0,0,8(1.27 %),0,0,0,0,19555627,1.94
30/06/2011,0,0,7.9(-1.25 %),0,0,0,0,19555627,1.94
01/07/2011,0,0,7.9(0.00 %),0,0,0,0,19550657,1.95
04/07/2011,0,0,7.9(0.00 %),0,0,0,0,19550657,1.95
05/07/2011,0,0,7.9(0.00 %),0,0,0,0,19550657,1.95
06/07/2011,0,0,7.9(0.00 %),0,0,0,0,19550657,1.95
07/07/2011,0,0,7.9(0.00 %),0,0,0,0,19550657,1.95
08/07/2011,0,0,7.9(0.00 %),0,0,0,0,19550657,1.95
11/07/2011,0,0,7.9(0.00 %),0,0,0,0,19550657,1.95
12/07/2011,0,0,7.8(-1.27 %),0,0,0,0,19550657,1.95
13/07/2011,0,0,8(2.56 %),0,0,0,0,19550657,1.95
14/07/2011,0,0,7.9(-1.25 %),0,0,0,0,19550657,1.95
15/07/2011,0,0,7.8(-1.27 %),0,0,0,0,19550657,1.95
18/07/2011,0,0,7.9(1.28 %),0,0,0,0,19550657,1.95
19/07/2011,0,0,7.9(0.00 %),0,0,0,0,19550657,1.95
20/07/2011,0,0,7.8(-1.27 %),0,0,0,0,19550657,1.95
21/07/2011,0,0,7.9(1.28 %),0,0,0,0,19550657,1.95
22/07/2011,3000,23400000,7.9(0.00 %),3000,23400000,0,0,19547657,1.96
25/07/2011,0,0,7.8(-1.27 %),0,0,0,0,19547657,1.96
26/07/2011,0,0,7.7(-1.28 %),0,0,0,0,19547657,1.96
27/07/2011,0,0,7.7(0.00 %),0,0,0,0,19547657,1.96
28/07/2011,0,0,7.8(1.30 %),0,0,0,0,19547657,1.96
29/07/2011,0,0,7.7(-1.28 %),0,0,0,0,19547657,1.96
01/08/2011,0,0,7.8(1.30 %),0,0,0,0,19547657,1.96
02/08/2011,-1000,-7800000,7.6(-2.56 %),0,0,1000,7800000,19548657,1.95
03/08/2011,20000,146000000,7.4(-2.63 %),20000,146000000,0,0,19528657,2.0
04/08/2011,0,0,7.6(2.70 %),0,0,0,0,19528657,2.0
05/08/2011,20000,146000000,7.4(-2.63 %),20000,146000000,0,0,19508657,2.05
08/08/2011,0,0,7.3(-1.35 %),0,0,0,0,19508657,2.05
09/08/2011,0,0,7(-4.11 %),0,0,0,0,19508657,2.05
10/08/2011,0,0,7(0.00 %),0,0,0,0,19508657,2.05
11/08/2011,0,0,6.9(-1.43 %),0,0,0,0,19508657,2.05
12/08/2011,1000,7000000,7(1.45 %),1000,7000000,0,0,19507657,2.05
15/08/2011,0,0,6.8(-2.86 %),0,0,0,0,19507657,2.05
16/08/2011,0,0,6.9(1.47 %),0,0,0,0,19507657,2.05
17/08/2011,1000,7100000,7.1(2.90 %),1000,7100000,0,0,19506657,2.05
18/08/2011,0,0,7.1(0.00 %),0,0,0,0,19506657,2.05
19/08/2011,3500,24850000,7.1(0.00 %),3500,24850000,0,0,19503157,2.06
22/08/2011,0,0,7.1(0.00 %),0,0,0,0,19503157,2.06
23/08/2011,0,0,7.1(0.00 %),0,0,0,0,19503157,2.06
24/08/2011,1000,7100000,7(-1.41 %),1000,7100000,0,0,19502157,2.06
25/08/2011,0,0,7.1(1.43 %),0,0,0,0,19502157,2.06
26/08/2011,0,0,7.2(1.41 %),0,0,0,0,19502157,2.06
29/08/2011,0,0,7.3(1.39 %),0,0,0,0,19502157,2.06
30/08/2011,0,0,7.4(1.37 %),0,0,0,0,19502157,2.06
31/08/2011,0,0,7.5(1.35 %),0,0,0,0,19502157,2.06
01/09/2011,0,0,7.5(0.00 %),0,0,0,0,19502157,2.06
05/09/2011,0,0,7.4(-1.33 %),0,0,0,0,19502157,2.06
06/09/2011,0,0,7.4(0.00 %),0,0,0,0,19502157,2.06
07/09/2011,0,0,7.5(1.35 %),0,0,0,0,19502157,2.06
08/09/2011,0,0,7.6(1.33 %),0,0,0,0,19502157,2.06
09/09/2011,0,0,7.7(1.32 %),0,0,0,0,19502157,2.06
12/09/2011,0,0,7.6(-1.30 %),0,0,0,0,19502157,2.06
13/09/2011,0,0,7.8(2.63 %),0,0,0,0,19502157,2.06
14/09/2011,0,0,7.7(-1.28 %),0,0,0,0,19502157,2.06
15/09/2011,0,0,7.6(-1.30 %),0,0,0,0,19502157,2.06
16/09/2011,0,0,7.5(-1.32 %),0,0,0,0,19502157,2.06
19/09/2011,0,0,7.6(1.33 %),0,0,0,0,19502157,2.06
20/09/2011,0,0,7.4(-2.63 %),0,0,0,0,19502157,2.06
21/09/2011,0,0,7.3(-1.35 %),0,0,0,0,19502157,2.06
22/09/2011,0,0,7.4(1.37 %),0,0,0,0,19502157,2.06
23/09/2011,0,0,7.3(-1.35 %),0,0,0,0,19502157,2.06
26/09/2011,0,0,7.3(0.00 %),0,0,0,0,19502157,2.06
27/09/2011,-450,-3195000,7.3(0.00 %),0,0,450,3195000,19502607,2.06
28/09/2011,0,0,7.2(-1.37 %),0,0,0,0,19502607,2.06
29/09/2011,0,0,7.2(0.00 %),0,0,0,0,19502607,2.06
30/09/2011,0,0,7.2(0.00 %),0,0,0,0,19502607,2.06
03/10/2011,0,0,7.1(-1.39 %),0,0,0,0,19502607,2.06
04/10/2011,0,0,7.1(0.00 %),0,0,0,0,19502607,2.06
05/10/2011,0,0,7.1(0.00 %),0,0,0,0,19502607,2.06
06/10/2011,-1400,-9660000,7.1(0.00 %),0,0,1400,9660000,19504007,2.06
07/10/2011,0,0,7.2(1.41 %),0,0,0,0,19504007,2.06
10/10/2011,0,0,7.1(-1.39 %),0,0,0,0,19504007,2.06
11/10/2011,0,0,7.1(0.00 %),0,0,0,0,19504007,2.06
12/10/2011,1500,10800000,7.1(0.00 %),1500,10800000,0,0,19502507,2.06
13/10/2011,0,0,7.3(2.82 %),0,0,0,0,19502507,2.06
14/10/2011,43400,308140000,7.1(-2.74 %),43400,308140000,0,0,19459107,2.17
17/10/2011,5110,37814000,7.4(4.23 %),5110,37814000,0,0,19453997,2.18
18/10/2011,40490,295577000,7.3(-1.35 %),40490,295577000,0,0,19413507,2.28
19/10/2011,144890,1086675000,7.5(2.74 %),144890,1086675000,0,0,19268617,2.63
20/10/2011,0,0,7.6(1.33 %),0,0,0,0,19268617,2.63
21/10/2011,0,0,7.7(1.32 %),0,0,0,0,19268617,2.63
24/10/2011,0,0,7.8(1.30 %),0,0,0,0,19268617,2.63
25/10/2011,3670,27892000,7.6(-2.56 %),3670,27892000,0,0,19264947,2.64
26/10/2011,0,0,7.7(1.32 %),0,0,0,0,19264947,2.64
27/10/2011,41000,307500000,7.2(0.00 %),41000,307500000,0,0,19223947,2.73
28/10/2011,0,0,7.3(1.39 %),0,0,0,0,19223947,2.73
31/10/2011,-240,-1752000,7.3(0.00 %),0,0,240,1752000,19224187,2.73
01/11/2011,0,0,7.2(-1.37 %),0,0,0,0,19223947,2.73
02/11/2011,0,0,7.1(-1.39 %),0,0,0,0,19223947,2.73
03/11/2011,0,0,7.2(1.41 %),0,0,0,0,19223947,2.73
04/11/2011,0,0,7.1(-1.39 %),0,0,0,0,19223947,2.73
07/11/2011,13400,96720000,7.3(2.82 %),13400,96720000,0,0,19210547,2.77
08/11/2011,-12670,-91224000,7.2(-1.37 %),0,0,12670,91224000,19223217,2.74
09/11/2011,0,0,7.1(-1.39 %),0,0,0,0,19223217,2.74
10/11/2011,-11890,-83230000,7.1(0.00 %),0,0,11890,83230000,19235107,2.71
11/11/2011,-5000,-35500000,7.1(0.00 %),0,0,5000,35500000,19240107,2.7
14/11/2011,-8650,-60050000,7(-1.41 %),0,0,8650,60050000,19248757,2.67
15/11/2011,-8000,-55957000,6.9(-1.43 %),0,0,8000,55957000,19256757,2.66
16/11/2011,-10500,-73500000,7(1.45 %),0,0,10500,73500000,19267257,2.63
17/11/2011,-18000,-124300000,6.9(-1.43 %),0,0,18000,124300000,19285257,2.59
18/11/2011,-14000,-95200000,6.8(-1.45 %),0,0,14000,95200000,19299257,2.55
21/11/2011,16000,110400000,6.7(-1.47 %),16000,110400000,0,0,19283257,2.59
22/11/2011,0,0,6.8(1.49 %),0,0,0,0,19283257,2.59
23/11/2011,0,0,6.9(1.47 %),0,0,0,0,19283257,2.59
24/11/2011,0,0,6.8(-1.45 %),0,0,0,0,19283257,2.59
25/11/2011,-5330,-35711000,6.7(-1.47 %),0,0,5330,35711000,19288587,2.58
28/11/2011,0,0,6.8(1.49 %),0,0,0,0,19288587,2.58
29/11/2011,0,0,6.9(1.47 %),0,0,0,0,19288587,2.58
30/11/2011,0,0,6.9(0.00 %),0,0,0,0,19288587,2.58
01/12/2011,0,0,7(1.45 %),0,0,0,0,19288827,2.58
02/12/2011,0,0,6.9(-1.43 %),0,0,0,0,19288827,2.58
05/12/2011,0,0,7.2(4.35 %),0,0,0,0,19288827,2.58
06/12/2011,0,0,7.2(0.00 %),0,0,0,0,19288827,2.58
07/12/2011,0,0,7.2(0.00 %),0,0,0,0,19288827,2.58
08/12/2011,0,0,7(-2.78 %),0,0,0,0,19288827,2.58
09/12/2011,1000,7000000,6.9(-1.43 %),1000,7000000,0,0,19287827,2.58
12/12/2011,0,0,7(1.45 %),0,0,0,0,19287827,2.58
13/12/2011,0,0,6.9(-1.43 %),0,0,0,0,19287827,2.58
14/12/2011,0,0,6.9(0.00 %),0,0,0,0,19287827,2.58
15/12/2011,0,0,6.8(-1.45 %),0,0,0,0,19287827,2.58
16/12/2011,0,0,6.9(1.47 %),0,0,0,0,19287827,2.58
19/12/2011,0,0,6.9(0.00 %),0,0,0,0,19287827,2.58
20/12/2011,20000,138000000,6.8(-1.45 %),20000,138000000,0,0,19267827,2.63
21/12/2011,-6000,-41400000,6.8(0.00 %),0,0,6000,41400000,19273827,2.61
22/12/2011,0,0,6.8(0.00 %),0,0,0,0,19273827,2.61
23/12/2011,0,0,6.8(0.00 %),0,0,0,0,19273827,2.61
26/12/2011,0,0,6.7(-1.47 %),0,0,0,0,19273827,2.61
27/12/2011,0,0,6.6(-1.49 %),0,0,0,0,19273827,2.61
28/12/2011,0,0,6.7(1.52 %),0,0,0,0,19273827,2.61
29/12/2011,0,0,6.7(0.00 %),0,0,0,0,19273827,2.61
30/12/2011,-990,-6732000,6.8(1.49 %),0,0,990,6732000,19274817,2.61
03/01/2012,0,0,6.9(1.47 %),0,0,0,0,19273827,2.61
04/01/2012,-24850,-173950000,7(1.45 %),0,0,24850,173950000,19298677,2.55
05/01/2012,0,0,6.9(-1.43 %),0,0,0,0,19298677,2.55
06/01/2012,0,0,6.8(-1.45 %),0,0,0,0,19298677,2.55
09/01/2012,-240,-1632000,6.8(0.00 %),0,0,240,1632000,19298917,2.55
10/01/2012,0,0,7(2.94 %),0,0,0,0,19298917,2.55
11/01/2012,30200,214420000,7.1(1.43 %),30200,214420000,0,0,19268717,2.63
12/01/2012,0,0,7(-1.41 %),0,0,0,0,19268717,2.63
13/01/2012,0,0,7(0.00 %),0,0,0,0,19268717,2.63
16/01/2012,80,510000,7(0.00 %),580,4060000,500,3550000,19268637,2.63
17/01/2012,160,1120000,7.1(1.43 %),160,1120000,0,0,19268477,2.63
18/01/2012,-5250,-37800000,7.2(1.41 %),27800,200160000,33050,237960000,19273727,2.61
19/01/2012,-1570,-11461000,7.3(1.39 %),29000,211700000,30570,223161000,19275297,2.61
20/01/2012,14390,105046000,7.4(1.37 %),14400,105120000,10,74000,19260907,2.65
30/01/2012,-4860,-36450000,7.5(1.35 %),0,0,4860,36450000,19265767,2.63
31/01/2012,13230,98793000,7.6(1.33 %),20000,150245000,6770,51452000,19252537,2.67
01/02/2012,0,0,7.6(0.00 %),0,0,0,0,19241887,2.69
02/02/2012,0,0,7.6(0.00 %),0,0,0,0,19241887,2.69
03/02/2012,1000,7400000,7.4(-2.63 %),1000,7400000,0,0,19240887,2.69
06/02/2012,2000,14400000,7.3(-1.35 %),2000,14400000,0,0,19238887,2.7
07/02/2012,2000,14000000,7.3(0.00 %),2000,14000000,0,0,19236887,2.7
08/02/2012,0,0,7.2(-1.37 %),0,0,0,0,19236887,2.7
09/02/2012,6670,48024000,7.2(0.00 %),6670,48024000,0,0,19230217,2.72
10/02/2012,0,0,7.1(-1.39 %),0,0,0,0,19230217,2.72
13/02/2012,-11860,-87478000,7.4(4.23 %),9000,64800000,20860,152278000,19242077,2.69
14/02/2012,0,0,7.4(0.00 %),0,0,0,0,19242077,2.69
15/02/2012,0,0,7.2(-2.70 %),0,0,0,0,19242077,2.69
16/02/2012,0,0,7.3(1.39 %),0,0,0,0,19242077,2.69
17/02/2012,0,0,7.3(0.00 %),0,0,0,0,19242077,2.69
20/02/2012,20000,149637000,7.5(2.74 %),20000,149637000,0,0,19222077,2.74
21/02/2012,10190,75368000,7.5(0.00 %),10190,75368000,0,0,19211887,2.76
22/02/2012,0,0,7.5(0.00 %),0,0,0,0,19211887,2.76
23/02/2012,0,0,7.5(0.00 %),0,0,0,0,19211887,2.76
24/02/2012,23000,172500000,7.5(0.00 %),23000,172500000,0,0,19188887,2.82
27/02/2012,15000,117000000,7.8(4.00 %),15000,117000000,0,0,19173887,2.85
28/02/2012,30320,234432000,7.6(-2.56 %),30320,234432000,0,0,19143567,2.93
29/02/2012,0,0,7.6(0.00 %),0,0,0,0,19143567,2.93
01/03/2012,3000,22800000,7.5(-1.32 %),3000,22800000,0,0,19155207,2.9
02/03/2012,0,0,7.6(1.33 %),0,0,0,0,19155207,2.9
05/03/2012,23000,181700000,7.9(3.95 %),23000,181700000,0,0,19132207,2.96
06/03/2012,59000,465300000,7.8(-1.27 %),59000,465300000,0,0,19073207,3.1
07/03/2012,0,0,7.8(0.00 %),0,0,0,0,19073207,3.1
08/03/2012,0,0,7.7(-1.28 %),0,0,0,0,19073207,3.1
09/03/2012,-2900,-21930000,7.6(-1.30 %),0,0,2900,21930000,19076107,3.09
12/03/2012,-100,-750000,7.5(-1.32 %),0,0,100,750000,19076207,3.09
13/03/2012,0,0,7.5(0.00 %),0,0,0,0,19076207,3.09
14/03/2012,10000,76000000,7.5(0.00 %),10000,76000000,0,0,19066207,3.11
15/03/2012,0,0,7.6(1.33 %),0,0,0,0,19066207,3.11
16/03/2012,18000,137300000,7.6(0.00 %),18000,137300000,0,0,19048207,3.16
19/03/2012,-4800,-36207000,7.6(0.00 %),0,0,4800,36207000,19053007,3.15
20/03/2012,46160,361332000,7.9(3.95 %),48160,377132000,2000,15800000,19006847,3.26
21/03/2012,0,0,7.9(0.00 %),0,0,0,0,19006847,3.26
22/03/2012,0,0,7.7(-2.53 %),0,0,0,0,19006847,3.26
23/03/2012,0,0,7.8(1.30 %),0,0,0,0,19006847,3.26
26/03/2012,-10000,-77000000,7.9(1.28 %),0,0,10000,77000000,19016847,3.23
27/03/2012,0,0,7.8(-1.27 %),0,0,0,0,19016847,3.23
28/03/2012,0,0,7.8(0.00 %),0,0,0,0,19016847,3.23
29/03/2012,0,0,7.7(-1.28 %),0,0,0,0,19016847,3.23
30/03/2012,1500,11550000,7.6(-1.30 %),1500,11550000,0,0,19015347,3.24
03/04/2012,2000,15600000,7.8(2.63 %),2000,15600000,0,0,19010347,3.25
04/04/2012,0,0,7.7(-1.28 %),0,0,0,0,19010347,3.25
05/04/2012,0,0,7.8(1.30 %),0,0,0,0,19010347,3.25
06/04/2012,0,0,7.8(0.00 %),0,0,0,0,19010347,3.25
09/04/2012,-2000,-15400000,7.8(0.00 %),0,0,2000,15400000,19012347,3.24
10/04/2012,0,0,7.9(1.28 %),0,0,0,0,19012347,3.24
11/04/2012,-200,-1600000,8(1.27 %),0,0,200,1600000,19012547,3.24
12/04/2012,-200,-1640000,8.2(2.50 %),0,0,200,1640000,19012747,3.24
13/04/2012,-200,-1600000,8(-2.44 %),0,0,200,1600000,19012947,3.24
16/04/2012,-200,-1660000,8.3(3.75 %),0,0,200,1660000,19013147,3.24
17/04/2012,-740,-6290000,8.3(0.00 %),0,0,740,6290000,19013887,3.24
18/04/2012,0,0,8.4(1.20 %),0,0,0,0,19013887,3.24
19/04/2012,0,0,8.3(-1.19 %),0,0,0,0,19013887,3.24
20/04/2012,0,0,8.3(0.00 %),0,0,0,0,19013887,3.24
23/04/2012,0,0,8.1(-2.41 %),0,0,0,0,19013887,3.24
24/04/2012,0,0,8.2(1.23 %),0,0,0,0,19013887,3.24
25/04/2012,-3000,-24600000,8.5(3.66 %),0,0,3000,24600000,19016887,3.23
26/04/2012,0,0,8.7(2.35 %),0,0,0,0,19016887,3.23
27/04/2012,-4000,-34800000,8.7(0.00 %),0,0,4000,34800000,19020887,3.22
02/05/2012,-8000,-71900000,9(3.45 %),0,0,8000,71900000,19013887,3.24
03/05/2012,2000,18500000,8.9(-1.11 %),5000,45500000,3000,27000000,19011887,3.24
04/05/2012,4800,44640000,9.3(4.49 %),5000,46500000,200,1860000,19007087,3.26
07/05/2012,0,0,9.7(4.30 %),0,0,0,0,19007087,3.26
08/05/2012,-100,-1010000,10.1(4.12 %),0,0,100,1010000,19007187,3.26
09/05/2012,5000,51500000,9.9(-1.98 %),10000,103000000,5000,51500000,19002187,3.27
10/05/2012,-5000,-49000000,9.7(-2.02 %),0,0,5000,49000000,19007187,3.26
11/05/2012,300,2670000,8.9(-1.11 %),300,2670000,0,0,19006887,3.26
14/05/2012,-3000,-26700000,8.5(-4.49 %),0,0,3000,26700000,19009887,3.25
15/05/2012,40,324000,8.1(-4.71 %),40,324000,0,0,19009847,3.25
16/05/2012,0,0,7.8(-3.70 %),0,0,0,0,19009847,3.25
17/05/2012,20000,162000000,8.1(3.85 %),20000,162000000,0,0,18989847,3.3
18/05/2012,35000,278500000,7.8(-3.70 %),35000,278500000,0,0,18954847,3.38
21/05/2012,-3840,-31104000,8.1(3.85 %),0,0,3840,31104000,18958687,3.37
22/05/2012,33100,269610000,8.4(3.70 %),33100,269610000,0,0,18925587,3.45
23/05/2012,13000,108800000,8.2(-2.38 %),13000,108800000,0,0,18912587,3.48
24/05/2012,4500,35850000,7.9(-3.66 %),4500,35850000,0,0,18908087,3.49
25/05/2012,-3000,-24300000,8.2(3.80 %),0,0,3000,24300000,18911087,3.49
28/05/2012,2500,20550000,8.2(0.00 %),2500,20550000,0,0,18908587,3.49
29/05/2012,720,5904000,8.2(0.00 %),720,5904000,0,0,18907867,3.5
30/05/2012,0,0,8.2(0.00 %),0,0,0,0,18907867,3.5
31/05/2012,200,1620000,8.1(-1.22 %),200,1620000,0,0,18907667,3.5
01/06/2012,0,0,8.1(0.00 %),0,0,0,0,18922667,3.46
04/06/2012,0,0,8(-1.23 %),0,0,0,0,18922667,3.46
05/06/2012,0,0,8.1(1.25 %),0,0,0,0,18922667,3.46
06/06/2012,0,0,8.2(1.23 %),0,0,0,0,18922667,3.46
07/06/2012,310,2573000,8.3(1.22 %),310,2573000,0,0,18922357,3.46
08/06/2012,500,4150000,8.3(0.00 %),500,4150000,0,0,18921857,3.46
11/06/2012,0,0,8.2(-1.20 %),0,0,0,0,18921857,3.46
12/06/2012,0,0,8.1(-1.22 %),0,0,0,0,18921857,3.46
13/06/2012,0,0,8.2(1.23 %),0,0,0,0,18921857,3.46
14/06/2012,0,0,8.1(-1.22 %),0,0,0,0,18921857,3.46
15/06/2012,0,0,8.2(1.23 %),0,0,0,0,18921857,3.46
18/06/2012,0,0,8.2(0.00 %),0,0,0,0,18921857,3.46
19/06/2012,0,0,8.1(-1.22 %),0,0,0,0,18921857,3.46
20/06/2012,0,0,8.1(0.00 %),0,0,0,0,18921857,3.46
21/06/2012,0,0,8.1(0.00 %),0,0,0,0,18921857,3.46
22/06/2012,0,0,8(-1.23 %),0,0,0,0,18921857,3.46
25/06/2012,0,0,7.9(-1.25 %),0,0,0,0,18921857,3.46
26/06/2012,0,0,7.8(-1.27 %),0,0,0,0,18921857,3.46
27/06/2012,0,0,7.8(0.00 %),0,0,0,0,18921857,3.46
28/06/2012,0,0,8.1(3.85 %),0,0,0,0,18921857,3.46
29/06/2012,0,0,8(-1.23 %),0,0,0,0,18921857,3.46
02/07/2012,0,0,8(0.00 %),0,0,0,0,18921857,3.46
03/07/2012,0,0,7.9(-1.25 %),0,0,0,0,18921857,3.46
04/07/2012,0,0,7.9(0.00 %),0,0,0,0,18921857,3.46
05/07/2012,0,0,8(1.27 %),0,0,0,0,18921857,3.46
06/07/2012,0,0,7.9(-1.25 %),0,0,0,0,18921857,3.46
09/07/2012,100,780000,7.7(-2.53 %),100,780000,0,0,18921757,3.46
10/07/2012,0,0,7.8(1.30 %),0,0,0,0,18921757,3.46
11/07/2012,0,0,7.9(1.28 %),0,0,0,0,18921757,3.46
12/07/2012,0,0,7.8(-1.27 %),0,0,0,0,18921757,3.46
13/07/2012,0,0,8.1(3.85 %),0,0,0,0,18921757,3.46
16/07/2012,0,0,8(-1.23 %),0,0,0,0,18921757,3.46
17/07/2012,-1500,-12150000,8.1(1.25 %),0,0,1500,12150000,18923257,3.46
18/07/2012,-1500,-12150000,8.1(0.00 %),0,0,1500,12150000,18924757,3.45
19/07/2012,-1400,-11480000,8.3(2.47 %),0,0,1400,11480000,18926157,3.45
20/07/2012,-2200,-18260000,8.3(0.00 %),0,0,2200,18260000,18928357,3.45
23/07/2012,-4000,-32800000,8.3(0.00 %),0,0,4000,32800000,18932357,3.44
24/07/2012,-4630,-37640000,8.3(0.00 %),0,0,4630,37640000,18936987,3.43
25/07/2012,0,0,8.3(0.00 %),0,0,0,0,18936987,3.43
26/07/2012,0,0,8.3(0.00 %),0,0,0,0,18936987,3.43
27/07/2012,0,0,8.3(0.00 %),0,0,0,0,18936987,3.43
30/07/2012,0,0,8.1(-2.41 %),0,0,0,0,18936987,3.43
31/07/2012,0,0,8.2(1.23 %),0,0,0,0,18936987,3.43
01/08/2012,0,0,8.2(0.00 %),0,0,0,0,18936987,3.43
02/08/2012,0,0,8.3(1.22 %),0,0,0,0,18936987,3.43
03/08/2012,0,0,8(-3.61 %),0,0,0,0,18936987,3.43
06/08/2012,0,0,8.3(3.75 %),0,0,0,0,18936987,3.43
07/08/2012,0,0,8.3(0.00 %),0,0,0,0,18936987,3.43
08/08/2012,0,0,8.1(-2.41 %),0,0,0,0,18936987,3.43
09/08/2012,0,0,8.2(1.23 %),0,0,0,0,18936987,3.43
10/08/2012,0,0,8.2(0.00 %),0,0,0,0,18936987,3.43
13/08/2012,0,0,8(-2.44 %),0,0,0,0,18936987,3.43
14/08/2012,0,0,8.2(2.50 %),0,0,0,0,18936987,3.43
15/08/2012,0,0,8(-2.44 %),0,0,0,0,18936987,3.43
16/08/2012,0,0,8(0.00 %),0,0,0,0,18936987,3.43
17/08/2012,0,0,8(0.00 %),0,0,0,0,18936987,3.43
20/08/2012,0,0,8.2(2.50 %),0,0,0,0,18936987,3.43
21/08/2012,0,0,7.9(-3.66 %),0,0,0,0,18936987,3.43
22/08/2012,0,0,7.9(0.00 %),0,0,0,0,18936987,3.43
23/08/2012,0,0,7.8(-1.27 %),0,0,0,0,18936987,3.43
24/08/2012,0,0,8(2.56 %),0,0,0,0,18936987,3.43
27/08/2012,0,0,7.9(-1.25 %),0,0,0,0,18936987,3.43
28/08/2012,0,0,7.8(-1.27 %),0,0,0,0,18936987,3.43
29/08/2012,0,0,8(2.56 %),0,0,0,0,18936987,3.43
30/08/2012,0,0,8(0.00 %),0,0,0,0,18936987,3.43
31/08/2012,0,0,8(0.00 %),0,0,0,0,18936987,3.43
04/09/2012,0,0,8.1(1.25 %),0,0,0,0,18936987,3.43
05/09/2012,0,0,7.9(-2.47 %),0,0,0,0,18936987,3.43
06/09/2012,0,0,7.9(0.00 %),0,0,0,0,18936987,3.43
07/09/2012,0,0,7.9(0.00 %),0,0,0,0,18936987,3.43
10/09/2012,9800,77420000,7.9(0.00 %),9800,77420000,0,0,18927187,3.45
11/09/2012,0,0,7.9(0.00 %),0,0,0,0,18927187,3.45
12/09/2012,0,0,7.9(0.00 %),0,0,0,0,18927187,3.45
13/09/2012,0,0,7.9(0.00 %),0,0,0,0,18927187,3.45
14/09/2012,0,0,8(1.27 %),0,0,0,0,18927187,3.45
17/09/2012,0,0,8(0.00 %),0,0,0,0,18927187,3.45
18/09/2012,0,0,7.8(-2.50 %),0,0,0,0,18927187,3.45
19/09/2012,0,0,8(2.56 %),0,0,0,0,18927187,3.45
20/09/2012,0,0,7.9(-1.25 %),0,0,0,0,18927187,3.45
21/09/2012,0,0,8(1.27 %),0,0,0,0,18927187,3.45
24/09/2012,0,0,8(0.00 %),0,0,0,0,18927187,3.45
25/09/2012,0,0,7.9(-1.25 %),0,0,0,0,18927187,3.45
26/09/2012,0,0,7.9(0.00 %),0,0,0,0,18927187,3.45
27/09/2012,-500,-3900000,7.9(0.00 %),0,0,500,3900000,18927687,3.45
28/09/2012,0,0,7.7(-2.53 %),0,0,0,0,18927687,3.45
01/10/2012,0,0,7.8(1.30 %),0,0,0,0,18927187,3.45
02/10/2012,0,0,7.9(1.28 %),0,0,0,0,18927187,3.45
03/10/2012,0,0,7.9(0.00 %),0,0,0,0,18927187,3.45
04/10/2012,0,0,7.8(-1.27 %),0,0,0,0,18927187,3.45
05/10/2012,0,0,7.9(1.28 %),0,0,0,0,18927187,3.45
08/10/2012,0,0,8(1.27 %),0,0,0,0,18927187,3.45
09/10/2012,0,0,8(0.00 %),0,0,0,0,18927187,3.45
10/10/2012,0,0,8(0.00 %),0,0,0,0,18927187,3.45
11/10/2012,0,0,8(0.00 %),0,0,0,0,18927187,3.45
12/10/2012,0,0,8(0.00 %),0,0,0,0,18927187,3.45
15/10/2012,0,0,8(0.00 %),0,0,0,0,18927187,3.45
16/10/2012,0,0,8(0.00 %),0,0,0,0,18927187,3.45
17/10/2012,0,0,8(0.00 %),0,0,0,0,18927187,3.45
18/10/2012,0,0,8(0.00 %),0,0,0,0,18927187,3.45
19/10/2012,0,0,8(0.00 %),0,0,0,0,18927187,3.45
22/10/2012,0,0,8(0.00 %),0,0,0,0,18927187,3.45
23/10/2012,0,0,7.9(-1.25 %),0,0,0,0,18927187,3.45
24/10/2012,0,0,8(1.27 %),0,0,0,0,18927187,3.45
25/10/2012,0,0,8(0.00 %),0,0,0,0,18927187,3.45
26/10/2012,0,0,8.1(1.25 %),0,0,0,0,18927187,2.43
29/10/2012,0,0,8(-1.23 %),0,0,0,0,18927187,3.45
30/10/2012,0,0,8.2(2.50 %),0,0,0,0,18927187,3.45
31/10/2012,0,0,8.2(0.00 %),0,0,0,0,18927187,3.45
01/11/2012,0,0,8.2(0.00 %),0,0,0,0,18927687,3.45
02/11/2012,0,0,8.1(-1.22 %),0,0,0,0,18927687,3.45
05/11/2012,0,0,8.1(0.00 %),0,0,0,0,18927687,3.45
06/11/2012,-10,-80000,8.2(1.23 %),0,0,10,80000,18927697,3.45
07/11/2012,2000,15400000,7.7(0.00 %),2000,15400000,0,0,18925697,3.45
08/11/2012,0,0,7.7(0.00 %),0,0,0,0,18925697,3.45
09/11/2012,300,2310000,7.6(-1.30 %),300,2310000,0,0,18925397,3.45
12/11/2012,0,0,7.6(0.00 %),0,0,0,0,18925397,3.45
13/11/2012,1000,7600000,7.7(1.32 %),1000,7600000,0,0,18924397,3.46
14/11/2012,0,0,7.6(-1.30 %),0,0,0,0,18924397,3.46
15/11/2012,0,0,7.5(-1.32 %),0,0,0,0,18924397,3.46
16/11/2012,0,0,7.5(0.00 %),0,0,0,0,18924397,3.46
19/11/2012,0,0,7.6(1.33 %),0,0,0,0,18924397,3.46
20/11/2012,0,0,7.7(1.32 %),0,0,0,0,18924397,3.46
21/11/2012,15000,115500000,7.7(0.00 %),15000,115500000,0,0,18909397,3.49
22/11/2012,700,5390000,7.7(0.00 %),700,5390000,0,0,18908697,3.49
23/11/2012,6500,49500000,7.7(0.00 %),6500,49500000,0,0,18902197,3.51
26/11/2012,0,0,7.7(0.00 %),0,0,0,0,18902197,3.51
27/11/2012,31400,242630000,7.8(1.30 %),32100,248020000,700,5390000,18870797,3.58
28/11/2012,3280,25496000,7.8(0.00 %),3280,25496000,0,0,18867517,3.59
29/11/2012,5000,38600000,7.8(0.00 %),5000,38600000,0,0,18862517,3.6
30/11/2012,18000,139400000,7.8(0.00 %),18000,139400000,0,0,18844517,3.65
03/12/2012,0,0,7.8(0.00 %),0,0,0,0,18844517,3.65
04/12/2012,2000,15600000,7.8(0.00 %),2000,15600000,0,0,18842517,3.65
05/12/2012,7900,62210000,7.9(1.28 %),7900,62210000,0,0,18834617,3.67
06/12/2012,6880,54274000,7.9(0.00 %),6880,54274000,0,0,18827737,3.69
07/12/2012,6010,47351000,7.9(0.00 %),6010,47351000,0,0,18821727,3.7
10/12/2012,2710,21409000,8(1.27 %),2710,21409000,0,0,18819017,3.71
11/12/2012,0,0,8(0.00 %),0,0,0,0,18819017,3.71
12/12/2012,2000,16000000,8.1(1.25 %),2000,16000000,0,0,18817017,3.71
13/12/2012,0,0,8(-1.23 %),0,0,0,0,18817017,3.71
14/12/2012,0,0,8(0.00 %),0,0,0,0,18817017,3.71
17/12/2012,0,0,8(0.00 %),0,0,0,0,18817017,3.71
18/12/2012,-10020,-79160000,8(0.00 %),0,0,10020,79160000,18827037,3.69
19/12/2012,-19980,-158842000,8.2(2.50 %),0,0,19980,158842000,18847017,3.64
20/12/2012,2000,16050000,8(-2.44 %),2000,16050000,0,0,18845017,3.65
21/12/2012,2020,16160000,8(0.00 %),2020,16160000,0,0,18842997,3.65
24/12/2012,-5700,-45600000,8(0.00 %),0,0,5700,45600000,18848697,3.64
25/12/2012,0,0,8(0.00 %),0,0,0,0,18848697,3.64
26/12/2012,0,0,8.2(2.50 %),0,0,0,0,18848697,3.64
27/12/2012,750,6145000,8.2(0.00 %),750,6145000,0,0,18847947,3.64
28/12/2012,20000,164000000,8.2(0.00 %),20000,164000000,0,0,18827947,3.69
02/01/2013,-3800,-30332000,8.3(1.22 %),500,4100000,4300,34432000,18827697,3.69
03/01/2013,0,0,8.2(-1.20 %),0,0,0,0,18827697,3.69
04/01/2013,0,0,8.2(0.00 %),0,0,0,0,18827697,3.69
07/01/2013,0,0,8.3(1.22 %),0,0,0,0,18827697,3.69
08/01/2013,0,0,8.4(1.20 %),0,0,0,0,18827697,3.69
09/01/2013,0,0,8.4(0.00 %),0,0,0,0,18827697,3.69
10/01/2013,8500,71400000,8.3(-1.19 %),8500,71400000,0,0,18819197,3.71
11/01/2013,8400,70060000,8.4(1.20 %),8400,70060000,0,0,18810797,3.73
14/01/2013,0,0,8.4(0.00 %),0,0,0,0,18810797,3.73
15/01/2013,0,0,8.5(1.19 %),0,0,0,0,18810797,3.73
16/01/2013,0,0,8.6(1.18 %),0,0,0,0,18810797,3.73
17/01/2013,-16980,-142751000,8.5(-1.16 %),0,0,16980,142751000,18827777,3.69
18/01/2013,-8400,-70560000,8.5(0.00 %),0,0,8400,70560000,18836177,3.67
21/01/2013,0,0,8.5(0.00 %),0,0,0,0,18836177,3.67
22/01/2013,0,0,8.3(-2.35 %),0,0,0,0,18836177,3.67
23/01/2013,0,0,8.3(0.00 %),0,0,0,0,18836177,3.67
24/01/2013,0,0,8.4(1.20 %),0,0,0,0,18836177,3.67
25/01/2013,0,0,8.4(0.00 %),0,0,0,0,18836177,3.67
28/01/2013,0,0,8.9(5.95 %),0,0,0,0,18836177,3.67
29/01/2013,-10,-95000,9.5(6.74 %),0,0,10,95000,18836187,3.67
30/01/2013,5000,49500000,9.6(1.05 %),5000,49500000,0,0,18831187,3.68
31/01/2013,5000,46000000,9.3(-3.12 %),5000,46000000,0,0,18826187,3.69
01/02/2013,10000,90000000,9.3(0.00 %),10000,90000000,0,0,18820227,3.71
04/02/2013,0,0,9(-3.23 %),0,0,0,0,18820227,3.71
05/02/2013,1000,9200000,9.2(2.22 %),1000,9200000,0,0,18819227,3.71
06/02/2013,1500,13650000,9.5(3.26 %),1500,13650000,0,0,18817727,3.71
07/02/2013,0,0,9.5(0.00 %),0,0,0,0,18817727,3.71
08/02/2013,34270,326992000,9.7(2.11 %),34270,326992000,0,0,18783457,3.79
18/02/2013,30000,303000000,10.3(6.19 %),30000,303000000,0,0,18753457,3.87
19/02/2013,5000,52000000,10.4(0.97 %),5000,52000000,0,0,18748457,3.88
20/02/2013,60000,645000000,11.1(6.73 %),60000,645000000,0,0,18688457,4.02
21/02/2013,0,0,10.9(-1.80 %),0,0,0,0,18688457,4.02
22/02/2013,0,0,11.1(1.83 %),0,0,0,0,18688457,4.02
25/02/2013,100,1070000,10.9(-1.80 %),100,1070000,0,0,18688357,4.02
26/02/2013,0,0,10.3(-5.50 %),0,0,0,0,18688357,4.02
27/02/2013,0,0,10.2(-0.97 %),0,0,0,0,18688357,4.02
28/02/2013,0,0,10.4(1.96 %),0,0,0,0,18688357,4.02
01/03/2013,40,416000,10.4(0.00 %),40,416000,0,0,18688327,4.02
04/03/2013,0,0,10(-3.85 %),0,0,0,0,18688327,4.02
05/03/2013,0,0,9.7(-3.00 %),0,0,0,0,18688327,4.02
06/03/2013,0,0,10.1(4.12 %),0,0,0,0,18688327,4.02
07/03/2013,0,0,10(-0.99 %),0,0,0,0,18688327,4.02
08/03/2013,0,0,10.1(1.00 %),0,0,0,0,18688327,4.02
11/03/2013,0,0,10.4(2.97 %),0,0,0,0,18688327,4.02
12/03/2013,0,0,10.4(0.00 %),0,0,0,0,18688327,4.02
13/03/2013,0,0,10.2(-1.92 %),0,0,0,0,18688327,4.02
14/03/2013,0,0,10.2(0.00 %),0,0,0,0,18688327,4.02
15/03/2013,16500,170150000,10.3(0.98 %),16500,170150000,0,0,18671827,4.06
18/03/2013,27000,287750000,10.7(3.88 %),27000,287750000,0,0,18644827,4.13
19/03/2013,31500,340178000,10.8(0.93 %),31500,340178000,0,0,18613327,4.2
20/03/2013,0,0,10.9(0.93 %),0,0,0,0,18613327,4.2
21/03/2013,31000,337623000,10.9(0.00 %),31000,337623000,0,0,18582327,4.28
22/03/2013,9000,96960000,10.7(-1.83 %),9000,96960000,0,0,18573327,4.3
25/03/2013,850,9095000,10.6(-0.93 %),850,9095000,0,0,18572477,4.3
26/03/2013,0,0,10.5(-0.94 %),0,0,0,0,18572477,4.3
27/03/2013,0,0,10.5(0.00 %),0,0,0,0,18572477,4.3
28/03/2013,0,0,10.4(-0.95 %),0,0,0,0,18572477,4.3
29/03/2013,0,0,10.4(0.00 %),0,0,0,0,18572477,4.3
01/04/2013,0,0,10.5(0.96 %),0,0,0,0,18572477,4.3
02/04/2013,-810,-8505000,10.7(1.90 %),0,0,810,8505000,18573287,4.3
03/04/2013,0,0,10.7(0.00 %),0,0,0,0,18573287,4.3
04/04/2013,0,0,10.8(0.93 %),0,0,0,0,18573287,4.3
05/04/2013,0,0,11.5(6.48 %),0,0,0,0,18573287,4.3
08/04/2013,54000,631715000,11.7(1.74 %),54000,631715000,0,0,18519287,4.43
09/04/2013,36000,418400000,11.8(0.85 %),36000,418400000,0,0,18483287,4.52
10/04/2013,0,0,11.4(-3.39 %),0,0,0,0,18483287,4.52
11/04/2013,100,1150000,11.2(-1.75 %),100,1150000,0,0,18483187,4.52
12/04/2013,0,0,11(-1.79 %),0,0,0,0,18483187,4.52
15/04/2013,0,0,10.9(-0.91 %),0,0,0,0,18483187,4.52
16/04/2013,0,0,11(0.92 %),0,0,0,0,18483187,4.52
17/04/2013,0,0,11(0.00 %),0,0,0,0,18483187,4.52
18/04/2013,0,0,11(0.00 %),0,0,0,0,18483187,4.52
22/04/2013,97870,1099307000,11.3(2.73 %),97870,1099307000,0,0,18385317,4.75
23/04/2013,5000,57000000,11.4(0.88 %),5000,57000000,0,0,18380317,4.76
24/04/2013,0,0,11.4(0.00 %),0,0,0,0,18380317,4.76
25/04/2013,0,0,11.4(0.00 %),0,0,0,0,18380317,4.76
26/04/2013,0,0,11.3(-0.88 %),0,0,0,0,18380317,4.76
02/05/2013,500,5650000,11.3(0.00 %),500,5650000,0,0,18379817,4.77
03/05/2013,85550,991870000,11.7(3.54 %),85550,991870000,0,0,18294267,4.97
06/05/2013,-4100,-48380000,11.8(0.85 %),0,0,4100,48380000,18298367,4.96
07/05/2013,0,0,11.7(-0.85 %),0,0,0,0,18298367,4.96
08/05/2013,27000,313200000,11.7(0.00 %),27000,313200000,0,0,18271367,5.03
09/05/2013,0,0,11.8(0.85 %),0,0,0,0,18271367,5.03
10/05/2013,-10000,-117000000,11.6(-1.69 %),0,0,10000,117000000,18281367,5.0
13/05/2013,-3000,-31700000,10.7(0.00 %),2000,21800000,5000,53500000,18284367,5.0
14/05/2013,101130,1069478000,10.6(-0.93 %),101130,1069478000,0,0,18183237,5.24
15/05/2013,-60500,-623630000,10.2(-3.77 %),3900,40950000,64400,664580000,18243737,5.09
16/05/2013,-35600,-369800000,10.4(1.96 %),0,0,35600,369800000,18279337,5.01
17/05/2013,42550,441321000,10.5(0.96 %),42550,441321000,0,0,18236787,5.11
20/05/2013,14810,156105000,10.7(1.90 %),14810,156105000,0,0,18221977,5.15
21/05/2013,35220,369850000,10.9(1.87 %),35220,369850000,0,0,18186757,5.23
22/05/2013,-2400,-27090000,11.3(3.67 %),1500,16200000,3900,43290000,18189157,5.22
23/05/2013,-1200,-13900000,11.6(2.65 %),200,2340000,1400,16240000,18190357,5.22
24/05/2013,0,0,12(3.45 %),0,0,0,0,18190357,5.22
27/05/2013,0,0,12.6(5.00 %),0,0,0,0,18190357,5.22
28/05/2013,-18700,-239485000,13.4(6.35 %),950,11970000,19650,251455000,18209057,5.18
29/05/2013,-100,-1340000,13.2(-1.49 %),0,0,100,1340000,18209157,5.18
30/05/2013,0,0,13(-1.52 %),0,0,0,0,18209157,5.18
31/05/2013,0,0,12.9(-0.77 %),0,0,0,0,18209157,5.18
03/06/2013,0,0,12.5(-3.10 %),0,0,0,0,18209057,5.18
04/06/2013,0,0,12.2(-2.40 %),0,0,0,0,18209057,5.18
05/06/2013,75890,953925000,13(6.56 %),75890,953925000,0,0,18133167,5.36
06/06/2013,4600,61000000,13.3(2.31 %),4600,61000000,0,0,18128567,5.37
07/06/2013,65360,866652000,13.1(-1.50 %),65360,866652000,0,0,18063207,5.53
10/06/2013,0,0,12.7(-3.05 %),0,0,0,0,18063207,5.53
11/06/2013,0,0,12.6(-0.79 %),0,0,0,0,18063207,5.53
12/06/2013,0,0,12.5(-0.79 %),0,0,0,0,18063207,5.53
13/06/2013,68760,858646000,12.6(0.80 %),68760,858646000,0,0,17994447,5.69
14/06/2013,3000,37800000,12.4(-1.59 %),3000,37800000,0,0,17991447,5.7
17/06/2013,10000,122000000,12(-3.23 %),10000,122000000,0,0,17981447,5.72
18/06/2013,25790,312059000,12.1(0.83 %),25790,312059000,0,0,17955657,5.79
19/06/2013,11030,134566000,12.3(1.65 %),11030,134566000,0,0,17944627,5.81
20/06/2013,55270,673267000,12.2(-0.81 %),55270,673267000,0,0,17889357,5.95
21/06/2013,109410,1335597000,12.3(0.82 %),109410,1335597000,0,0,17779947,6.21
24/06/2013,-8000,-95400000,12.1(-1.63 %),2000,24600000,10000,120000000,17787947,6.19
25/06/2013,3030,36354000,11.9(-1.65 %),3030,36354000,0,0,17784917,6.2
26/06/2013,-5000,-58500000,12(0.84 %),5000,59500000,10000,118000000,17789917,6.19
27/06/2013,4800,57600000,12.1(0.83 %),4800,57600000,0,0,17785117,6.2
28/06/2013,0,0,12.1(0.00 %),0,0,0,0,17785117,6.2
01/07/2013,3200,38230000,12(-0.83 %),3200,38230000,0,0,17772017,6.23
02/07/2013,1200,14590000,12.3(2.50 %),1200,14590000,0,0,17770817,6.23
03/07/2013,-11000,-135300000,12.4(0.81 %),0,0,11000,135300000,17781817,6.21
04/07/2013,-3000,-37200000,12.5(0.81 %),0,0,3000,37200000,17784817,6.2
05/07/2013,0,0,12.4(-0.80 %),0,0,0,0,17784817,6.2
08/07/2013,12050,148377000,12.3(-0.81 %),12050,148377000,0,0,17772767,6.23
09/07/2013,0,0,12.3(0.00 %),0,0,0,0,17772767,6.23
10/07/2013,1930,23839000,12.3(0.00 %),1930,23839000,0,0,17770837,6.23
11/07/2013,0,0,12.4(0.81 %),0,0,0,0,17770837,6.23
12/07/2013,8000,100800000,12.6(1.61 %),8000,100800000,0,0,17762837,6.25
15/07/2013,14140,178164000,12.8(1.59 %),14140,178164000,0,0,17748697,6.28
16/07/2013,17000,223700000,13.1(2.34 %),17000,223700000,0,0,17731697,6.33
17/07/2013,-5500,-72050000,13.2(0.76 %),2500,32750000,8000,104800000,17737197,6.31
18/07/2013,0,0,13(-1.52 %),0,0,0,0,17737197,6.31
19/07/2013,1000,13100000,13.2(1.54 %),1000,13100000,0,0,17736197,6.31
22/07/2013,-10000,-129500000,12.8(-3.03 %),0,0,10000,129500000,17746197,6.29
23/07/2013,46860,605350000,12.9(0.78 %),46860,605350000,0,0,17699337,6.4
24/07/2013,95940,1237626000,12.8(-0.78 %),100940,1302126000,5000,64500000,17603397,6.63
25/07/2013,0,0,12.7(-0.78 %),0,0,0,0,17603397,6.63
26/07/2013,-4230,-52875000,12.6(-0.79 %),0,0,4230,52875000,17607627,6.62
29/07/2013,-1000,-12400000,12.3(-2.38 %),0,0,1000,12400000,17608627,6.62
30/07/2013,0,0,12.4(0.81 %),0,0,0,0,17608627,6.62
31/07/2013,0,0,12.5(0.81 %),0,0,0,0,17608627,6.62
01/08/2013,0,0,12.8(2.40 %),0,0,0,0,17617627,6.6
02/08/2013,18920,241676000,12.7(-0.78 %),20000,255500000,1080,13824000,17598707,6.65
05/08/2013,27000,343100000,12.7(0.00 %),27000,343100000,0,0,17571707,6.71
06/08/2013,14000,178300000,12.8(0.79 %),14000,178300000,0,0,17557707,6.74
07/08/2013,63600,813080000,12.8(0.00 %),63600,813080000,0,0,17494107,6.9
08/08/2013,4110,52436000,12.8(0.00 %),4110,52436000,0,0,17489997,6.91
09/08/2013,10000,128000000,12.8(0.00 %),10000,128000000,0,0,17479997,6.93
12/08/2013,4890,62103000,12.7(-0.78 %),4890,62103000,0,0,17475107,6.94
13/08/2013,0,0,12.5(-1.57 %),0,0,0,0,17475107,6.94
14/08/2013,7330,90159000,12.6(0.80 %),7330,90159000,0,0,17467777,6.96
15/08/2013,3650,45260000,12.7(0.79 %),3650,45260000,0,0,17464127,6.97
16/08/2013,58000,736020000,12.7(0.00 %),58000,736020000,0,0,17406127,7.11
19/08/2013,0,0,12.8(0.79 %),0,0,0,0,17406127,7.11
20/08/2013,0,0,12.7(-0.78 %),0,0,0,0,17406127,7.11
21/08/2013,0,0,12.7(0.00 %),0,0,0,0,17406127,7.11
22/08/2013,34300,435693000,12.7(0.00 %),34300,435693000,0,0,17371827,7.19
23/08/2013,60700,767840000,12.7(0.00 %),85700,1082840000,25000,315000000,17311127,7.34
26/08/2013,-10600,-132500000,12.7(0.00 %),200,2500000,10800,135000000,17321727,7.31
27/08/2013,0,0,12.6(-0.79 %),0,0,0,0,17321727,7.31
28/08/2013,0,0,12.3(-2.38 %),0,0,0,0,17321727,7.31
29/08/2013,0,0,12.2(-0.81 %),0,0,0,0,17321727,7.31
30/08/2013,0,0,12.5(2.46 %),0,0,0,0,17321727,7.31
03/09/2013,0,0,12.3(-1.60 %),0,0,0,0,17322727,7.31
04/09/2013,0,0,12.1(-1.63 %),0,0,0,0,17322727,7.31
05/09/2013,0,0,12.2(0.83 %),0,0,0,0,17322727,7.31
06/09/2013,0,0,12.3(0.82 %),0,0,0,0,17322727,7.31
09/09/2013,0,0,12(-2.44 %),0,0,0,0,17322727,7.31
10/09/2013,3000,36300000,12.2(1.67 %),3000,36300000,0,0,17319727,7.32
11/09/2013,0,0,12.2(0.00 %),0,0,0,0,17319727,7.32
12/09/2013,0,0,12.3(0.82 %),0,0,0,0,17319727,7.32
13/09/2013,1300,15730000,12.3(0.00 %),1300,15730000,0,0,17318427,7.32
16/09/2013,0,0,12.1(-1.63 %),0,0,0,0,17318427,7.32
17/09/2013,0,0,12.1(0.00 %),0,0,0,0,17318427,7.32
18/09/2013,2000,24200000,12.1(0.00 %),2000,24200000,0,0,17316427,7.33
19/09/2013,0,0,12.1(0.00 %),0,0,0,0,17316427,7.33
20/09/2013,0,0,12.2(0.83 %),0,0,0,0,17316427,7.33
23/09/2013,0,0,12.2(0.00 %),0,0,0,0,17316427,7.33
24/09/2013,0,0,12.3(0.82 %),0,0,0,0,17316427,7.33
25/09/2013,0,0,12.5(1.63 %),0,0,0,0,17316427,7.33
26/09/2013,0,0,12.4(-0.80 %),0,0,0,0,17316427,7.33
27/09/2013,0,0,12.4(0.00 %),0,0,0,0,17316427,7.33
30/09/2013,100,1250000,12.4(0.00 %),100,1250000,0,0,17316327,7.33
01/10/2013,0,0,12.4(0.00 %),0,0,0,0,17316327,7.33
02/10/2013,0,0,12.5(0.81 %),0,0,0,0,17316327,7.33
03/10/2013,-10000,-123126000,12.3(-1.60 %),0,0,10000,123126000,17326327,7.3
04/10/2013,0,0,12.3(0.00 %),0,0,0,0,17326327,7.3
07/10/2013,3400,41520000,12.3(0.00 %),3400,41520000,0,0,17322927,7.31
08/10/2013,0,0,12.4(0.81 %),0,0,0,0,17322927,7.31
09/10/2013,100,1230000,12.4(0.00 %),100,1230000,0,0,17322827,7.31
10/10/2013,0,0,12.5(0.81 %),0,0,0,0,17322827,7.31
11/10/2013,-18480,-229152000,12.4(-0.80 %),1520,18848000,20000,248000000,17341307,7.27
14/10/2013,0,0,12.4(0.00 %),0,0,0,0,17341307,7.27
15/10/2013,0,0,12.4(0.00 %),0,0,0,0,17341307,7.27
16/10/2013,0,0,12.4(0.00 %),0,0,0,0,17341307,7.27
17/10/2013,0,0,13.1(5.65 %),0,0,0,0,17341307,7.27
18/10/2013,0,0,13(-0.76 %),0,0,0,0,17341307,7.27
21/10/2013,0,0,13(0.00 %),0,0,0,0,17341307,7.27
22/10/2013,0,0,12.9(-0.77 %),0,0,0,0,17341307,7.27
23/10/2013,-1300,-17070000,12.8(-0.78 %),1700,21930000,3000,39000000,17342607,7.26
24/10/2013,0,0,12.9(0.78 %),0,0,0,0,17342607,7.26
25/10/2013,0,0,12.9(0.00 %),0,0,0,0,17342607,7.26
28/10/2013,0,0,12.7(-1.55 %),0,0,0,0,17342607,7.26
29/10/2013,750,9525000,12.7(0.00 %),750,9525000,0,0,17341857,7.26
30/10/2013,-2800,-35280000,12.6(-0.79 %),0,0,2800,35280000,17344657,7.26
31/10/2013,0,0,12.9(2.38 %),0,0,0,0,17344657,7.26
01/11/2013,0,0,12.8(-0.78 %),0,0,0,0,17341863,7.26
04/11/2013,0,0,12.8(0.00 %),0,0,0,0,17341863,7.26
05/11/2013,0,0,12.8(0.00 %),0,0,0,0,17341863,7.26
06/11/2013,20000,256000000,12.5(1.63 %),20000,256000000,0,0,17321863,7.31
07/11/2013,0,0,12.4(-0.80 %),0,0,0,0,17321863,7.31
08/11/2013,0,0,12.1(-2.42 %),0,0,0,0,17321863,7.31
11/11/2013,0,0,12(-0.83 %),0,0,0,0,17321863,7.31
12/11/2013,500,6100000,12.1(0.83 %),500,6100000,0,0,17321363,7.31
13/11/2013,-5000,-60500000,12.1(0.00 %),0,0,5000,60500000,17326363,7.3
14/11/2013,-2550,-30687000,12.1(0.00 %),0,0,2550,30687000,17328913,7.3
15/11/2013,0,0,12.3(1.65 %),0,0,0,0,17328913,7.3
18/11/2013,0,0,12.2(-0.81 %),0,0,0,0,17328913,7.3
19/11/2013,0,0,12.3(0.82 %),0,0,0,0,17328913,7.3
20/11/2013,820,10086000,12.4(0.81 %),820,10086000,0,0,17328093,7.3
21/11/2013,400,4960000,12.5(0.81 %),400,4960000,0,0,17327693,7.3
22/11/2013,100,1240000,12.6(0.80 %),100,1240000,0,0,17327593,7.3
25/11/2013,4000,50000000,12.5(-0.79 %),4000,50000000,0,0,17323593,7.31
26/11/2013,-20600,-253480000,12.4(-0.80 %),0,0,20600,253480000,17344193,7.26
27/11/2013,0,0,12.4(0.00 %),0,0,0,0,17344193,7.26
28/11/2013,-7100,-87290000,12.4(0.00 %),400,4960000,7500,92250000,17351293,7.24
29/11/2013,1930,23739000,12.4(0.00 %),1930,23739000,0,0,17349363,7.25
02/12/2013,3000,36900000,12.4(0.00 %),3000,36900000,0,0,17341671,7.26
03/12/2013,3080,37884000,12.3(-0.81 %),3080,37884000,0,0,17338591,7.27
04/12/2013,0,0,12.4(0.81 %),0,0,0,0,17338591,7.27
05/12/2013,-4700,-57810000,12.3(-0.81 %),0,0,4700,57810000,17343291,7.26
06/12/2013,0,0,12.4(0.81 %),0,0,0,0,17343291,7.26
09/12/2013,1500,18600000,12.3(-0.81 %),1500,18600000,0,0,17341791,7.26
10/12/2013,0,0,12.4(0.81 %),0,0,0,0,17341791,7.26
11/12/2013,0,0,12.3(-0.81 %),0,0,0,0,17341791,7.26
12/12/2013,-12200,-148240000,12.1(-1.63 %),0,0,12200,148240000,17353991,7.23
13/12/2013,-12500,-150000000,12.1(0.00 %),0,0,12500,150000000,17366491,7.2
16/12/2013,-1600,-19360000,12.2(0.83 %),4000,48400000,5600,67760000,17368091,7.2
17/12/2013,0,0,12.3(0.82 %),0,0,0,0,17368091,7.2
18/12/2013,6000,73400000,12.2(-0.81 %),6000,73400000,0,0,17362091,7.22
19/12/2013,-7900,-95590000,12.1(-0.82 %),0,0,7900,95590000,17369991,7.2
20/12/2013,-500,-6050000,12.1(0.00 %),0,0,500,6050000,17370491,7.2
23/12/2013,7760,93896000,12.2(0.83 %),7760,93896000,0,0,17362731,7.21
24/12/2013,7300,88220000,12.1(-0.82 %),8400,101640000,1100,13420000,17355431,7.23
25/12/2013,0,0,12.1(0.00 %),0,0,0,0,17355431,7.23
26/12/2013,0,0,12.2(0.83 %),0,0,0,0,17355431,7.23
27/12/2013,21400,256800000,12.1(-0.82 %),21400,256800000,0,0,17334031,7.28
30/12/2013,0,0,12.1(0.00 %),0,0,0,0,17334031,7.28
31/12/2013,0,0,12.2(0.83 %),0,0,0,0,17334031,7.28
02/01/2014,0,0,12.1(-0.82 %),0,0,0,0,17341531,7.26
03/01/2014,0,0,12.1(0.00 %),0,0,0,0,17341531,7.26
06/01/2014,3100,37200000,12.2(0.83 %),3100,37200000,0,0,17338431,7.27
07/01/2014,0,0,12.2(0.00 %),0,0,0,0,17338431,7.27
08/01/2014,8100,98820000,12.2(0.00 %),8100,98820000,0,0,17330331,7.29
09/01/2014,0,0,12.2(0.00 %),0,0,0,0,17330331,7.29
10/01/2014,0,0,12.3(0.82 %),0,0,0,0,17330331,7.29
13/01/2014,0,0,12.3(0.00 %),0,0,0,0,17330331,7.29
14/01/2014,15280,184888000,12.3(0.00 %),15280,184888000,0,0,17315051,7.33
15/01/2014,31380,385826000,12.3(0.00 %),31380,385826000,0,0,17283671,7.4
16/01/2014,-15000,-184500000,12.3(0.00 %),0,0,15000,184500000,17298671,7.37
17/01/2014,26900,335850000,12.5(1.63 %),26900,335850000,0,0,17271771,7.43
20/01/2014,-4000,-49600000,12.4(-0.80 %),1000,12400000,5000,62000000,17275771,7.42
21/01/2014,-1160,-14430000,12.5(0.81 %),460,5658000,1620,20088000,17276931,7.42
22/01/2014,3540,43842000,12.4(-0.80 %),3540,43842000,0,0,17273391,7.43
23/01/2014,0,0,12.3(-0.81 %),0,0,0,0,17273391,7.43
24/01/2014,0,0,12.4(0.81 %),0,0,0,0,17273391,7.43
27/01/2014,10400,126880000,12.4(0.00 %),30000,366000000,19600,239120000,17262991,7.45
06/02/2014,0,0,12.6(1.61 %),0,0,0,0,17243391,7.5
07/02/2014,-20000,-252000000,12.6(0.00 %),0,0,20000,252000000,17263391,7.45
10/02/2014,0,0,12.6(0.00 %),0,0,0,0,17263391,7.45
11/02/2014,0,0,12.8(1.59 %),0,0,0,0,17263391,7.45
12/02/2014,-42000,-549600000,13.5(5.47 %),0,0,42000,549600000,17305391,7.35
13/02/2014,-6700,-94050000,13.6(0.74 %),5000,69250000,11700,163300000,17312091,7.34
14/02/2014,34500,475170000,13.3(-2.21 %),34500,475170000,0,0,17277591,7.42
17/02/2014,19900,268650000,13.5(1.50 %),19900,268650000,0,0,17257691,7.47
18/02/2014,0,0,13.6(0.74 %),0,0,0,0,17257691,7.47
19/02/2014,-2860,-40496000,14.3(5.15 %),3140,43304000,6000,83800000,17260551,7.46
20/02/2014,10000,133000000,13.3(-6.99 %),10000,133000000,0,0,17250551,7.48
21/02/2014,20210,268793000,13.3(0.00 %),20210,268793000,0,0,17230341,7.53
24/02/2014,0,0,13(-2.26 %),0,0,0,0,17230341,7.53
25/02/2014,-10,-131000,13.3(2.31 %),0,0,10,131000,17230351,7.53
26/02/2014,23200,306910000,13.3(0.00 %),23500,310900000,300,3990000,17207151,7.59
27/02/2014,-10000,-132000000,12.9(-3.01 %),0,0,10000,132000000,17217151,7.56
28/02/2014,12000,155000000,13.1(1.55 %),20000,259000000,8000,104000000,17205151,7.59
03/03/2014,0,0,12.9(-1.53 %),0,0,0,0,17206451,7.59
04/03/2014,0,0,13(0.78 %),0,0,0,0,17206451,7.59
05/03/2014,-2000,-25800000,12.9(-0.77 %),0,0,2000,25800000,17208451,7.59
06/03/2014,0,0,13.2(2.33 %),0,0,0,0,17208451,7.59
07/03/2014,19900,266660000,13.3(0.76 %),19900,266660000,0,0,17188551,7.63
10/03/2014,0,0,13.2(-0.75 %),0,0,0,0,17188551,7.63
11/03/2014,2000,26400000,13.3(0.76 %),2000,26400000,0,0,17186551,7.64
12/03/2014,0,0,13.1(-1.50 %),0,0,0,0,17186551,7.64
13/03/2014,1000,13100000,13.3(1.53 %),1000,13100000,0,0,17185551,7.64
14/03/2014,0,0,13.2(-0.75 %),0,0,0,0,17185551,7.64
17/03/2014,0,0,13.2(0.00 %),0,0,0,0,17185551,7.64
18/03/2014,0,0,13.3(0.76 %),0,0,0,0,17185551,7.64
19/03/2014,100,1340000,13.4(0.75 %),100,1340000,0,0,17185451,7.64
20/03/2014,-40,-531000,13.3(-0.75 %),0,0,40,531000,17185491,7.64
21/03/2014,-20000,-275000000,13.7(3.01 %),0,0,20000,275000000,17205491,7.59
24/03/2014,14350,197895000,13.9(1.46 %),14350,197895000,0,0,17191141,7.63
25/03/2014,75410,1068079000,14.3(2.88 %),75650,1071535000,240,3456000,17115731,7.81
26/03/2014,257820,3624735000,14.3(0.00 %),257820,3624735000,0,0,16857911,8.43
27/03/2014,112940,1599785000,14.3(0.00 %),112940,1599785000,0,0,16744971,8.7
28/03/2014,-19300,-277744000,14.5(1.40 %),700,10010000,20000,287754000,16764271,8.65
31/03/2014,124240,1882580000,15.5(6.90 %),187240,2857480000,63000,974900000,16640031,8.95
01/04/2014,199620,3030600000,15.3(-1.29 %),203620,3091800000,4000,61200000,16371711,9.6
02/04/2014,211380,3165760000,15(-1.96 %),211380,3165760000,0,0,16160331,10.11
03/04/2014,108280,1631700000,15(0.00 %),108280,1631700000,0,0,16052051,10.37
04/04/2014,144180,2225055000,15.5(3.33 %),144180,2225055000,0,0,15907871,10.72
07/04/2014,127810,2009235000,16.1(3.87 %),129810,2041235000,2000,32000000,15780061,11.02
08/04/2014,72190,1162561000,16.4(1.86 %),74190,1194761000,2000,32200000,15707871,11.2
10/04/2014,120040,2002988000,16.6(1.22 %),122040,2035988000,2000,33000000,15587831,11.49
11/04/2014,136200,2245720000,16.5(-0.60 %),136200,2245720000,0,0,15451631,11.81
14/04/2014,-19800,-316860000,15.5(-6.06 %),200,3140000,20000,320000000,15471431,11.77
15/04/2014,5000,74000000,14.5(-6.45 %),5000,74000000,0,0,15466431,11.78
16/04/2014,74000,1042200000,14(-3.45 %),74000,1042200000,0,0,15392431,11.96
17/04/2014,35650,518120000,14.9(6.43 %),35650,518120000,0,0,15356781,12.04
18/04/2014,0,0,14(-6.04 %),0,0,0,0,15356781,12.04
21/04/2014,36710,522549000,14.1(0.71 %),36710,522549000,0,0,15320071,12.13
22/04/2014,7890,112194000,14.6(3.55 %),7890,112194000,0,0,15312181,12.15
23/04/2014,42860,624793000,14.6(0.00 %),42860,624793000,0,0,15269321,12.25
24/04/2014,116980,1748376000,15(2.74 %),116980,1748376000,0,0,15152341,12.53
25/04/2014,35380,527343000,14.9(-0.67 %),35380,527343000,0,0,15116961,12.62
28/04/2014,32260,476958000,15(0.67 %),32260,476958000,0,0,15084701,12.7
29/04/2014,64100,948680000,14.8(-1.33 %),64100,948680000,0,0,15020601,12.85
05/05/2014,95000,1376243000,14.4(-2.70 %),95000,1376243000,0,0,15012601,12.87
06/05/2014,29440,409382000,14.3(-0.69 %),29440,409382000,0,0,14983161,12.94
07/05/2014,9110,129762000,14.4(0.70 %),9110,129762000,0,0,14974051,12.96
08/05/2014,133500,1844750000,13.4(-6.94 %),133500,1844750000,0,0,14840551,13.28
09/05/2014,30270,416151000,14.1(5.22 %),30270,416151000,0,0,14810281,13.36
12/05/2014,437870,6071639000,13.9(-1.42 %),437870,6071639000,0,0,14372411,14.41
13/05/2014,131110,1844237000,14.1(1.44 %),131110,1844237000,0,0,14241301,14.73
14/05/2014,166570,2348951000,14.3(1.42 %),166570,2348951000,0,0,14074731,15.13
15/05/2014,10000,139078000,14(-2.10 %),10000,139078000,0,0,14064731,15.15
16/05/2014,21180,292020000,14(0.00 %),26880,370320000,5700,78300000,14043551,15.2
19/05/2014,0,0,13.8(-1.43 %),0,0,0,0,14043551,15.2
20/05/2014,-20000,-267190000,13.7(-0.72 %),0,0,20000,267190000,14063551,15.15
21/05/2014,200,2720000,13.8(0.73 %),200,2720000,0,0,14063351,15.15
22/05/2014,-500,-6900000,13.9(0.72 %),0,0,500,6900000,14063851,15.15
23/05/2014,0,0,13.6(-2.16 %),0,0,0,0,14063851,15.15
26/05/2014,0,0,14(2.94 %),0,0,0,0,14063851,15.15
27/05/2014,0,0,14.3(2.14 %),0,0,0,0,14063851,15.15
28/05/2014,2000,28600000,14.3(0.00 %),2000,28600000,0,0,14061851,15.16
29/05/2014,0,0,14.1(-1.40 %),0,0,0,0,14061851,15.16
30/05/2014,200,2800000,13.9(-1.42 %),200,2800000,0,0,14061651,15.16
02/06/2014,5000,69000000,13.9(0.00 %),5000,69000000,0,0,14056651,15.17
03/06/2014,590,8201000,13.8(-0.72 %),590,8201000,0,0,14056061,15.17
04/06/2014,0,0,13.9(0.72 %),0,0,0,0,14056061,15.17
05/06/2014,-3970,-55183000,13.9(0.00 %),0,0,3970,55183000,14060031,15.16
06/06/2014,0,0,13.8(-0.72 %),0,0,0,0,14060031,15.16
09/06/2014,-10000,-138000000,13.9(0.72 %),0,0,10000,138000000,14070031,15.14
10/06/2014,-8000,-110100000,13.7(-1.44 %),0,0,8000,110100000,14078031,15.12
11/06/2014,-4800,-66720000,13.9(1.46 %),0,0,4800,66720000,14082831,15.11
12/06/2014,0,0,14(0.72 %),0,0,0,0,14082831,15.11
13/06/2014,-5800,-80900000,13.9(-0.71 %),0,0,5800,80900000,14088631,15.09
16/06/2014,-5000,-69171000,13.8(-0.72 %),0,0,5000,69171000,14093631,15.08
17/06/2014,0,0,13.9(0.72 %),0,0,0,0,14093631,15.08
18/06/2014,0,0,13.8(-0.72 %),0,0,0,0,14093631,15.08
19/06/2014,0,0,13.8(0.00 %),0,0,0,0,14093631,15.08
20/06/2014,0,0,13.6(-1.45 %),0,0,0,0,14093631,15.08
23/06/2014,0,0,14(2.94 %),0,0,0,0,14093631,15.08
24/06/2014,5350,74365000,14(0.00 %),5350,74365000,0,0,14088281,15.09
25/06/2014,35960,499878000,13.8(-1.43 %),35960,499878000,0,0,14052321,15.18
26/06/2014,8000,111800000,14(1.45 %),8000,111800000,0,0,14044321,15.2
27/06/2014,0,0,14(0.00 %),0,0,0,0,14044321,15.2
30/06/2014,0,0,14(0.00 %),0,0,0,0,14044321,15.2
01/07/2014,0,0,14(0.00 %),0,0,0,0,14044321,15.2
02/07/2014,0,0,13.8(-1.43 %),0,0,0,0,14044321,15.2
03/07/2014,-600,-8340000,13.9(0.72 %),0,0,600,8340000,14044921,15.2
04/07/2014,0,0,14(0.72 %),0,0,0,0,14044921,15.2
07/07/2014,-70,-1001000,14.4(2.86 %),0,0,70,1001000,14044991,15.2
08/07/2014,0,0,14.4(0.00 %),0,0,0,0,14044991,15.2
09/07/2014,0,0,14.5(0.69 %),0,0,0,0,14044991,15.2
10/07/2014,0,0,14.4(-0.69 %),0,0,0,0,14044921,15.2
11/07/2014,0,0,14.3(-0.69 %),0,0,0,0,14044991,0.0
14/07/2014,0,0,14.3(0.00 %),0,0,0,0,14044991,15.2
15/07/2014,0,0,14.4(0.70 %),0,0,0,0,14044991,15.2
16/07/2014,0,0,13.6(-5.56 %),0,0,0,0,14044991,0.0
17/07/2014,200,2700000,13.5(-0.74 %),200,2700000,0,0,14044791,15.2
18/07/2014,200,2660000,13.3(-1.48 %),200,2660000,0,0,14044791,15.2
21/07/2014,16260,218703000,13.6(2.26 %),16260,218703000,0,0,14028331,0.0
22/07/2014,9440,127541000,13.5(-0.74 %),13030,175647000,3590,48106000,14015301,0.0
23/07/2014,34040,461099000,13.6(0.74 %),34440,466539000,400,5440000,13980861,0.0
24/07/2014,8160,110429000,13.6(0.00 %),8160,110429000,0,0,13972701,0.0
25/07/2014,12050,164480000,13.6(0.00 %),12050,164480000,0,0,13960651,0.0
28/07/2014,29260,392510000,13.3(-2.21 %),29260,392510000,0,0,13934981,0.0
29/07/2014,19000,257789000,13.6(2.26 %),19200,260489000,200,2700000,13916181,0.0
30/07/2014,10500,141750000,13.6(0.00 %),10500,141750000,0,0,13905681,0.0
31/07/2014,1630,21705000,13.7(0.74 %),4630,62505000,3000,40800000,13901051,0.0
01/08/2014,32010,435335000,13.7(0.00 %),32010,435335000,0,0,13876041,0.0
04/08/2014,13610,185026000,13.7(0.00 %),13610,185026000,0,0,13855631,0.0
05/08/2014,34810,473416000,13.7(0.00 %),34810,473416000,0,0,13820821,0.0
06/08/2014,25540,349898000,13.8(0.73 %),25540,349898000,0,0,13823821,15.73
07/08/2014,12570,172209000,13.8(0.00 %),12570,172209000,0,0,13811251,15.76
08/08/2014,10000,137000000,13.9(0.72 %),10000,137000000,0,0,13775711,0.0
11/08/2014,0,0,13.7(-1.44 %),0,0,0,0,13775711,0.0
12/08/2014,8120,110744000,13.7(0.00 %),8120,110744000,0,0,13767591,0.0
13/08/2014,4000,54800000,14(2.19 %),4000,54800000,0,0,13763591,0.0
14/08/2014,0,0,13.9(-0.71 %),0,0,0,0,13763591,15.88
15/08/2014,8150,111928000,13.7(-1.44 %),8150,111928000,0,0,13763591,15.88
18/08/2014,0,0,13.9(1.46 %),0,0,0,0,13755441,0.0
19/08/2014,0,0,13.8(-0.72 %),0,0,0,0,13755441,0.0
20/08/2014,0,0,13.8(0.00 %),0,0,0,0,13755441,0.0
21/08/2014,10970,150289000,13.9(0.72 %),10970,150289000,0,0,13744471,0.0
22/08/2014,0,0,14(0.72 %),0,0,0,0,13744471,15.92
25/08/2014,0,0,13.9(-0.71 %),0,0,0,0,13744471,15.92
26/08/2014,100,1390000,13.9(0.00 %),100,1390000,0,0,13744471,15.92
27/08/2014,-3900,-53430000,13.7(-1.44 %),97500,1334010000,101400,1387440000,13744371,15.92
28/08/2014,0,0,14(2.19 %),0,0,0,0,13646871,16.16
29/08/2014,-120,-1680000,14(0.00 %),0,0,120,1680000,13646871,0.0
03/09/2014,0,0,14(0.00 %),0,0,0,0,13646871,16.16
04/09/2014,0,0,14.1(0.71 %),0,0,0,0,13748271,0.0
05/09/2014,5480,77210000,14.1(0.00 %),5480,77210000,0,0,13747691,0.0
08/09/2014,10700,150870000,14.2(0.71 %),10700,150870000,0,0,13742911,15.93
09/09/2014,21780,305820000,14(-1.41 %),21780,305820000,0,0,13732211,15.95
10/09/2014,0,0,14(0.00 %),0,0,0,0,13710431,0.0
11/09/2014,-5130,-71818000,14(0.00 %),0,0,5130,71818000,13710431,0.0
12/09/2014,0,0,13.9(-0.71 %),0,0,0,0,13710431,0.0
15/09/2014,-25230,-349894000,13.8(-0.72 %),0,0,25230,349894000,13710431,16.0
16/09/2014,0,0,13.9(0.72 %),0,0,0,0,13710431,0.0
17/09/2014,-25590,-355701000,14(0.72 %),0,0,25590,355701000,13715561,0.0
18/09/2014,0,0,13.9(-0.71 %),0,0,0,0,13715561,0.0
19/09/2014,0,0,13.8(-0.72 %),0,0,0,0,13740791,0.0
22/09/2014,1450,20010000,13.8(0.00 %),1450,20010000,0,0,13739341,0.0
23/09/2014,0,0,13.8(0.00 %),0,0,0,0,13764931,0.0
24/09/2014,6110,84318000,13.8(0.00 %),6110,84318000,0,0,13758821,15.89
25/09/2014,0,0,14(1.45 %),0,0,0,0,13758821,15.89
26/09/2014,0,0,14(0.00 %),0,0,0,0,13758821,15.89
29/09/2014,0,0,14(0.00 %),0,0,0,0,13758821,0.0
30/09/2014,0,0,14(0.00 %),0,0,0,0,13758821,0.0
01/10/2014,0,0,14(0.00 %),0,0,0,0,13758821,0.0
02/10/2014,0,0,14(0.00 %),0,0,0,0,13758821,0.0
03/10/2014,7720,108080000,14.2(1.43 %),7730,108220000,10,140000,13751091,0.0
06/10/2014,0,0,14.3(0.70 %),0,0,0,0,13751091,0.0
07/10/2014,0,0,14.2(-0.70 %),0,0,0,0,13751091,0.0
08/10/2014,0,0,14.4(1.41 %),0,0,0,0,13751091,0.0
09/10/2014,0,0,14.3(-0.69 %),0,0,0,0,13751101,0.0
10/10/2014,3800,53960000,14.1(-1.40 %),3800,53960000,0,0,13747301,0.0
13/10/2014,0,0,14.3(1.42 %),0,0,0,0,13747301,15.91
14/10/2014,-10000,-141000000,14.1(-1.40 %),0,0,10000,141000000,13757301,15.89
15/10/2014,-50,-704000,14.2(0.71 %),0,0,50,704000,13757351,15.89
16/10/2014,0,0,14.2(0.00 %),0,0,0,0,13757351,15.89
17/10/2014,0,0,14.1(-0.70 %),0,0,0,0,13757351,15.89
20/10/2014,0,0,14.1(0.00 %),0,0,0,0,13757351,15.89
21/10/2014,0,0,14.1(0.00 %),0,0,0,0,13757351,15.89
22/10/2014,0,0,14.2(0.71 %),0,0,0,0,13757351,15.89
23/10/2014,0,0,14(-1.41 %),0,0,0,0,13757351,15.89
24/10/2014,0,0,14(0.00 %),0,0,0,0,13757351,15.89
27/10/2014,0,0,14(0.00 %),0,0,0,0,13757351,15.89
29/10/2014,-310,-4340000,14.1(0.71 %),0,0,310,4340000,13757661,15.89
30/10/2014,0,0,14.1(0.00 %),0,0,0,0,13757661,15.89
31/10/2014,0,0,14.2(0.71 %),0,0,0,0,13757661,15.89
03/11/2014,0,0,14.3(0.70 %),0,0,0,0,13757351,15.89
04/11/2014,-310,-4433000,14.2(-0.70 %),0,0,310,4433000,13757661,15.89
05/11/2014,0,0,14.2(0.00 %),0,0,0,0,13757661,15.89
06/11/2014,0,0,13.9(1.46 %),0,0,0,0,13757661,15.89
07/11/2014,0,0,13.8(-0.72 %),0,0,0,0,13757661,15.89
10/11/2014,0,0,13.8(0.00 %),0,0,0,0,13757661,15.89
11/11/2014,0,0,13.8(0.00 %),0,0,0,0,13757661,15.89
12/11/2014,0,0,13.8(0.00 %),0,0,0,0,13757661,15.89
13/11/2014,-3400,-46920000,13.8(0.00 %),0,0,3400,46920000,13761061,15.88
14/11/2014,0,0,13.8(0.00 %),0,0,0,0,13761061,15.88
17/11/2014,0,0,13.9(0.72 %),0,0,0,0,13761061,15.88
18/11/2014,0,0,13.6(-2.16 %),0,0,0,0,13761061,15.88
19/11/2014,70,952000,13.7(0.74 %),70,952000,0,0,13760991,15.88
20/11/2014,-13200,-179850000,13.8(0.73 %),0,0,13200,179850000,13761301,0.0
21/11/2014,0,0,13.6(-1.45 %),0,0,0,0,13761301,0.0
24/11/2014,2220,30190000,13.8(1.47 %),3420,46510000,1200,16320000,13757881,0.0
25/11/2014,-4480,-60480000,13.6(-1.45 %),0,0,4480,60480000,13757881,0.0
26/11/2014,0,0,13.8(1.47 %),0,0,0,0,13771081,0.0
27/11/2014,0,0,13.7(-0.72 %),0,0,0,0,13771081,0.0
28/11/2014,0,0,13.8(0.73 %),0,0,0,0,13772281,0.0
01/12/2014,0,0,13.9(0.72 %),0,0,0,0,13776761,0.0
02/12/2014,500,6920000,13.7(-1.44 %),500,6920000,0,0,13776261,0.0
03/12/2014,0,0,14(2.19 %),0,0,0,0,13776261,0.0
04/12/2014,0,0,14(0.00 %),0,0,0,0,13776261,0.0
05/12/2014,0,0,13.8(-1.43 %),0,0,0,0,13776261,0.0
08/12/2014,0,0,13.7(-0.72 %),0,0,0,0,13776261,0.0
09/12/2014,0,0,13.6(-0.73 %),0,0,0,0,13776261,0.0
10/12/2014,0,0,13.6(0.00 %),0,0,0,0,13776261,0.0
11/12/2014,0,0,13.6(0.00 %),0,0,0,0,13776261,0.0
12/12/2014,0,0,13.8(1.47 %),0,0,0,0,13776261,15.85
15/12/2014,-170,-2330000,13.7(-0.72 %),0,0,170,2330000,13776261,0.0
16/12/2014,0,0,13.6(-0.73 %),0,0,0,0,13776261,0.0
17/12/2014,0,0,13.5(-0.74 %),0,0,0,0,13776261,0.0
18/12/2014,0,0,13.7(1.48 %),0,0,0,0,13776261,0.0
19/12/2014,0,0,13.8(0.73 %),0,0,0,0,13776431,0.0
22/12/2014,0,0,13.8(0.00 %),0,0,0,0,13776431,15.84
23/12/2014,1000,13800000,13.8(0.00 %),1000,13800000,0,0,13775431,0.0
24/12/2014,0,0,13.7(-0.72 %),0,0,0,0,13775431,0.0
25/12/2014,0,0,13.8(0.73 %),0,0,0,0,13775431,0.0
26/12/2014,1000,13800000,13.6(-1.45 %),1000,13800000,0,0,13774431,15.85
29/12/2014,100,1370000,13.6(0.00 %),100,1370000,0,0,13774331,15.85
30/12/2014,0,0,13.6(0.00 %),0,0,0,0,13774331,15.85
31/12/2014,0,0,13.7(0.74 %),0,0,0,0,13774331,15.85
05/01/2015,0,0,13.6(-0.73 %),0,0,0,0,13774331,15.85
06/01/2015,0,0,13.6(0.00 %),0,0,0,0,13774331,15.85
07/01/2015,0,0,13.9(2.21 %),0,0,0,0,13774331,15.85
08/01/2015,0,0,13.9(0.00 %),0,0,0,0,13774331,15.85
09/01/2015,0,0,14(0.72 %),0,0,0,0,13774331,15.85
12/01/2015,0,0,13.9(-0.71 %),0,0,0,0,13774331,15.85
13/01/2015,0,0,14.1(1.44 %),0,0,0,0,13774331,15.85
14/01/2015,0,0,14(-0.71 %),0,0,0,0,13774331,15.85
15/01/2015,0,0,13.9(-0.71 %),0,0,0,0,13774331,15.85
16/01/2015,-200,-2720000,13.9(0.00 %),0,0,200,2720000,13774531,15.85
19/01/2015,0,0,13.8(-0.72 %),0,0,0,0,13774531,15.85
20/01/2015,8000,112000000,14(1.45 %),8000,112000000,0,0,13766531,15.87
21/01/2015,0,0,13.9(-0.71 %),0,0,0,0,13766531,15.87
22/01/2015,-1800,-25020000,13.9(0.00 %),0,0,1800,25020000,13768331,15.86
23/01/2015,0,0,14.2(2.16 %),0,0,0,0,13768331,15.86
26/01/2015,0,0,13.9(-2.11 %),0,0,0,0,13768331,15.86
27/01/2015,0,0,14.1(1.44 %),0,0,0,0,13768331,15.86
28/01/2015,0,0,13.9(-1.42 %),0,0,0,0,13768331,15.86
29/01/2015,0,0,13.9(0.00 %),0,0,0,0,13768331,15.86
30/01/2015,23020,324582000,13.9(0.00 %),23020,324582000,0,0,13745311,15.92
02/02/2015,0,0,13.9(0.00 %),0,0,0,0,13745311,15.92
03/02/2015,0,0,13.8(-0.72 %),0,0,0,0,13745311,15.92
04/02/2015,0,0,13.8(0.00 %),0,0,0,0,13745311,15.92
05/02/2015,0,0,13.9(0.72 %),0,0,0,0,13745311,15.92
06/02/2015,0,0,13.9(0.00 %),0,0,0,0,13745311,15.92
09/02/2015,0,0,13.8(-0.72 %),0,0,0,0,13745311,15.92
10/02/2015,0,0,13.7(-0.72 %),0,0,0,0,13745311,15.92
11/02/2015,0,0,13.8(0.73 %),0,0,0,0,13745311,15.92
12/02/2015,0,0,13.9(0.72 %),0,0,0,0,13745311,15.92
13/02/2015,0,0,14.1(1.44 %),0,0,0,0,13745311,15.92
24/02/2015,-500,-7000000,14.2(0.71 %),0,0,500,7000000,13745811,15.92
25/02/2015,0,0,13.8(-2.82 %),0,0,0,0,13745811,15.92
26/02/2015,0,0,13.8(0.00 %),0,0,0,0,13745811,15.92
27/02/2015,0,0,13.8(0.00 %),0,0,0,0,13745811,15.92
02/03/2015,240,3336000,13.9(0.72 %),240,3336000,0,0,13745571,15.92
03/03/2015,0,0,13.8(-0.72 %),0,0,0,0,13745571,15.92
04/03/2015,200,2780000,14(1.45 %),200,2780000,0,0,13745371,15.92
05/03/2015,0,0,14(0.00 %),0,0,0,0,13745371,15.92
06/03/2015,0,0,14.3(2.14 %),0,0,0,0,13745371,15.92
09/03/2015,0,0,14(-2.10 %),0,0,0,0,13745371,15.92
10/03/2015,-12000,-168000000,14(0.00 %),0,0,12000,168000000,13757371,15.89
11/03/2015,-55050,-765395000,13.9(-0.71 %),4000,55400000,59050,820795000,13812421,15.76
12/03/2015,-46000,-634800000,13.8(-0.72 %),9000,124200000,55000,759000000,13858421,15.65
13/03/2015,2000,27800000,13.9(0.72 %),3000,41700000,1000,13900000,13856421,15.65
16/03/2015,-25070,-343759000,13.7(-1.44 %),6000,82200000,31070,425959000,13881491,15.59
17/03/2015,-142640,-1954168000,13.7(0.00 %),0,0,142640,1954168000,14024131,15.25
18/03/2015,-23000,-312800000,13.6(-0.73 %),0,0,23000,312800000,14047131,15.19
19/03/2015,-24000,-326900000,13.7(0.74 %),0,0,24000,326900000,14071131,15.14
20/03/2015,-35320,-483884000,13.6(-0.73 %),0,0,35320,483884000,14106451,15.05
23/03/2015,-113010,-1536936000,13.6(0.00 %),0,0,113010,1536936000,14219461,14.78
24/03/2015,-19540,-263804000,13.6(0.00 %),0,0,19540,263804000,14239001,14.73
25/03/2015,-19540,-263804000,13.6(0.00 %),0,0,19540,263804000,14258541,14.68
26/03/2015,-16010,-216136000,13.6(0.00 %),1000,13500000,17010,229636000,14274551,14.65
27/03/2015,-14170,-191295000,13.4(-1.47 %),0,0,14170,191295000,14288721,14.61
30/03/2015,-23490,-314766000,13.4(0.00 %),0,0,23490,314766000,14312211,14.56
31/03/2015,0,0,13.6(1.49 %),0,0,0,0,14312211,14.56
01/04/2015,440,5940000,13.4(-1.47 %),440,5940000,0,0,14275571,14.64
02/04/2015,0,0,13.6(1.49 %),0,0,0,0,14275571,14.64
03/04/2015,8200,110700000,13.4(-1.47 %),8200,110700000,0,0,14267371,14.66
06/04/2015,0,0,13.5(0.75 %),0,0,0,0,14267371,14.66
07/04/2015,4740,63990000,13.5(0.00 %),4740,63990000,0,0,14262631,14.67
08/04/2015,0,0,13.4(-0.74 %),0,0,0,0,14262631,14.67
09/04/2015,-1760,-22280000,13.4(0.00 %),3040,40736000,4800,63016000,14264391,14.67
10/04/2015,-100,-1330000,13.4(0.00 %),0,0,100,1330000,14264491,14.67
13/04/2015,0,0,13.4(0.00 %),0,0,0,0,14264491,14.67
14/04/2015,0,0,13.4(0.00 %),0,0,0,0,14264491,14.67
15/04/2015,0,0,13.5(0.75 %),0,0,0,0,14264491,14.67
16/04/2015,0,0,13.5(0.00 %),0,0,0,0,14264491,14.67
17/04/2015,0,0,13.7(1.48 %),0,0,0,0,14264491,14.67
20/04/2015,0,0,13.6(-0.73 %),0,0,0,0,14264491,14.67
21/04/2015,0,0,13.7(0.74 %),0,0,0,0,14264491,14.67
22/04/2015,0,0,13.6(-0.73 %),0,0,0,0,14264491,14.67
23/04/2015,0,0,13.6(0.00 %),0,0,0,0,14264491,14.67
24/04/2015,0,0,13.6(0.00 %),0,0,0,0,14264491,14.67
27/04/2015,0,0,13.6(0.00 %),0,0,0,0,14264491,14.67
04/05/2015,400,5420000,13.3(-2.21 %),400,5420000,0,0,14301751,14.58
05/05/2015,0,0,13.5(1.50 %),0,0,0,0,14301751,14.58
06/05/2015,0,0,13.6(0.74 %),0,0,0,0,14301751,15.13
07/05/2015,0,0,13.5(-0.74 %),0,0,0,0,14301751,15.13
08/05/2015,0,0,13.4(-0.74 %),0,0,0,0,14301751,15.13
11/05/2015,0,0,13.4(0.00 %),0,0,0,0,14301751,15.13
12/05/2015,0,0,13.3(-0.75 %),0,0,0,0,14301751,15.13
13/05/2015,0,0,13.3(0.00 %),0,0,0,0,14301751,15.13
14/05/2015,0,0,13.2(-0.75 %),0,0,0,0,14301751,15.13
15/05/2015,-18990,-239274000,12.6(0.00 %),5000,63000000,23990,302274000,14320741,15.08
18/05/2015,-17150,-209294000,12.1(-3.97 %),1500,18750000,18650,228044000,14337891,15.04
19/05/2015,-9020,-111248000,12.4(2.48 %),3000,36600000,12020,147848000,14346911,15.01
20/05/2015,-40000,-491700000,12.4(0.00 %),3000,37200000,43000,528900000,14386911,14.91
21/05/2015,-40830,-501771000,12.3(-0.81 %),3000,36900000,43830,538671000,14427741,14.81
22/05/2015,-12300,-149860000,12.2(-0.81 %),2000,24600000,14300,174460000,14440041,14.78
25/05/2015,-19100,-233160000,12.2(0.00 %),4000,48800000,23100,281960000,14459141,14.73
26/05/2015,-36930,-453239000,12.3(0.82 %),0,0,36930,453239000,14496071,14.64
27/05/2015,-19770,-241350000,12.2(-0.81 %),0,0,19770,241350000,14515841,14.59
28/05/2015,-15100,-186530000,12.4(1.64 %),39900,488570000,55000,675100000,14530941,14.55
29/05/2015,-2500,-30790000,12.4(0.00 %),74100,918430000,76600,949220000,14533441,14.55
01/06/2015,10550,131565000,12.3(-0.81 %),86000,1065900000,75450,934335000,14296071,15.14
02/06/2015,-26470,-320234000,12.2(-0.81 %),16000,196800000,42470,517034000,14322541,15.07
03/06/2015,-59640,-723444000,12.3(0.82 %),0,0,59640,723444000,14382181,14.93
04/06/2015,0,0,12.3(0.00 %),0,0,0,0,14382181,14.93
05/06/2015,15890,195447000,12.4(0.81 %),15890,195447000,0,0,14366291,14.97
08/06/2015,39180,488832000,12.5(0.81 %),39180,488832000,0,0,14327111,15.06
09/06/2015,0,0,12.5(0.00 %),0,0,0,0,14327111,15.06
10/06/2015,0,0,12.4(-0.80 %),0,0,0,0,14327111,15.06
11/06/2015,0,0,12.5(0.81 %),0,0,0,0,14327111,15.06
12/06/2015,0,0,12.4(-0.80 %),0,0,0,0,14327111,15.06
15/06/2015,0,0,12.4(0.00 %),0,0,0,0,14327111,15.06
16/06/2015,0,0,12.4(0.00 %),0,0,0,0,14327111,15.06
17/06/2015,-700,-8610000,12.4(0.00 %),0,0,700,8610000,14327811,15.06
18/06/2015,0,0,12.4(0.00 %),0,0,0,0,14327811,15.06
19/06/2015,5000,61500000,12.3(-0.81 %),5000,61500000,0,0,14322811,15.07
22/06/2015,3000,36900000,12.4(0.81 %),3000,36900000,0,0,14319811,15.08
23/06/2015,0,0,12.3(-0.81 %),0,0,0,0,14319811,15.08
24/06/2015,2000,24600000,12.3(0.00 %),2000,24600000,0,0,14317811,15.09
25/06/2015,0,0,12.4(0.81 %),0,0,0,0,14317811,15.09
26/06/2015,0,0,12.4(0.00 %),0,0,0,0,14317811,15.09
29/06/2015,0,0,12.2(-1.61 %),0,0,0,0,14317811,15.09
30/06/2015,0,0,12.3(0.82 %),0,0,0,0,14317811,15.09
01/07/2015,0,0,12.3(0.00 %),0,0,0,0,14544631,14.52
02/07/2015,2000,24600000,12.3(0.00 %),2000,24600000,0,0,14542631,14.0
03/07/2015,500,6100000,12.3(0.00 %),500,6100000,0,0,14542131,14.0
06/07/2015,5000,62000000,12.5(1.63 %),5000,62000000,0,0,14537131,14.01
07/07/2015,0,0,12.5(0.00 %),0,0,0,0,14537131,14.01
08/07/2015,200,2460000,12.4(-0.80 %),200,2460000,0,0,14536931,14.01
09/07/2015,-12530,-152869000,12.2(-1.61 %),2000,24400000,14530,177269000,14549461,13.98
10/07/2015,-11970,-147231000,12.3(0.82 %),1000,12300000,12970,159531000,14561431,13.96
13/07/2015,-29010,-353923000,12.3(0.00 %),1000,12200000,30010,366123000,14590441,13.89
14/07/2015,-3180,-38796000,12.2(-0.81 %),0,0,3180,38796000,14593621,13.88
15/07/2015,2440,30256000,12.3(0.82 %),2440,30256000,0,0,14591181,13.88
16/07/2015,0,0,12.3(0.00 %),0,0,0,0,14591181,13.88
17/07/2015,0,0,12.4(0.81 %),0,0,0,0,14591181,13.88
20/07/2015,0,0,12.3(-0.81 %),0,0,0,0,14591181,13.88
21/07/2015,0,0,12.2(-0.81 %),0,0,0,0,14591181,13.88
22/07/2015,1500,18300000,12.3(0.82 %),1500,18300000,0,0,14589681,13.89
23/07/2015,0,0,12.2(-0.81 %),0,0,0,0,14589681,13.89
24/07/2015,2000,24800000,12.2(0.00 %),2000,24800000,0,0,14587681,13.89
27/07/2015,0,0,12.2(0.00 %),0,0,0,0,14587681,13.89
28/07/2015,0,0,12.1(-0.82 %),0,0,0,0,14587681,13.89
29/07/2015,7460,91012000,12.2(0.83 %),7460,91012000,0,0,14580221,13.91
30/07/2015,0,0,12.3(0.82 %),0,0,0,0,14580221,13.91
31/07/2015,0,0,12.3(0.00 %),0,0,0,0,14580221,13.91
03/08/2015,38040,464170000,12.3(0.00 %),38040,464170000,0,0,14542181,14.0
04/08/2015,0,0,12.4(0.81 %),0,0,0,0,14542181,14.0
05/08/2015,25940,322050000,12.4(0.00 %),25940,322050000,0,0,14516241,14.06
06/08/2015,0,0,12.3(-0.81 %),0,0,0,0,14516241,14.06
07/08/2015,0,0,12.4(0.81 %),0,0,0,0,14516241,14.06
10/08/2015,0,0,12.5(0.81 %),0,0,0,0,14516241,14.06
11/08/2015,0,0,12.5(0.00 %),0,0,0,0,14516241,14.06
12/08/2015,0,0,12.9(3.20 %),0,0,0,0,14516241,14.06
13/08/2015,0,0,12.9(0.00 %),0,0,0,0,14516241,14.06
14/08/2015,0,0,13(0.78 %),0,0,0,0,14516241,14.06
17/08/2015,0,0,12.9(-0.77 %),0,0,0,0,14516241,14.06
18/08/2015,8000,104500000,13.6(5.43 %),8000,104500000,0,0,14508241,14.08
19/08/2015,30,360000,13.6(0.00 %),500,6750000,470,6390000,14508211,14.08
20/08/2015,-2300,-31280000,13.6(0.00 %),1700,23120000,4000,54400000,14510511,14.08
21/08/2015,0,0,13.4(-1.47 %),0,0,0,0,14510511,14.08
24/08/2015,-1000,-12800000,12.5(-6.72 %),0,0,1000,12800000,14511511,14.08
25/08/2015,0,0,12.5(0.00 %),0,0,0,0,14511511,14.08
26/08/2015,7930,100330000,12.8(2.40 %),7930,100330000,0,0,14503581,14.09
27/08/2015,0,0,12.8(0.00 %),0,0,0,0,14503581,14.09
28/08/2015,-8000,-101600000,12.7(-0.78 %),0,0,8000,101600000,14511581,14.08
31/08/2015,0,0,12.4(-2.36 %),0,0,0,0,14511581,14.08
01/09/2015,-6000,-73200000,12.3(-0.81 %),0,0,6000,73200000,14503581,14.09
03/09/2015,33250,404650000,12.1(-1.63 %),33250,404650000,0,0,14470331,14.17
04/09/2015,0,0,11.9(-1.65 %),0,0,0,0,14470331,14.17
07/09/2015,0,0,11.9(0.00 %),0,0,0,0,14470331,14.17
08/09/2015,0,0,11.9(0.00 %),0,0,0,0,14470331,14.17
09/09/2015,0,0,12(0.84 %),0,0,0,0,14470331,14.17
10/09/2015,0,0,12(0.00 %),0,0,0,0,14470331,14.17
11/09/2015,500,6000000,12(0.00 %),500,6000000,0,0,14469831,14.18
14/09/2015,18330,212860000,11.7(-2.50 %),18330,212860000,0,0,14451501,14.22
15/09/2015,3670,42940000,11.8(0.85 %),3670,42940000,0,0,14447831,14.23
16/09/2015,0,0,12(1.69 %),0,0,0,0,14447831,14.23
17/09/2015,24240,287790000,11.8(-1.67 %),24240,287790000,0,0,14423591,14.29
18/09/2015,12260,146240000,11.9(0.85 %),12260,146240000,0,0,14411331,14.32
21/09/2015,0,0,11.9(0.00 %),0,0,0,0,14411331,14.32
22/09/2015,0,0,12(0.84 %),0,0,0,0,14411331,14.32
23/09/2015,0,0,12(0.00 %),0,0,0,0,14411331,14.32
24/09/2015,0,0,12(0.00 %),0,0,0,0,14411331,14.32
25/09/2015,0,0,12.1(0.83 %),0,0,0,0,14411331,14.32
28/09/2015,0,0,11.9(-1.65 %),0,0,0,0,14411331,14.32
29/09/2015,-1200,-14280000,12(0.84 %),0,0,1200,14280000,14412531,14.31
30/09/2015,0,0,12.1(0.83 %),0,0,0,0,14412531,14.31
01/10/2015,0,0,12.1(0.00 %),0,0,0,0,14425331,14.28
02/10/2015,41130,501060000,12.2(0.83 %),41130,501060000,0,0,14384201,14.38
05/10/2015,-70,-860000,12.3(0.82 %),0,0,70,860000,14384271,14.38
06/10/2015,3000,37200000,12.4(0.81 %),3000,37200000,0,0,14381271,14.39
07/10/2015,0,0,12.3(-0.81 %),0,0,0,0,14381271,14.39
08/10/2015,0,0,12.3(0.00 %),0,0,0,0,14381271,14.39
09/10/2015,0,0,12.3(0.00 %),0,0,0,0,14381271,14.39
12/10/2015,0,0,12.4(0.81 %),0,0,0,0,14381271,14.39
13/10/2015,0,0,12.3(-0.81 %),0,0,0,0,14381271,14.39
14/10/2015,0,0,12.3(0.00 %),0,0,0,0,14381271,14.39
15/10/2015,0,0,12.4(0.81 %),0,0,0,0,14381271,14.39
16/10/2015,43070,534070000,12.4(0.00 %),43070,534070000,0,0,14338201,14.49
19/10/2015,0,0,12.5(0.81 %),42970,532830000,42970,532830000,14338201,14.49
20/10/2015,0,0,12.4(-0.80 %),0,0,0,0,14338201,14.49
21/10/2015,0,0,12.5(0.81 %),0,0,0,0,14338201,14.49
22/10/2015,0,0,12.5(0.00 %),0,0,0,0,14338201,14.49
23/10/2015,0,0,12.5(0.00 %),0,0,0,0,14338201,14.49
26/10/2015,0,0,12.5(0.00 %),0,0,0,0,14338201,14.49
27/10/2015,22350,281330000,12.6(0.80 %),22350,281330000,0,0,14315851,14.55
28/10/2015,0,0,12.6(0.00 %),0,0,0,0,14315851,14.55
29/10/2015,9260,116680000,12.7(0.79 %),9260,116680000,0,0,14306591,14.57
30/10/2015,0,0,13(2.36 %),0,0,0,0,14306591,14.57
02/11/2015,0,0,12.9(-0.77 %),0,0,0,0,14307804,14.57
03/11/2015,8970,120740000,12.9(0.00 %),38570,489740000,29600,369000000,14298834,14.59
04/11/2015,0,0,12.3(-4.65 %),0,0,0,0,14298834,14.59
05/11/2015,0,0,12.4(0.81 %),0,0,0,0,14298834,14.59
06/11/2015,0,0,12.5(0.81 %),0,0,0,0,14298834,14.59
09/11/2015,-20,-250000,12.4(-0.80 %),0,0,20,250000,14298854,14.59
10/11/2015,0,0,12.1(1.68 %),0,0,0,0,14298854,14.59
11/11/2015,0,0,12.1(0.00 %),0,0,0,0,14298854,14.59
12/11/2015,0,0,11.8(-2.48 %),0,0,0,0,14298854,14.59
13/11/2015,0,0,11.7(-0.85 %),0,0,0,0,14298854,14.59
16/11/2015,0,0,11.5(-1.71 %),0,0,0,0,14298854,14.59
17/11/2015,0,0,11.9(3.48 %),0,0,0,0,14298854,14.59
18/11/2015,22450,268060000,12(0.84 %),22450,268060000,0,0,14276404,14.64
19/11/2015,0,0,12(0.00 %),0,0,0,0,14276404,14.64
20/11/2015,-13000,-152100000,11.7(-2.50 %),0,0,13000,152100000,14289404,14.61
23/11/2015,12360,145850000,11.8(0.85 %),19360,228450000,7000,82600000,14277044,14.64
24/11/2015,0,0,11.9(0.85 %),0,0,0,0,14257044,14.69
25/11/2015,0,0,11.7(-1.68 %),0,0,0,0,14257044,14.69
26/11/2015,0,0,11.8(0.85 %),0,0,0,0,14270044,14.66
27/11/2015,0,0,11.9(0.85 %),0,0,0,0,14270044,14.66
30/11/2015,0,0,11.9(0.00 %),0,0,0,0,14277044,14.64
01/12/2015,0,0,11.8(-0.84 %),0,0,0,0,14277044,14.64
02/12/2015,0,0,11.8(0.00 %),0,0,0,0,14277044,14.64
03/12/2015,1000,11800000,11.8(0.00 %),1000,11800000,0,0,14276044,14.64
04/12/2015,0,0,11.7(-0.85 %),0,0,0,0,14276044,14.64
07/12/2015,0,0,11.8(0.85 %),0,0,0,0,14276044,14.64
08/12/2015,0,0,11.8(0.00 %),0,0,0,0,14276044,14.64
09/12/2015,0,0,11.8(0.00 %),0,0,0,0,14276044,14.64
10/12/2015,0,0,11.7(-0.85 %),0,0,0,0,14276044,14.64
11/12/2015,0,0,11.8(0.85 %),0,0,0,0,14276044,14.64
14/12/2015,0,0,11.8(0.00 %),0,0,0,0,14276044,14.64
15/12/2015,0,0,11.7(-0.85 %),0,0,0,0,14276044,14.64
16/12/2015,0,0,11.7(0.00 %),0,0,0,0,14276044,14.64
17/12/2015,0,0,11.6(-0.85 %),0,0,0,0,14276044,14.64
18/12/2015,0,0,11.7(0.86 %),0,0,0,0,14276044,14.64
21/12/2015,0,0,11.5(-1.71 %),0,0,0,0,14276044,14.64
22/12/2015,0,0,11.6(0.87 %),0,0,0,0,14276044,14.64
23/12/2015,0,0,11.7(0.86 %),0,0,0,0,14276044,14.64
24/12/2015,0,0,11.6(-0.85 %),0,0,0,0,14276044,14.64
25/12/2015,0,0,11.6(0.00 %),0,0,0,0,14276044,14.64
28/12/2015,0,0,11.4(-1.72 %),0,0,0,0,14276044,14.64
29/12/2015,0,0,11.4(0.00 %),0,0,0,0,14276044,14.64
30/12/2015,0,0,11.5(0.88 %),0,0,0,0,14276044,14.64
31/12/2015,0,0,11.5(0.00 %),0,0,0,0,14276044,14.64
04/01/2016,0,0,11.4(-0.87 %),0,0,0,0,14276044,14.64
05/01/2016,0,0,11.4(0.00 %),0,0,0,0,14276044,14.64
06/01/2016,0,0,11.6(1.75 %),0,0,0,0,14276044,14.64
07/01/2016,0,0,11.4(-1.72 %),0,0,0,0,14276044,14.64
08/01/2016,4840,54690000,11.7(2.63 %),4840,54690000,0,0,14271204,14.65
11/01/2016,200,2320000,11.5(-1.71 %),200,2320000,0,0,14271004,14.65
12/01/2016,160,1810000,11.5(0.00 %),160,1810000,0,0,14270844,14.65
13/01/2016,8000,92000000,11.5(0.00 %),8000,92000000,0,0,14262844,14.67
14/01/2016,630,7180000,11.4(-0.87 %),630,7180000,0,0,14262214,14.68
15/01/2016,0,0,11.4(0.00 %),0,0,0,0,14262214,14.68
18/01/2016,0,0,11.4(0.00 %),0,0,0,0,14262214,14.68
19/01/2016,0,0,11.1(-2.63 %),0,0,0,0,14262214,14.68
20/01/2016,0,0,11.1(0.00 %),0,0,0,0,14262214,14.68
21/01/2016,0,0,11(-0.90 %),0,0,0,0,14262214,14.68
22/01/2016,0,0,11.1(0.91 %),0,0,0,0,14262214,14.68
25/01/2016,0,0,11.2(0.90 %),0,0,0,0,14262214,14.68
26/01/2016,0,0,11.2(0.00 %),0,0,0,0,14262214,14.68
27/01/2016,0,0,11.4(1.79 %),0,0,0,0,14262214,14.68
28/01/2016,0,0,11.3(-0.88 %),0,0,0,0,14262214,14.68
29/01/2016,0,0,11.3(0.00 %),0,0,0,0,14262214,14.68
01/02/2016,0,0,11.2(-0.88 %),0,0,0,0,14262214,14.68
02/02/2016,0,0,11.2(0.00 %),0,0,0,0,14262214,14.68
03/02/2016,-4300,-48630000,11.2(0.00 %),4700,52170000,9000,100800000,14257514,14.69
04/02/2016,-21000,-235200000,11.4(1.79 %),0,0,21000,235200000,14257514,14.69
05/02/2016,-10000,-114000000,11.5(0.88 %),0,0,10000,114000000,14257514,14.69
15/02/2016,-453270,-5135010000,11.5(0.00 %),4100,46350000,457370,5181360000,14262414,14.68
16/02/2016,-479900,-5537840000,11.9(3.48 %),50100,576160000,530000,6114000000,14233314,14.75
17/02/2016,0,0,12(0.84 %),0,0,0,0,14243314,14.72
18/02/2016,0,0,11.8(-1.67 %),0,0,0,0,14700684,13.62
19/02/2016,44000,513300000,11.7(-0.85 %),44000,513300000,0,0,15186684,12.45
22/02/2016,17000,198900000,12.1(3.42 %),17000,198900000,0,0,15169684,12.49
23/02/2016,0,0,11.7(-3.31 %),0,0,0,0,15169684,12.49
24/02/2016,0,0,12(2.56 %),0,0,0,0,15169684,12.49
25/02/2016,0,0,11.7(-2.50 %),0,0,0,0,15169684,12.49
26/02/2016,45000,530000000,11.9(1.71 %),45000,530000000,0,0,15124684,12.6
29/02/2016,0,0,12(0.84 %),0,0,0,0,15124684,12.6
01/03/2016,0,0,11.8(-1.67 %),0,0,0,0,15124684,12.6
02/03/2016,0,0,11.8(0.00 %),0,0,0,0,15124684,12.6
03/03/2016,49130,579570000,11.8(0.00 %),49130,579570000,0,0,15075554,12.72
04/03/2016,26080,307740000,11.8(0.00 %),26080,307740000,0,0,15049474,12.78
07/03/2016,25000,295000000,11.9(0.85 %),25000,295000000,0,0,15024474,12.84
08/03/2016,40000,471200000,11.7(-1.68 %),40000,471200000,0,0,14984474,12.94
09/03/2016,40000,470800000,11.8(0.85 %),40000,470800000,0,0,14944474,13.03
10/03/2016,5000,58500000,11.9(0.85 %),5000,58500000,0,0,14939474,13.05
11/03/2016,33580,396240000,11.8(-0.84 %),33580,396240000,0,0,14905894,13.13
14/03/2016,28590,338220000,11.9(0.85 %),28590,338220000,0,0,14877304,13.2
15/03/2016,38410,455080000,11.9(0.00 %),38410,455080000,0,0,14838894,13.29
16/03/2016,15000,177000000,11.9(0.00 %),15000,177000000,0,0,14823894,13.32
17/03/2016,36360,437300000,12.3(3.36 %),36360,437300000,0,0,14787534,13.41
18/03/2016,8000,96600000,12.3(0.00 %),18000,219600000,10000,123000000,14769534,13.45
21/03/2016,0,0,12.3(0.00 %),0,0,0,0,14769534,13.45
22/03/2016,-50,-620000,12(-2.44 %),0,0,50,620000,14769534,13.45
23/03/2016,-6610,-79650000,11.9(-0.83 %),3340,39750000,9950,119400000,14776194,13.44
24/03/2016,9990,119680000,12(0.84 %),9990,119680000,0,0,14766204,13.46
25/03/2016,30800,369680000,12.1(0.83 %),30800,369680000,0,0,14735454,13.54
28/03/2016,0,0,12.2(0.83 %),0,0,0,0,14745404,13.51
29/03/2016,40000,483500000,12.2(0.00 %),40000,483500000,0,0,14705404,13.61
30/03/2016,6610,79980000,12.2(0.00 %),6610,79980000,0,0,14698794,13.62
31/03/2016,40000,483000000,12.1(-0.82 %),40000,483000000,0,0,14658794,13.72
01/04/2016,34930,422650000,12.1(0.00 %),34930,422650000,0,0,14623864,13.81
04/04/2016,300,3600000,12.1(0.00 %),300,3600000,0,0,14623564,13.81
05/04/2016,1950,23600000,12.2(0.83 %),1950,23600000,0,0,14621614,13.81
06/04/2016,0,0,12.3(0.82 %),0,0,0,0,14621614,13.81
07/04/2016,43580,542050000,12.5(1.63 %),43780,544550000,200,2500000,14577834,13.92
08/04/2016,0,0,12.4(-0.80 %),0,0,0,0,14577834,13.92
11/04/2016,0,0,12.4(0.00 %),0,0,0,0,14577834,13.92
12/04/2016,0,0,12.3(-0.81 %),0,0,0,0,14578034,13.92
13/04/2016,0,0,12.3(0.00 %),0,0,0,0,14578034,13.92
14/04/2016,0,0,12.3(0.00 %),0,0,0,0,14578034,13.92
15/04/2016,0,0,12.2(-0.81 %),0,0,0,0,14578034,13.92
19/04/2016,5000,61000000,12.4(1.64 %),5000,61000000,0,0,14573034,13.93
20/04/2016,0,0,12.4(0.00 %),0,0,0,0,14573034,13.93
21/04/2016,0,0,12.3(-0.81 %),0,0,0,0,14573034,13.93
22/04/2016,-100,-1220000,12.3(0.00 %),0,0,100,1220000,14573034,13.93
25/04/2016,30090,358470000,11.9(-3.25 %),30090,358470000,0,0,14542944,14.0
26/04/2016,36000,412500000,11.4(-4.20 %),36000,412500000,0,0,14506944,14.09
27/04/2016,34200,388930000,11.6(1.75 %),34200,388930000,0,0,14472844,14.17
28/04/2016,0,0,10.8(-6.90 %),0,0,0,0,14472844,14.17
29/04/2016,-19720,-212920000,10.9(0.93 %),280,3080000,20000,216000000,14472564,14.17
04/05/2016,30,320000,10.6(-2.75 %),30,320000,0,0,14472534,14.17
05/05/2016,620,6460000,10.6(0.00 %),620,6460000,0,0,14471914,14.17
06/05/2016,20,210000,10.6(0.00 %),20,210000,0,0,14491894,14.12
09/05/2016,72390,773490000,10.5(-0.94 %),72390,773490000,0,0,14419504,14.3
10/05/2016,0,0,10.6(0.95 %),0,0,0,0,14419504,14.3
11/05/2016,3510,37560000,10.8(1.89 %),3510,37560000,0,0,14415994,14.31
12/05/2016,0,0,10.7(-0.93 %),0,0,0,0,14415994,14.31
13/05/2016,3000,32100000,10.7(0.00 %),3000,32100000,0,0,14412994,14.31
16/05/2016,50,530000,10.7(0.00 %),50,530000,0,0,14412944,14.31
17/05/2016,-4960,-52570000,10.7(0.00 %),40,430000,5000,53000000,14412904,14.31
18/05/2016,-4770,-50080000,10.6(-0.93 %),30,320000,4800,50400000,14412874,14.31
19/05/2016,10,110000,10.6(0.00 %),10,110000,0,0,14412864,14.31
20/05/2016,2520,26710000,10.6(0.00 %),2520,26710000,0,0,14415344,14.31
23/05/2016,30,320000,10.7(0.94 %),30,320000,0,0,14420114,14.3
24/05/2016,73940,804070000,10.7(0.00 %),73940,804070000,0,0,14346174,14.47
25/05/2016,10,110000,10.7(0.00 %),10,110000,0,0,14346164,14.47
26/05/2016,10,110000,10.6(-0.93 %),10,110000,0,0,14346154,14.47
27/05/2016,0,0,10.1(0.00 %),0,0,0,0,14346154,14.47
30/05/2016,0,0,10.2(0.99 %),0,0,0,0,14346154,14.47
31/05/2016,40,408000,10.2(0.00 %),40,408000,0,0,14346114,14.47
01/06/2016,60,610000,10.1(-0.98 %),60,610000,0,0,14346054,14.47
02/06/2016,11010,112302000,10.3(1.98 %),11010,112302000,0,0,14335044,14.5
03/06/2016,-29590,-300340000,10.1(-1.94 %),10410,107160000,40000,407500000,14324634,14.53
06/06/2016,-4300,-44430000,10.2(0.99 %),5700,57570000,10000,102000000,14318934,14.54
07/06/2016,-2140,-21610000,10(-1.96 %),1500,15150000,3640,36760000,14317434,14.54
08/06/2016,20,200000,10.1(1.00 %),20,200000,0,0,14357414,14.45
09/06/2016,0,0,10.1(0.00 %),0,0,0,0,14367414,14.42
10/06/2016,10,100000,10.1(0.00 %),10,100000,0,0,14371044,14.41
13/06/2016,11040,110400000,10.1(0.00 %),11040,110400000,0,0,14360004,14.44
14/06/2016,15000,150000000,10(-0.99 %),15000,150000000,0,0,14345004,14.48
15/06/2016,0,0,10.1(1.00 %),0,0,0,0,14345004,14.48
16/06/2016,1180,11800000,10(-0.99 %),1180,11800000,0,0,14343824,14.48
17/06/2016,-6180,-61800000,10(0.00 %),13820,138200000,20000,200000000,14330004,14.51
20/06/2016,-19770,-197700000,10(0.00 %),0,0,19770,197700000,14330004,14.51
21/06/2016,7530,74700000,10(0.00 %),11030,109700000,3500,35000000,14318974,14.54
22/06/2016,7000,70000000,10(0.00 %),7000,70000000,0,0,14331974,14.51
23/06/2016,0,0,10(0.00 %),0,0,0,0,14351744,14.46
24/06/2016,40,390000,9.8(-2.00 %),40,390000,0,0,14355204,14.45
27/06/2016,2690,26360000,9.9(1.02 %),2690,26360000,0,0,14352514,14.46
28/06/2016,20,200000,9.9(0.00 %),20,200000,0,0,14352494,14.46
29/06/2016,0,0,10(1.01 %),0,0,0,0,14352494,14.46
30/06/2016,0,0,10.1(1.00 %),0,0,0,0,14352494,14.46
01/07/2016,0,0,10(-0.99 %),0,0,0,0,14352494,14.46
04/07/2016,6380,63800000,10.2(2.00 %),6380,63800000,0,0,14346114,14.47
05/07/2016,600,6120000,10.3(0.98 %),600,6120000,0,0,14345514,14.48
06/07/2016,0,0,10.4(0.97 %),0,0,0,0,14345514,14.48
07/07/2016,15000,155920000,10.2(-1.92 %),15000,155920000,0,0,14330514,14.51
08/07/2016,0,0,10.4(1.96 %),0,0,0,0,14330514,14.51
11/07/2016,0,0,10.4(0.00 %),0,0,0,0,14330514,14.51
12/07/2016,0,0,10.3(-0.96 %),0,0,0,0,14330514,14.51
13/07/2016,160,1650000,10.2(-0.97 %),160,1650000,0,0,14330354,14.51
14/07/2016,21340,219190000,10.1(-0.98 %),21340,219190000,0,0,14309014,14.56
15/07/2016,0,0,10.3(1.98 %),0,0,0,0,14309014,14.56
18/07/2016,3000,30900000,10.4(0.97 %),3000,30900000,0,0,14306014,14.57
19/07/2016,-1520,-15810000,10.4(0.00 %),0,0,1520,15810000,14306014,14.57
20/07/2016,430,4470000,10.4(0.00 %),430,4470000,0,0,14305584,14.57
21/07/2016,0,0,10.4(0.00 %),0,0,0,0,14305584,14.57
22/07/2016,0,0,10.2(-1.92 %),0,0,0,0,14307104,14.57
25/07/2016,0,0,10.3(0.98 %),0,0,0,0,14307104,14.57
26/07/2016,0,0,10.4(0.97 %),0,0,0,0,14307104,14.57
27/07/2016,0,0,10.4(0.00 %),0,0,0,0,14307104,14.57
28/07/2016,0,0,10.3(-0.96 %),0,0,0,0,14307104,14.57
29/07/2016,-600,-6060000,10.2(-0.97 %),0,0,600,6060000,14307104,14.57
01/08/2016,0,0,10.2(0.00 %),0,0,0,0,14307104,14.57
02/08/2016,19500,195000000,10.1(-0.98 %),19500,195000000,0,0,14287604,14.61
03/08/2016,0,0,10.1(0.00 %),0,0,0,0,14288204,14.61
04/08/2016,20000,200000000,10.1(0.00 %),20000,200000000,0,0,14268204,14.66
05/08/2016,10510,105100000,10(-0.99 %),10510,105100000,0,0,14257694,14.69
08/08/2016,0,0,10.2(2.00 %),0,0,0,0,14257694,14.69
09/08/2016,20,200000,10(-1.96 %),20,200000,0,0,14257674,14.69
10/08/2016,0,0,10.1(1.00 %),0,0,0,0,14257674,14.69
11/08/2016,-2550,-25500000,10.1(0.00 %),0,0,2550,25500000,14257674,14.69
12/08/2016,0,0,10.2(0.99 %),0,0,0,0,14257674,14.69
15/08/2016,0,0,10.1(-0.98 %),0,0,0,0,14257674,14.69
16/08/2016,0,0,10.2(0.99 %),0,0,0,0,14260224,14.68
17/08/2016,0,0,10.1(-0.98 %),0,0,0,0,14260224,14.68
18/08/2016,0,0,10.2(0.99 %),0,0,0,0,14260224,14.68
19/08/2016,0,0,10.2(0.00 %),0,0,0,0,14260224,14.68
22/08/2016,6600,66000000,10(-1.96 %),6600,66000000,0,0,14253624,14.7
23/08/2016,7100,71000000,10.1(1.00 %),7100,71000000,0,0,14246524,14.71
24/08/2016,10,100000,10(-0.99 %),10,100000,0,0,14246514,14.71
25/08/2016,0,0,10(0.00 %),0,0,0,0,14246514,14.71
26/08/2016,0,0,10.1(1.00 %),0,0,0,0,14246514,14.71
29/08/2016,0,0,10.1(0.00 %),0,0,0,0,14246514,14.71
30/08/2016,60,600000,10(-0.99 %),60,600000,0,0,14246454,14.71
31/08/2016,0,0,10.1(1.00 %),0,0,0,0,14246454,14.71
01/09/2016,-1100,-11050000,10.2(0.99 %),0,0,1100,11050000,14246454,14.71
05/09/2016,8000,82400000,10.2(0.00 %),8000,82400000,0,0,14238454,14.73
06/09/2016,60,610000,10.3(0.98 %),60,610000,0,0,14238394,14.73
07/09/2016,0,0,10.2(-0.97 %),0,0,0,0,14239494,14.73
08/09/2016,0,0,10.2(0.00 %),0,0,0,0,14239494,14.73
09/09/2016,0,0,10.1(-0.98 %),0,0,0,0,14239494,14.73
12/09/2016,7390,75380000,10.3(1.98 %),7390,75380000,0,0,14232104,14.75
13/09/2016,0,0,10.1(-1.94 %),0,0,0,0,14232104,14.75
14/09/2016,0,0,10(-0.99 %),0,0,0,0,14232104,14.75
15/09/2016,0,0,10.2(2.00 %),0,0,0,0,14232104,14.75
16/09/2016,0,0,10.2(0.00 %),0,0,0,0,14232104,14.75
19/09/2016,0,0,10(-1.96 %),0,0,0,0,14232104,14.75
20/09/2016,14450,145850000,10.1(1.00 %),14450,145850000,0,0,14217654,14.78
21/09/2016,10,100000,10.2(0.99 %),10,100000,0,0,14217644,14.78
22/09/2016,10,100000,10.2(0.00 %),10,100000,0,0,14217634,14.78
23/09/2016,0,0,10(-1.96 %),0,0,0,0,14217634,14.78
26/09/2016,10,100000,10(0.00 %),10,100000,0,0,14217624,14.78
27/09/2016,510,5050000,10(0.00 %),510,5050000,0,0,14217114,14.78
28/09/2016,0,0,10.2(2.00 %),0,0,0,0,14217114,14.78
29/09/2016,20,200000,9.9(-2.94 %),20,200000,0,0,14217094,14.78
30/09/2016,0,0,10(1.01 %),0,0,0,0,14217094,14.78
03/10/2016,0,0,10.05(0.50 %),0,0,0,0,14217094,14.78
04/10/2016,0,0,10.05(0.00 %),0,0,0,0,14217094,14.78
05/10/2016,0,0,10.1(0.50 %),0,0,0,0,14217094,14.78
06/10/2016,0,0,10.1(0.00 %),0,0,0,0,14217094,14.78
07/10/2016,0,0,10.1(0.00 %),0,0,0,0,14217094,14.78
10/10/2016,0,0,9.9(-1.98 %),0,0,0,0,14217101,14.78
11/10/2016,0,0,9.9(0.00 %),0,0,0,0,14217101,14.78
12/10/2016,2000,20000000,10(1.01 %),2000,20000000,0,0,14215101,14.79
13/10/2016,0,0,10.1(1.00 %),0,0,0,0,14215101,14.79
14/10/2016,0,0,10(-0.99 %),0,0,0,0,14215101,14.79
17/10/2016,0,0,10(0.00 %),0,0,0,0,14215101,14.79
18/10/2016,0,0,10.1(1.00 %),0,0,0,0,14215101,14.79
19/10/2016,840,8480000,10.2(0.99 %),840,8480000,0,0,14214261,14.79
20/10/2016,-1270,-12950000,10.9(6.86 %),0,0,1270,12950000,14214261,14.79
21/10/2016,20,210000,11(0.92 %),40,440000,20,230000,14214221,14.79
24/10/2016,31130,342410000,11.1(0.91 %),31130,342410000,0,0,14183091,14.87
25/10/2016,41800,467200000,11.3(1.80 %),41810,467310000,10,110000,14142551,14.96
26/10/2016,21670,241310000,11.4(0.88 %),21700,241650000,30,340000,14120871,15.02
27/10/2016,0,0,11.7(2.63 %),0,0,0,0,14120871,15.02
28/10/2016,0,0,11.6(-0.85 %),0,0,0,0,14120881,15.02
31/10/2016,0,0,11.4(-1.72 %),0,0,0,0,14120911,15.02
01/11/2016,3130,35680000,11.6(1.75 %),3130,35680000,0,0,14117781,15.02
02/11/2016,34680,397850000,11.4(-1.72 %),34780,398990000,100,1140000,14083001,15.11
03/11/2016,24900,281230000,11.2(-1.75 %),25000,282350000,100,1120000,14058001,15.17
04/11/2016,41350,471260000,11.4(1.79 %),41350,471260000,0,0,14016651,15.27
07/11/2016,8860,103460000,12.15(6.58 %),10200,119380000,1340,15920000,14006551,15.29
08/11/2016,80,970000,12(-1.23 %),110,1340000,30,370000,14006541,15.29
09/11/2016,20000,239000000,12(0.00 %),20000,239000000,0,0,13986541,15.34
10/11/2016,47410,588990000,12.8(6.67 %),57580,719160000,10170,130170000,13930301,15.47
11/11/2016,-14070,-192060000,13.65(6.64 %),0,0,14070,192060000,13930331,15.47
14/11/2016,0,0,13.9(1.83 %),0,0,0,0,13930331,15.47
15/11/2016,10,130000,13.25(-4.68 %),10,130000,0,0,13940491,15.45
16/11/2016,0,0,13.15(-0.75 %),0,0,0,0,13954561,15.42
17/11/2016,180090,2444710000,13.95(6.08 %),207480,2806260000,27390,361550000,13747081,15.92
18/11/2016,-154390,-2187200000,14.2(1.79 %),22390,316290000,176780,2503490000,13724691,15.97
21/11/2016,3650,51210000,13.9(-2.11 %),3650,51210000,0,0,13721041,15.98
22/11/2016,-6540,-88920000,13.4(-3.60 %),120,1660000,6660,90580000,13748311,15.91
23/11/2016,5000,67000000,13.3(-0.75 %),5000,67000000,0,0,13920091,15.5
24/11/2016,23130,292520000,12.6(-1.56 %),23130,292520000,0,0,13896961,15.55
25/11/2016,48470,584830000,11.8(-6.35 %),48470,584830000,0,0,13855151,15.66
28/11/2016,-14720,-172530000,11.8(0.00 %),3620,42740000,18340,215270000,13851531,15.66
29/11/2016,13940,165640000,11.85(0.42 %),13940,165640000,0,0,13837591,15.7
30/11/2016,48850,585900000,12.1(2.11 %),48850,585900000,0,0,13788741,15.82
01/12/2016,10710,130150000,12(-0.83 %),10710,130150000,0,0,13796371,15.8
02/12/2016,3720,43220000,11.6(-3.33 %),3720,43220000,0,0,13792651,15.81
05/12/2016,5530,63610000,11.7(0.86 %),5530,63610000,0,0,13787121,15.82
06/12/2016,10,120000,11.5(-1.71 %),10,120000,0,0,13787111,15.82
07/12/2016,210,2380000,11.55(0.43 %),210,2380000,0,0,13786901,15.82
08/12/2016,30,340000,11.3(-2.16 %),30,340000,0,0,13786871,15.82
09/12/2016,100,1130000,11.3(0.00 %),100,1130000,0,0,13786771,15.82
12/12/2016,550,5890000,10.85(-3.98 %),1120,12330000,570,6440000,13785651,15.82
13/12/2016,1200,13020000,10.85(0.00 %),3200,34720000,2000,21700000,13782451,15.83
14/12/2016,10250,111360000,10.95(0.92 %),10250,111360000,0,0,13772201,15.85
15/12/2016,1170,13280000,11.35(3.65 %),1170,13280000,0,0,13771601,15.86
16/12/2016,30,340000,11(-3.08 %),30,340000,0,0,13758221,15.89
19/12/2016,3020,33220000,11.1(0.91 %),3020,33220000,0,0,13770551,15.86
20/12/2016,12830,141610000,10.9(-1.80 %),12830,141610000,0,0,13757721,15.89
21/12/2016,20,220000,10.8(-0.92 %),20,220000,0,0,13757701,15.89
22/12/2016,6500,70280000,10.85(0.46 %),6500,70280000,0,0,13751201,15.91
23/12/2016,6010,63710000,10.55(-2.76 %),6010,63710000,0,0,13745191,15.92
26/12/2016,60,650000,10.85(2.84 %),60,650000,0,0,13745121,15.92
27/12/2016,0,0,10.8(-0.46 %),0,0,0,0,13745121,15.92
28/12/2016,-280,-3000000,10.9(0.93 %),220,2400000,500,5400000,13744911,15.92
29/12/2016,180,1960000,10.9(0.00 %),180,1960000,0,0,13744731,15.92
30/12/2016,0,0,10.9(0.00 %),0,0,0,0,13744731,15.92
03/01/2017,0,0,11.1(1.83 %),0,0,0,0,13745231,15.92
04/01/2017,3720,41640000,11.1(0.00 %),3720,41640000,0,0,13741511,15.93
05/01/2017,48590,546370000,11.7(5.41 %),48590,546370000,0,0,13692921,16.05
06/01/2017,3690,42070000,11.4(-2.56 %),3690,42070000,0,0,13689231,16.05
09/01/2017,50,570000,11.45(0.44 %),50,570000,0,0,13689181,16.05
10/01/2017,30,350000,11.7(2.18 %),30,350000,0,0,13689151,16.05
11/01/2017,3010,35670000,11.75(0.43 %),3010,35670000,0,0,13686141,16.06
12/01/2017,3000,35270000,11.6(-1.28 %),3000,35270000,0,0,13683141,16.07
13/01/2017,13010,153180000,11.65(0.43 %),13010,153180000,0,0,13670131,16.1
16/01/2017,9800,116460000,11.8(1.29 %),9800,116460000,0,0,13660331,16.12
17/01/2017,3010,35220000,11.6(-1.69 %),9010,106020000,6000,70800000,13651321,16.15
18/01/2017,0,0,11.6(0.00 %),0,0,0,0,13651321,16.15
19/01/2017,0,0,11.6(0.00 %),0,0,0,0,13651321,16.15
20/01/2017,51480,606360000,12.1(4.31 %),51480,606360000,0,0,13605841,16.26
23/01/2017,0,0,12.1(0.00 %),0,0,0,0,13605841,16.26
24/01/2017,16000,185940000,11.3(-6.61 %),16000,185940000,0,0,13589841,16.29
25/01/2017,25000,285750000,11.45(1.33 %),25000,285750000,0,0,13564841,16.35
02/02/2017,53990,608900000,11.15(-2.62 %),54570,615430000,580,6530000,13510271,16.49
03/02/2017,32060,353060000,11.3(1.35 %),32060,353060000,0,0,13478211,16.56
06/02/2017,2440,27420000,11.1(-1.77 %),2440,27420000,0,0,13475771,16.57
07/02/2017,410,4550000,11(-0.90 %),18420,204460000,18010,199910000,13457931,16.61
08/02/2017,43040,476430000,11.2(1.82 %),43040,476430000,0,0,13414891,16.71
09/02/2017,6210,69800000,11(-1.79 %),6210,69800000,0,0,13408681,16.73
10/02/2017,4990,55890000,11.3(2.73 %),5000,56000000,10,110000,13421691,16.7
13/02/2017,-5010,-55860000,11.15(-1.33 %),0,0,5010,55860000,13421691,16.7
14/02/2017,16500,183550000,11.15(0.00 %),16500,183550000,0,0,13405191,16.74
15/02/2017,5110,56890000,11.15(0.00 %),5760,64110000,650,7220000,13399441,16.75
16/02/2017,10000,110750000,11.15(0.00 %),10000,110750000,0,0,13394451,16.76
17/02/2017,5000,55750000,11(-1.35 %),5000,55750000,0,0,13389451,16.78
20/02/2017,75200,826720000,11.1(0.91 %),75200,826720000,0,0,13314901,16.96
21/02/2017,29020,318070000,11(-0.90 %),29020,318070000,0,0,13285889,17.03
22/02/2017,34940,383850000,11(0.00 %),34940,383850000,0,0,13250949,17.11
23/02/2017,15010,165060000,10.85(-1.36 %),15010,165060000,0,0,13235939,17.15
24/02/2017,15000,164000000,10.85(0.00 %),15000,164000000,0,0,13220939,17.18
27/02/2017,10,110000,10.85(0.00 %),10,110000,0,0,13173219,17.3
28/02/2017,47710,518650000,11(1.38 %),47710,518650000,0,0,13173219,17.3
01/03/2017,0,0,10.9(-0.91 %),0,0,0,0,13173219,17.3
02/03/2017,5310,58010000,10.9(0.00 %),5310,58010000,0,0,13167909,17.31
03/03/2017,4010,43710000,10.9(0.00 %),4010,43710000,0,0,13163899,17.32
06/03/2017,5050,55160000,10.9(0.00 %),5110,55820000,60,660000,13158789,17.33
07/03/2017,0,0,10.95(0.46 %),0,0,0,0,13158789,17.33
08/03/2017,4110,44810000,10.95(0.00 %),4110,44810000,0,0,13154679,17.34
09/03/2017,-13090,-143540000,11(0.46 %),0,0,13090,143540000,13154739,17.34
10/03/2017,0,0,11(0.00 %),0,0,0,0,13154739,17.34
13/03/2017,2390,26290000,11(0.00 %),2400,26400000,10,110000,13152339,17.35
14/03/2017,-9300,-101440000,11(0.00 %),0,0,9300,101440000,13165429,17.32
15/03/2017,0,0,11(0.00 %),0,0,0,0,13165429,17.32
16/03/2017,17900,197060000,11.1(0.91 %),17900,197060000,0,0,13147539,17.36
17/03/2017,10850,121750000,11.25(1.35 %),10850,121750000,0,0,13147539,17.36
20/03/2017,1850,21010000,11.3(0.44 %),3750,42200000,1900,21190000,13147539,17.36
21/03/2017,20,220000,11.25(-0.44 %),20,220000,0,0,13147539,17.36
22/03/2017,4700,52510000,11.3(0.44 %),4700,52510000,0,0,13147539,17.36
23/03/2017,830,9340000,11.25(-0.44 %),830,9340000,0,0,13147539,17.36
24/03/2017,76560,865130000,11.25(0.00 %),76560,865130000,0,0,13147539,17.36
27/03/2017,-500,-5580000,11.2(-0.44 %),10,110000,510,5690000,13147539,17.36
28/03/2017,20,230000,11.2(0.00 %),20,230000,0,0,13147539,17.36
29/03/2017,10,110000,11.2(0.00 %),10,110000,0,0,13147539,17.36
30/03/2017,410,4590000,11.1(-0.89 %),410,4590000,0,0,13147539,17.36
31/03/2017,10,110000,11.1(0.00 %),10,110000,0,0,13147539,17.36
03/04/2017,14160,161960000,11.1(0.00 %),14350,164110000,190,2150000,13047729,17.6
04/04/2017,0,0,11.2(0.90 %),0,0,0,0,13047729,17.6
05/04/2017,10,110000,11.2(0.00 %),10,110000,0,0,13047719,17.6
07/04/2017,0,0,11.1(-0.89 %),0,0,0,0,13047909,17.6
10/04/2017,10120,112840000,11.3(1.80 %),10120,112840000,0,0,13037789,17.62
11/04/2017,20,220000,11.1(-1.77 %),20,220000,0,0,13037769,17.62
12/04/2017,0,0,11.1(0.00 %),0,0,0,0,13037769,17.62
13/04/2017,20,220000,11.15(0.45 %),20,220000,0,0,13037749,17.62
14/04/2017,3950,44000000,11.2(0.45 %),3950,44000000,0,0,13033799,17.63
17/04/2017,0,0,10.9(-2.68 %),0,0,0,0,13033799,17.63
18/04/2017,90,990000,11.05(1.38 %),90,990000,0,0,13033709,17.63
19/04/2017,0,0,10.9(-1.36 %),0,0,0,0,13033709,17.63
20/04/2017,0,0,10.9(0.00 %),0,0,0,0,13033709,17.63
21/04/2017,-3880,-42470000,10.8(-0.92 %),40,440000,3920,42910000,13033669,17.63
24/04/2017,6410,65730000,10.3(-4.63 %),6410,65730000,0,0,13027259,17.65
25/04/2017,10,100000,10.3(0.00 %),10,100000,0,0,13027249,17.65
26/04/2017,10,110000,10.45(1.46 %),10,110000,0,0,13031159,17.64
27/04/2017,0,0,10.45(0.00 %),0,0,0,0,13031159,17.64
28/04/2017,10,110000,10.4(-0.48 %),10,110000,0,0,13031149,17.64
03/05/2017,0,0,10.4(0.00 %),0,0,0,0,13031149,17.64
04/05/2017,0,0,10.35(-0.48 %),0,0,0,0,13031149,17.64
05/05/2017,10010,105460000,10.5(1.45 %),10010,105460000,0,0,13021139,17.66
08/05/2017,3000,31500000,10.4(-0.95 %),3000,31500000,0,0,13018139,17.67
09/05/2017,80,840000,10.5(0.96 %),80,840000,0,0,13018059,17.67
10/05/2017,21190,222500000,10.55(0.48 %),21240,223020000,50,520000,12996819,17.72
11/05/2017,10,110000,10.6(0.47 %),10,110000,0,0,12996809,17.72
12/05/2017,15000,159500000,10.6(0.00 %),15000,159500000,0,0,12981809,17.76
15/05/2017,2800,30030000,10.65(0.47 %),2800,30030000,0,0,12979059,17.76
16/05/2017,-2600,-27550000,10.7(0.47 %),40,430000,2640,27980000,12979019,17.76
17/05/2017,1780,18960000,10.7(0.00 %),1780,18960000,0,0,12977239,17.77
18/05/2017,0,0,10.75(0.47 %),0,0,0,0,12977239,17.77
19/05/2017,0,0,10.7(-0.47 %),0,0,0,0,12979879,17.76
22/05/2017,60,650000,10.75(0.47 %),60,650000,0,0,12979819,17.76
23/05/2017,500,5400000,10.8(0.47 %),500,5400000,0,0,12979319,17.76
24/05/2017,4900,52690000,10.75(-0.46 %),5400,58040000,500,5350000,12973919,17.78
25/05/2017,10000,107500000,10.7(-0.47 %),10000,107500000,0,0,12963919,17.8
26/05/2017,10,110000,10.6(-0.93 %),10,110000,0,0,12963909,17.8
29/05/2017,-7970,-84480000,10.75(1.42 %),30,320000,8000,84800000,12964379,17.8
30/05/2017,-51860,-549000000,10.65(-0.93 %),11030,118420000,62890,667420000,12953349,17.83
31/05/2017,3840,40900000,10.65(0.00 %),3840,40900000,0,0,12949509,17.83
01/06/2017,7700,82480000,10.75(0.94 %),7700,82480000,0,0,12949809,17.83
02/06/2017,70,750000,10.8(0.47 %),70,750000,0,0,13012629,17.68
05/06/2017,720,7780000,10.75(-0.46 %),720,7780000,0,0,13011909,17.68
06/06/2017,20,220000,10.75(0.00 %),20,220000,0,0,13011889,17.68
07/06/2017,0,0,10.7(-0.47 %),0,0,0,0,13011889,17.68
08/06/2017,20,220000,10.8(0.93 %),20,220000,0,0,13011869,17.68
09/06/2017,0,0,10.7(-0.93 %),0,0,0,0,13011869,17.68
12/06/2017,30,320000,10.8(0.93 %),30,320000,0,0,13011839,17.68
13/06/2017,0,0,10.75(-0.46 %),0,0,0,0,13011839,17.68
14/06/2017,7920,83090000,10.65(3.90 %),7920,83090000,0,0,13003919,17.7
15/06/2017,3010,31600000,10.4(-2.35 %),3010,31600000,0,0,13000909,17.71
16/06/2017,10,100000,10.4(0.00 %),10,100000,0,0,13000899,17.71
19/06/2017,6000,62100000,10.35(-0.48 %),6000,62100000,0,0,12994899,17.73
20/06/2017,-280,-2900000,10.4(0.48 %),20,210000,300,3110000,12994879,17.73
21/06/2017,0,0,10.3(-0.96 %),0,0,0,0,12994879,17.73
22/06/2017,4500,46580000,10.35(0.49 %),4500,46580000,0,0,12990379,17.74
23/06/2017,0,0,10.3(-0.48 %),0,0,0,0,12990679,17.74
26/06/2017,0,0,10.3(0.00 %),0,0,0,0,12990679,17.74
27/06/2017,-14000,-143430000,10.3(0.00 %),0,0,14000,143430000,12990679,17.74
28/06/2017,0,0,10.3(0.00 %),0,0,0,0,12990679,17.74
29/06/2017,-10000,-104000000,10.4(0.97 %),0,0,10000,104000000,12990679,17.74
30/06/2017,540,5610000,10.4(0.00 %),540,5610000,0,0,13004139,17.7
03/07/2017,3120,31830000,10.35(-0.48 %),8120,82830000,5000,51000000,12996019,17.72
04/07/2017,0,0,10.35(0.00 %),0,0,0,0,13006019,17.7
05/07/2017,10,100000,10.25(-0.97 %),10,100000,0,0,13006009,17.7
06/07/2017,13500,139180000,10.35(0.98 %),13500,139180000,0,0,12997509,17.72
07/07/2017,0,0,10.35(0.00 %),0,0,0,0,12997509,17.72
10/07/2017,10,100000,10.2(-1.45 %),10,100000,0,0,12997499,17.72
11/07/2017,0,0,10.2(0.00 %),0,0,0,0,12997499,17.72
12/07/2017,-300,-3060000,10.2(0.00 %),0,0,300,3060000,12997499,17.72
13/07/2017,0,0,10.25(0.49 %),0,0,0,0,12997499,17.72
14/07/2017,0,0,10.25(0.00 %),0,0,0,0,12997499,17.72
17/07/2017,0,0,10.2(-0.49 %),0,0,0,0,12997799,17.72
18/07/2017,0,0,10.2(0.00 %),0,0,0,0,12997799,17.72
19/07/2017,0,0,10.15(-0.49 %),0,0,0,0,12997799,17.72
20/07/2017,-5990,-60560000,10.15(0.00 %),10,100000,6000,60660000,12997789,17.72
21/07/2017,0,0,10(-1.48 %),0,0,0,0,12997789,17.72
24/07/2017,30,300000,10.15(1.50 %),30,300000,0,0,12997759,17.72
25/07/2017,10,100000,9.99(-1.58 %),10,100000,0,0,13003749,17.7
26/07/2017,10,100000,10.1(1.10 %),10,100000,0,0,12992739,17.73
27/07/2017,11000,111920000,10.25(1.49 %),11000,111920000,0,0,12992739,17.73
28/07/2017,70,720000,10.25(0.00 %),70,720000,0,0,12992669,17.73
31/07/2017,0,0,10(-2.44 %),0,0,0,0,12992669,17.73
01/08/2017,38090,381910000,10.1(1.00 %),38090,381910000,0,0,12954579,17.82
02/08/2017,29760,302610000,10.25(1.49 %),29760,302610000,0,0,12924819,17.89
03/08/2017,67530,693480000,10.35(0.98 %),67530,693480000,0,0,12857289,18.06
04/08/2017,18650,191140000,10.4(0.48 %),18650,191140000,0,0,12838639,18.1
07/08/2017,5890,60470000,10.4(0.00 %),5890,60470000,0,0,12832749,18.12
08/08/2017,80,900000,10.35(-0.48 %),540,5590000,460,4690000,12832209,18.12
09/08/2017,11910,121520000,10.3(-0.48 %),11910,121520000,0,0,12820299,18.15
10/08/2017,8150,83540000,10.3(0.00 %),8150,83540000,0,0,12812149,18.17
11/08/2017,1200,12360000,10.3(0.00 %),1200,12360000,0,0,12811409,18.17
14/08/2017,14770,152100000,10.35(0.49 %),14770,152100000,0,0,12796639,18.2
15/08/2017,320,3280000,10.25(-0.97 %),320,3280000,0,0,12796319,18.2
16/08/2017,23730,242640000,10.3(0.49 %),23730,242640000,0,0,12772589,18.26
17/08/2017,220,2250000,10.25(-0.49 %),220,2250000,0,0,12772369,18.26
18/08/2017,120,1220000,10.2(-0.49 %),120,1220000,0,0,12772249,18.26
21/08/2017,110,1120000,10.2(0.00 %),110,1120000,0,0,12772139,18.26
22/08/2017,220,2220000,10.2(0.00 %),220,2220000,0,0,12771919,18.26
23/08/2017,110,1110000,10.2(0.00 %),110,1110000,0,0,12771809,18.26
24/08/2017,30,310000,10.2(0.00 %),30,310000,0,0,12771779,18.26
25/08/2017,3180,32120000,10.2(0.00 %),3180,32120000,0,0,12768599,18.27
28/08/2017,1120,11310000,10.2(0.00 %),1120,11310000,0,0,12767479,18.27
29/08/2017,1010,10300000,10.2(0.00 %),1010,10300000,0,0,12766469,18.28
30/08/2017,310,3130000,10.2(0.00 %),310,3130000,0,0,12766159,18.28
31/08/2017,6130,62430000,10.2(0.00 %),6130,62430000,0,0,12760029,18.29
01/09/2017,420,4240000,10.05(-1.47 %),420,4240000,0,0,12759609,18.29
05/09/2017,-3250,-32550000,10(-0.50 %),50,510000,3300,33060000,12759559,18.29
06/09/2017,10,100000,10(0.00 %),10,100000,0,0,12759549,18.29
07/09/2017,180,1800000,10(0.00 %),180,1800000,0,0,12759369,18.29
08/09/2017,30,300000,10.15(1.50 %),30,300000,0,0,12762639,18.28
11/09/2017,2200,22320000,10.05(-0.99 %),2200,22320000,0,0,12760439,18.29
12/09/2017,-5360,-53780000,10.15(1.00 %),640,6490000,6000,60270000,12759799,18.29
13/09/2017,-14860,-149720000,10.15(0.00 %),140,1410000,15000,151130000,12759659,18.29
14/09/2017,40,400000,10.1(-0.49 %),40,400000,0,0,12759619,18.29
15/09/2017,150,1520000,10.15(0.50 %),150,1520000,0,0,12765469,18.28
18/09/2017,20,200000,10.2(0.49 %),20,200000,0,0,12780449,18.24
19/09/2017,-231190,-2245540000,9.8(-3.92 %),360,3540000,231550,2249080000,12780089,18.24
20/09/2017,-2990,-28910000,9.7(-1.02 %),10,100000,3000,29010000,12780079,18.24
21/09/2017,1360,12680000,9.7(0.00 %),23760,230580000,22400,217900000,12756319,18.3
22/09/2017,17390,169280000,9.8(1.03 %),17390,169280000,0,0,12970479,17.78
25/09/2017,20,200000,9.8(0.00 %),20,200000,0,0,12973459,17.78
26/09/2017,-30200,-290210000,9.7(-1.02 %),1020,9900000,31220,300110000,12994839,17.73
27/09/2017,0,0,9.7(0.00 %),0,0,0,0,12994839,17.73
28/09/2017,70,670000,9.75(0.52 %),70,670000,0,0,12994769,17.73
29/09/2017,30,290000,9.75(0.00 %),30,290000,0,0,13025959,17.65
02/10/2017,10,100000,9.63(-1.23 %),10,100000,0,0,13025949,17.65
03/10/2017,-176030,-1594900000,8.96(-6.96 %),28990,259820000,205020,1854720000,12996959,17.72
04/10/2017,-7730,-68920000,8.82(-1.56 %),10,90000,7740,69010000,12996949,17.72
05/10/2017,-38640,-339420000,8.81(-0.11 %),30,260000,38670,339680000,12996919,17.72
06/10/2017,-37870,-331780000,8.78(-0.34 %),0,0,37870,331780000,13201939,17.23
09/10/2017,-14060,-122190000,8.7(-0.91 %),10,90000,14070,122280000,13209669,17.21
10/10/2017,-32850,-285800000,8.7(0.00 %),0,0,32850,285800000,13248339,17.12
11/10/2017,-63190,-549730000,8.69(-0.11 %),170,1500000,63360,551230000,13286039,17.02
12/10/2017,-20500,-178110000,8.67(-0.23 %),870,7590000,21370,185700000,13299239,16.99
13/10/2017,-11350,-98400000,9.16(5.65 %),0,0,11350,98400000,13332089,16.91
16/10/2017,20,180000,9(-1.75 %),20,180000,0,0,13395429,16.76
17/10/2017,1320,11940000,9.2(2.22 %),1320,11940000,0,0,13415479,16.71
18/10/2017,10,90000,9.1(-1.09 %),10,90000,0,0,13426819,16.69
19/10/2017,-20,-190000,9.2(1.10 %),10,90000,30,280000,13426809,16.69
20/10/2017,46190,439230000,9.8(6.52 %),46190,439230000,0,0,13380619,16.8
23/10/2017,9370,88240000,9.76(-0.41 %),9370,88240000,0,0,13371249,16.82
24/10/2017,20,190000,9.65(-1.13 %),20,190000,0,0,13371259,16.82
25/10/2017,7800,74730000,9.6(-0.52 %),7800,74730000,0,0,13363459,16.84
26/10/2017,3950,36950000,9.5(-1.04 %),3950,36950000,0,0,13359509,16.85
27/10/2017,0,0,9.49(-0.11 %),0,0,0,0,13359509,16.85
30/10/2017,-1630,-15440000,9.49(0.00 %),20010,189990000,21640,205430000,13339499,16.9
31/10/2017,24130,229420000,9.54(0.53 %),24130,229420000,0,0,13315369,16.95
01/11/2017,10,100000,9.46(-0.84 %),10,100000,0,0,13315359,16.95
02/11/2017,20,190000,9.5(0.42 %),20,190000,0,0,13336979,16.9
03/11/2017,18450,169960000,9.4(-1.05 %),18450,169960000,0,0,13318529,16.95
06/11/2017,7300,66650000,9.25(-1.60 %),7300,66650000,0,0,13311229,16.96
07/11/2017,12710,117470000,9.23(-0.22 %),12710,117470000,0,0,13298519,16.99
08/11/2017,68560,631690000,9.79(6.07 %),68560,631690000,0,0,13229959,17.16
09/11/2017,121060,1127570000,9.4(-3.98 %),121060,1127570000,0,0,13108899,17.45
10/11/2017,8230,78410000,9.63(2.45 %),8230,78410000,0,0,13100669,17.47
13/11/2017,200,1900000,9.5(-1.35 %),200,1900000,0,0,13100469,17.47
14/11/2017,230,2170000,9.5(0.00 %),230,2170000,0,0,13100239,17.47
15/11/2017,30,280000,9.39(-1.16 %),30,280000,0,0,13100209,17.47
16/11/2017,20,190000,9.45(0.64 %),20,190000,0,0,13100189,17.47
17/11/2017,18670,178430000,9.64(2.01 %),18670,178430000,0,0,13081519,17.52
20/11/2017,1510,14350000,9.6(-0.41 %),1510,14350000,0,0,13080009,17.52
21/11/2017,140,1360000,9.68(0.83 %),140,1360000,0,0,13079869,17.52
22/11/2017,640,6150000,9.61(-0.72 %),640,6150000,0,0,13079229,17.52
23/11/2017,50,480000,9.6(-0.10 %),50,480000,0,0,13079179,17.52
24/11/2017,80,770000,9.58(-0.21 %),80,770000,0,0,13079099,17.52
27/11/2017,1840,17660000,9.6(0.21 %),1840,17660000,0,0,13077259,17.53
28/11/2017,130,1250000,9.69(0.94 %),130,1250000,0,0,13077129,17.53
29/11/2017,3280,31270000,9.79(5.38 %),3580,34180000,300,2910000,13073549,17.54
30/11/2017,1070,10490000,9.79(0.00 %),1070,10490000,0,0,13072479,17.54
01/12/2017,300,2950000,9.95(1.63 %),300,2950000,0,0,13072179,17.54
04/12/2017,10,100000,9.9(-0.50 %),10,100000,0,0,13072469,17.54
05/12/2017,40,400000,9.94(0.40 %),40,400000,0,0,13072429,17.54
06/12/2017,100,990000,9.85(-0.91 %),100,990000,0,0,13072329,17.54
07/12/2017,-570,-5460000,9.95(1.02 %),30,300000,600,5760000,13072299,17.54
08/12/2017,20,200000,9.98(0.30 %),320,3220000,300,3020000,13071979,17.54
11/12/2017,30,300000,9.89(-0.90 %),30,300000,0,0,13071949,17.54
12/12/2017,420,4110000,9.69(-2.02 %),420,4110000,0,0,13072129,17.54
13/12/2017,2500,23990000,9.58(-1.14 %),2500,23990000,0,0,13069929,17.55
14/12/2017,100,950000,9.6(0.21 %),100,950000,0,0,13069829,17.55
15/12/2017,120,1160000,9.69(0.94 %),120,1160000,0,0,13069709,17.55
18/12/2017,210,2050000,9.68(-0.10 %),310,3050000,100,1000000,13069399,17.55
19/12/2017,30,290000,9.67(-0.10 %),30,290000,0,0,13069369,17.55
20/12/2017,30,290000,9.61(-0.62 %),30,290000,0,0,13069339,17.55
21/12/2017,0,0,9.6(-0.10 %),0,0,0,0,13069439,17.55
22/12/2017,10,100000,9.65(0.52 %),10,100000,0,0,13069429,17.55
25/12/2017,0,0,9.55(-1.04 %),10,100000,10,100000,13069419,17.55
26/12/2017,-150,-1430000,9.7(1.57 %),60,590000,210,2020000,13069359,17.55
27/12/2017,20,200000,9.7(0.00 %),20,200000,0,0,13069339,17.55
28/12/2017,110,1070000,9.7(0.00 %),110,1070000,0,0,13069239,17.55
29/12/2017,110,1080000,9.8(1.03 %),110,1080000,0,0,13069339,17.55
02/01/2018,240,2280000,9.69(-1.12 %),240,2280000,0,0,13069099,17.55
03/01/2018,40,390000,9.69(0.00 %),140,1320000,100,930000,13068959,17.55
04/01/2018,7160,69450000,9.69(0.00 %),7400,71780000,240,2330000,13061559,17.57
05/01/2018,-4960,-48060000,9.76(0.72 %),40,390000,5000,48450000,13061519,17.57
08/01/2018,420,4010000,9.7(-0.61 %),420,4010000,0,0,13061199,17.57
09/01/2018,200,1980000,9.8(1.03 %),200,1980000,0,0,13061239,17.57
10/01/2018,20,200000,9.8(0.00 %),20,200000,0,0,13066219,17.55
11/01/2018,1020,10110000,10(2.04 %),1020,10110000,0,0,13065199,17.56
12/01/2018,-2030,-20100000,9.79(-2.10 %),20,200000,2050,20300000,13065179,17.56
15/01/2018,40,400000,9.85(0.61 %),40,400000,0,0,13065139,17.56
16/01/2018,10,100000,9.82(-0.30 %),10,100000,0,0,13065129,17.56
17/01/2018,20,200000,9.7(-1.22 %),20,200000,0,0,13067159,17.55
18/01/2018,-4660,-44820000,9.77(0.72 %),40,390000,4700,45210000,13067119,17.55
19/01/2018,130,1280000,9.75(-0.20 %),130,1280000,0,0,13066989,17.55
22/01/2018,20,200000,10.05(3.08 %),20,200000,0,0,13066969,17.55
25/01/2018,380,3810000,10(-0.50 %),10390,103910000,10010,100100000,13061279,17.57
26/01/2018,-20890,-206900000,10(0.00 %),20,200000,20910,207100000,13061259,17.57
29/01/2018,20,200000,10(0.00 %),20,200000,0,0,13061239,17.57
30/01/2018,-1090,-10170000,9.95(-0.50 %),1310,12290000,2400,22460000,13069939,17.55
31/01/2018,100,1000000,9.95(0.00 %),100,1000000,0,0,13090749,17.49
01/02/2018,920,8840000,9.95(0.00 %),920,8840000,0,0,13089829,17.5
02/02/2018,740,7350000,10.2(2.51 %),740,7350000,0,0,13091489,17.49
05/02/2018,320,3170000,10(-1.96 %),320,3170000,0,0,13091169,17.49
06/02/2018,0,0,9.8(-2.00 %),0,0,0,0,13091169,17.49
07/02/2018,-5270,-50580000,9.98(1.84 %),4730,45420000,10000,96000000,13086439,17.51
08/02/2018,0,0,9.95(-0.30 %),0,0,0,0,13086439,17.51
09/02/2018,210,2080000,10(0.50 %),210,2080000,0,0,13086229,17.51
12/02/2018,10,100000,9.95(-0.50 %),10,100000,0,0,13096219,17.48
13/02/2018,40,400000,10.15(2.01 %),40,400000,0,0,13096179,17.48
21/02/2018,7820,78500000,10(-1.48 %),7820,78500000,0,0,13088359,17.5
22/02/2018,30,300000,10(0.00 %),30,300000,0,0,13088329,17.5
23/02/2018,1030,10300000,10(0.00 %),1030,10300000,0,0,13087299,17.5
26/02/2018,30,300000,9.9(-1.00 %),30,300000,0,0,13087269,17.5
27/02/2018,60,610000,10(1.01 %),60,610000,0,0,13087209,17.5
28/02/2018,770,7780000,10.1(1.00 %),780,7880000,10,100000,13086429,17.51
01/03/2018,10,100000,10(-0.99 %),10,100000,0,0,13086419,17.51
02/03/2018,110,1120000,10(0.00 %),110,1120000,0,0,13086309,17.51
05/03/2018,-1810,-17750000,9.98(-0.20 %),1190,11670000,3000,29420000,13085129,17.51
06/03/2018,-30,-270000,9.9(-0.80 %),60,600000,90,870000,13085069,17.51
07/03/2018,-6990,-68500000,9.9(0.00 %),3010,29500000,10000,98000000,13082059,17.52
08/03/2018,20,200000,9.9(0.00 %),20,200000,0,0,13085039,17.51
09/03/2018,0,0,9.88(-0.20 %),0,0,0,0,13085129,17.51
12/03/2018,20,200000,10(1.21 %),20,200000,0,0,13095109,17.48
13/03/2018,130,1300000,10.05(0.50 %),130,1300000,0,0,13094979,17.48
14/03/2018,160,1600000,10.05(0.00 %),250,2500000,90,900000,13094729,17.49
15/03/2018,-370,-3770000,10.15(1.00 %),30,310000,400,4080000,13094699,17.49
16/03/2018,70,700000,10(-1.48 %),70,700000,0,0,13094629,17.49
19/03/2018,20,200000,10.1(1.00 %),20,200000,0,0,13094699,17.49
20/03/2018,10,100000,10(-0.99 %),10,100000,0,0,13095089,17.48
21/03/2018,20,200000,10(0.00 %),20,200000,0,0,13095069,17.48
22/03/2018,20,200000,10.1(1.00 %),20,200000,0,0,13095049,17.48
23/03/2018,60,570000,9.5(-5.94 %),60,570000,0,0,13094989,17.48
26/03/2018,0,0,9.6(1.05 %),10,100000,10,100000,13094979,17.48
27/03/2018,110,1050000,9.59(-0.10 %),110,1050000,0,0,13094869,17.49
28/03/2018,520,4940000,9.5(-0.94 %),520,4940000,0,0,13094349,17.49
29/03/2018,10,100000,9.58(0.84 %),10,100000,0,0,13094349,17.49
30/03/2018,1010,9680000,9.57(-0.10 %),1010,9680000,0,0,13093339,17.49
02/04/2018,170,1690000,9.6(0.31 %),170,1690000,0,0,13093169,17.49
03/04/2018,0,0,9.6(0.00 %),0,0,0,0,13093169,17.49
04/04/2018,-910,-8740000,9.6(0.00 %),0,0,910,8740000,13093169,17.49
05/04/2018,10,100000,9.55(-0.52 %),10,100000,0,0,13093159,17.49
06/04/2018,20,190000,9.6(0.52 %),20,190000,0,0,13093139,17.49
09/04/2018,6960,66820000,9.63(0.31 %),6960,66820000,0,0,13087089,17.5
10/04/2018,10,100000,9.63(0.00 %),10,100000,0,0,13087079,17.5
11/04/2018,5530,54680000,9.8(1.77 %),6030,59340000,500,4660000,13081049,17.52
12/04/2018,0,0,9.79(-0.10 %),0,0,0,0,13081049,17.52
13/04/2018,130,1250000,9.6(-1.94 %),130,1250000,0,0,13080919,17.52
16/04/2018,10,100000,9.4(-2.08 %),10,100000,0,0,13081409,17.52
17/04/2018,-1440,-13410000,9.5(1.06 %),60,570000,1500,13980000,13081349,17.52
18/04/2018,10,100000,9.5(0.00 %),10,100000,0,0,13081339,17.52
19/04/2018,10,100000,9.75(2.63 %),10,100000,0,0,13081329,17.52
20/04/2018,210,2010000,9.58(-1.74 %),210,2010000,0,0,13082619,17.51
23/04/2018,150,1490000,9.96(3.97 %),350,3450000,200,1960000,13082269,17.52
24/04/2018,6930,66900000,10(0.40 %),7130,68900000,200,2000000,13075139,17.53
26/04/2018,960,9280000,9.8(-2.00 %),960,9280000,0,0,13074179,17.53
27/04/2018,39500,392380000,10.3(5.10 %),41130,409170000,1630,16790000,13033249,17.63
02/05/2018,10,100000,10(-2.91 %),10,100000,0,0,13033439,17.63
03/05/2018,0,0,9.7(-3.00 %),0,0,0,0,13033439,17.63
04/05/2018,20,200000,10.1(4.12 %),20,200000,0,0,13035055,17.63
07/05/2018,30,300000,10(-0.99 %),30,300000,0,0,13035025,17.63
08/05/2018,30,300000,9.99(-0.10 %),30,300000,0,0,13034995,17.63
09/05/2018,20,200000,9.9(-0.90 %),20,200000,0,0,13034975,17.63
10/05/2018,10,100000,9.65(-2.53 %),10,100000,0,0,13034965,17.63
11/05/2018,520,5190000,9.99(3.52 %),520,5190000,0,0,13034445,17.63
14/05/2018,10,110000,9.95(-0.40 %),30,300000,20,190000,13034415,17.63
15/05/2018,0,0,9.9(-0.50 %),0,0,0,0,13034415,17.63
16/05/2018,0,0,9.9(0.00 %),0,0,0,0,13034415,17.63
17/05/2018,30,300000,9.9(0.00 %),3100,30690000,3070,30390000,13031335,17.64
18/05/2018,-580,-5530000,9.9(0.00 %),20,200000,600,5730000,13031315,17.64
21/05/2018,0,0,9.9(0.00 %),0,0,0,0,13031315,17.64
22/05/2018,-180,-1710000,9.6(-3.03 %),30,290000,210,2000000,13034355,17.63
23/05/2018,10,100000,9.6(0.00 %),30,290000,20,190000,13034925,17.63
24/05/2018,200,1900000,9.5(-1.04 %),200,1900000,0,0,13034725,17.63
25/05/2018,0,0,9.5(0.00 %),10,100000,10,100000,13034925,17.63
28/05/2018,-10,-100000,9.5(0.00 %),20,190000,30,290000,13034925,17.63
29/05/2018,70,660000,9.4(-1.05 %),70,660000,0,0,13034855,17.63
30/05/2018,2150,19380000,9.4(0.00 %),2150,19380000,0,0,13032715,17.63
31/05/2018,50,470000,9.4(0.00 %),50,470000,0,0,13032695,17.63
01/06/2018,140,1310000,9.4(0.00 %),140,1310000,0,0,13032555,17.64
04/06/2018,50,470000,9.4(0.00 %),50,470000,0,0,13032505,17.64
05/06/2018,0,0,9.4(0.00 %),0,0,0,0,13032505,17.64
06/06/2018,800,7520000,9.4(0.00 %),800,7520000,0,0,13031705,17.64
07/06/2018,10,100000,9.6(2.13 %),10,100000,0,0,13031695,17.64
08/06/2018,-4990,-46420000,9.4(-2.08 %),10,90000,5000,46510000,13031685,17.64
11/06/2018,3000,27900000,9.3(-1.06 %),3000,27900000,0,0,13028685,17.64
12/06/2018,2000,18900000,9.5(2.15 %),2000,18900000,0,0,13026685,17.65
13/06/2018,20,190000,9.48(0.85 %),20,190000,0,0,13031665,17.64
14/06/2018,0,0,9.3(-1.90 %),0,0,0,0,13031665,17.64
15/06/2018,0,0,9.3(0.00 %),0,0,0,0,13031665,17.64
18/06/2018,10,90000,9.47(1.83 %),10,90000,0,0,13031655,17.64
19/06/2018,0,0,9.47(0.00 %),0,0,0,0,13031655,17.64
20/06/2018,9110,84720000,9.38(-0.95 %),9110,84720000,0,0,13022545,17.66
21/06/2018,0,0,9.38(0.00 %),0,0,0,0,13022545,17.66
22/06/2018,-3810,-35740000,9.35(-0.32 %),0,0,3810,35740000,13022545,17.66
25/06/2018,2000,18760000,9.38(0.32 %),2000,18760000,0,0,13020545,17.66
26/06/2018,0,0,9.3(-0.85 %),0,0,0,0,13020545,17.66
27/06/2018,-5220,-48550000,9.3(0.00 %),0,0,5220,48550000,13024355,17.65
28/06/2018,-1180,-10950000,9.27(-0.32 %),4610,42720000,5790,53670000,13019745,17.67
29/06/2018,1860,17576000,9.57(3.24 %),1860,17576000,0,0,13017885,17.67
02/07/2018,3200,30080000,9.4(-1.78 %),3200,30080000,0,0,13019905,17.67
03/07/2018,-270,-2570000,9.4(0.00 %),610,5690000,880,8260000,13025085,17.65
04/07/2018,990,9210000,9.49(0.96 %),990,9210000,0,0,13024095,17.66
05/07/2018,510,4700000,9.5(0.11 %),510,4700000,0,0,13023585,17.66
06/07/2018,2630,23740000,9.4(-1.05 %),2630,23740000,0,0,13021835,17.66
09/07/2018,20,190000,9.49(0.96 %),20,190000,0,0,13021815,17.66
10/07/2018,12100,111330000,9.48(-0.11 %),12110,111420000,10,90000,13009705,17.69
11/07/2018,5440,49800000,9.46(-0.21 %),5440,49800000,0,0,13004265,17.7
12/07/2018,30,282500,9.42(-0.42 %),30,282500,0,0,13004235,17.7
13/07/2018,10,90000,9.39(-0.32 %),210,1930000,200,1840000,13004035,17.7
16/07/2018,0,0,9.39(0.00 %),0,0,0,0,13004035,17.7
17/07/2018,30,280000,9.46(0.75 %),30,280000,0,0,13004005,17.7
18/07/2018,110,1013700,9.2(-2.75 %),120,1106200,10,92500,13003895,17.7
19/07/2018,510,4690000,9.2(0.00 %),510,4690000,0,0,13003575,17.7
20/07/2018,50,470000,9.38(1.96 %),50,470000,0,0,13003525,17.7
23/07/2018,-690,-6415600,9.49(1.17 %),10,94400,700,6510000,13004215,17.7
24/07/2018,6340,60840000,9.63(1.48 %),6340,60840000,0,0,12997185,17.72
25/07/2018,81470,765880000,9.6(-0.31 %),81470,765880000,0,0,12915715,17.92
26/07/2018,96530,868130000,10.2(6.25 %),110890,1013910000,14360,145780000,12805525,18.18
27/07/2018,3940,38600000,10.2(0.00 %),4440,43680000,500,5080000,12801085,18.19
30/07/2018,3540,35710000,10(-1.96 %),3540,35710000,0,0,12797545,18.2
31/07/2018,73850,738468000,10.05(0.50 %),74260,742603500,410,4135500,12723695,18.38
01/08/2018,75110,751110000,10.1(0.50 %),75110,751110000,0,0,13147539,17.36
02/08/2018,150010,1500100000,10(-0.99 %),150040,1500410000,30,310000,12512995,18.89
03/08/2018,169200,1691801000,10(0.00 %),190020,1900203000,20820,208402000,12343795,19.29
06/08/2018,108500,1084853000,10.2(2.00 %),169000,1690003000,60500,605150000,12235295,19.55
07/08/2018,-310,-3104500,10.2(0.00 %),119700,1197026500,120010,1200131000,12235605,19.55
08/08/2018,-26990,-269900000,10.1(-0.98 %),3010,30100000,30000,300000000,12052525,19.99
09/08/2018,2540,25400000,10.15(0.50 %),2540,25400000,0,0,12110485,19.85
10/08/2018,1720,17480000,10.15(0.00 %),1720,17480000,0,0,12228775,19.57
13/08/2018,7200,72760000,10.1(-0.49 %),7200,72760000,0,0,12251575,19.51
14/08/2018,12510,126650000,10.15(0.50 %),12510,126650000,0,0,12239065,19.54
15/08/2018,94760,948180000,10(-1.48 %),94760,948180000,0,0,12144305,19.77
16/08/2018,26830,268300000,10.05(0.50 %),26830,268300000,0,0,12117475,19.84
17/08/2018,14780,147806000,10.15(1.00 %),14780,147806000,0,0,12102695,19.87
20/08/2018,0,0,10.1(-0.49 %),0,0,0,0,12102695,19.87
21/08/2018,30,310000,10.1(0.00 %),30,310000,0,0,12102673,19.87
22/08/2018,0,0,10.1(0.00 %),0,0,0,0,12102673,19.87
23/08/2018,0,0,10.05(-0.50 %),0,0,0,0,12102673,19.87
24/08/2018,0,0,10.05(0.00 %),0,0,0,0,12102673,19.87
27/08/2018,10,0,10.15(1.00 %),2020,20300000,2010,20300000,12100653,19.88
28/08/2018,11460,115650000,10.05(-0.99 %),11460,115650000,0,0,12089193,19.91
29/08/2018,22820,228210000,10.1(0.50 %),23850,238510000,1030,10300000,12065343,19.96
30/08/2018,23010,229600000,10.1(0.00 %),24010,239600000,1000,10000000,12043343,20.02
31/08/2018,4750,47670000,10.2(0.99 %),5750,57580000,1000,9910000,12037593,20.03
04/09/2018,-190,-1900000,10.15(-0.49 %),10,100000,200,2000000,13147539,17.36
05/09/2018,2600,26130000,10.05(-0.99 %),2600,26130000,0,0,13144939,17.36
06/09/2018,3910,39291500,10.15(1.00 %),3910,39291500,0,0,13141029,17.37
07/09/2018,0,0,10.2(0.49 %),0,0,0,0,13141029,17.37
10/09/2018,11430,116590000,10.2(0.00 %),11430,116590000,0,0,12022873,20.06
11/09/2018,7020,70210000,10.3(0.98 %),7020,70210000,0,0,12015853,20.08
12/09/2018,10,100000,10.3(0.00 %),10,100000,0,0,12015843,20.08
13/09/2018,2110,21410000,10.3(0.00 %),2610,26460000,500,5050000,12013233,20.09
14/09/2018,2450,24750000,10.3(0.00 %),2450,24750000,0,0,12010783,20.09
17/09/2018,4610,46100000,10.2(-0.97 %),4610,46100000,0,0,12006173,20.11
18/09/2018,5360,53600000,10.1(-0.98 %),5360,53600000,0,0,12001313,20.12
19/09/2018,1420,14270000,10.3(1.98 %),1420,14270000,0,0,11999893,20.12
20/09/2018,2700,27170000,10.05(-2.43 %),2700,27170000,0,0,11997193,20.13
21/09/2018,1020,10300000,10.2(1.49 %),1020,10300000,0,0,11996173,20.13
24/09/2018,1430,14414000,10(-1.96 %),1430,14414000,0,0,11994743,20.13
25/09/2018,0,0,10.2(2.00 %),0,0,0,0,11994743,20.13
26/09/2018,0,0,10.1(-0.98 %),0,0,0,0,11994743,20.13
27/09/2018,15070,150710000,10.2(0.99 %),15070,150710000,0,0,11946833,20.25
28/09/2018,13220,132204000,10.2(0.00 %),13220,132204000,0,0,11933613,20.28
01/10/2018,12520,127760000,10.45(2.45 %),12520,127760000,0,0,11921092,20.31
02/10/2018,7130,71667500,10.4(-0.48 %),7130,71667500,0,0,11913962,20.33
03/10/2018,40,410000,10.4(0.00 %),40,410000,0,0,11913922,20.33
04/10/2018,0,0,10.4(0.00 %),0,0,0,0,11913922,20.33
05/10/2018,6070,61430000,10.35(-0.48 %),6070,61430000,0,0,11907852,20.34
08/10/2018,10,100000,10.45(0.97 %),10,100000,0,0,11907842,20.34
09/10/2018,2550,25790000,10.35(-0.96 %),2550,25790000,0,0,11905292,20.35
10/10/2018,10,103500,10.35(0.00 %),10,103500,0,0,11905282,20.35
11/10/2018,11590,117099000,10.2(-1.45 %),11590,117099000,0,0,11893692,20.38
12/10/2018,9090,90923000,10.3(0.98 %),9090,90923000,0,0,11884602,20.4
15/10/2018,5550,55500000,10.05(-2.43 %),5550,55500000,0,0,11879052,20.41
16/10/2018,120,1221500,10.2(1.49 %),120,1221500,0,0,11878932,20.41
17/10/2018,-27240,-281497500,10.2(0.00 %),0,0,27240,281497500,11906172,20.35
18/10/2018,90,920000,10.35(1.47 %),8090,82520000,8000,81600000,11870842,20.43
19/10/2018,6020,60905000,10.25(-0.97 %),6030,61009000,10,104000,11864822,20.45
22/10/2018,22610,226100000,10.1(-1.46 %),22610,226100000,0,0,11869442,20.43
23/10/2018,48020,480203500,10.2(0.99 %),49020,490203500,1000,10000000,11821422,20.55
24/10/2018,9710,97028500,10.2(0.00 %),18010,180103500,8300,83075000,11811712,20.57
25/10/2018,45210,455123000,10.2(0.00 %),45210,455123000,0,0,11766502,20.68
26/10/2018,5270,54420000,10.4(1.96 %),5770,59550000,500,5130000,11760446,20.7
29/10/2018,810,8140000,10.25(-1.44 %),810,8140000,0,0,11767936,20.68
30/10/2018,1200,12300000,10.25(0.00 %),1200,12300000,0,0,11766736,20.68
31/10/2018,1610,16503500,10.25(0.00 %),1610,16503500,0,0,11765126,20.69
01/11/2018,520,5230000,10.25(0.00 %),540,5440000,20,210000,11765086,20.69
02/11/2018,9270,92708000,10.2(-0.49 %),9270,92708000,0,0,11755816,20.71
05/11/2018,10,100000,10.1(-0.98 %),10,100000,0,0,11755806,20.71
06/11/2018,0,0,10.1(0.00 %),0,0,0,0,11755806,20.71
07/11/2018,3190,32240000,10.2(0.99 %),3190,32240000,0,0,11752636,20.72
08/11/2018,810,8320000,10.25(0.49 %),1310,13450000,500,5130000,11751326,20.72
09/11/2018,21260,214880000,10.05(-1.95 %),21260,214880000,0,0,11730066,20.77
12/11/2018,300,3010000,10.1(0.50 %),320,3220000,20,210000,11729746,20.77
13/11/2018,11500,116150000,10.1(0.00 %),11530,116459000,30,309000,11718246,20.8
14/11/2018,10010,101102500,10.2(0.99 %),10010,101102500,0,0,11708236,20.82
15/11/2018,-40,-333320,10.2(0.00 %),0,0,40,333320,11708276,20.82
16/11/2018,190,1910000,10.2(0.00 %),190,1910000,0,0,11708566,20.82
19/11/2018,6520,65530000,10.15(-0.49 %),6520,65530000,0,0,11702046,20.84
20/11/2018,0,0,10.3(1.48 %),0,0,0,0,11702086,20.84
21/11/2018,10,100000,10.25(-0.49 %),10,100000,0,0,11702076,20.84
22/11/2018,-190,-1950000,10.3(0.49 %),10,100000,200,2050000,11702066,20.84
23/11/2018,0,0,10.3(0.00 %),0,0,0,0,11702066,20.84
26/11/2018,1220,12200000,10.45(1.46 %),1220,12200000,0,0,11700846,20.84
27/11/2018,-90,-950000,10.5(0.48 %),10,105000,100,1055000,11700936,20.84
28/11/2018,8100,85040000,10.45(-0.48 %),8100,85040000,0,0,11685356,20.88
29/11/2018,5900,61655000,10.5(0.48 %),5900,61655000,0,0,11679456,20.89
30/11/2018,3310,34590000,10.5(0.00 %),3320,34700000,10,110000,11676386,20.9
03/12/2018,-70,-742000,10.6(0.95 %),30,318000,100,1060000,11676356,20.9
04/12/2018,1010,10706500,10.6(0.00 %),1010,10706500,0,0,11675346,20.9
05/12/2018,18800,195840000,10.55(-0.47 %),18800,195840000,0,0,11656546,20.95
06/12/2018,-100,-1055000,10.55(0.00 %),0,0,100,1055000,11656646,20.95
07/12/2018,0,0,10.55(0.00 %),0,0,0,0,11656646,20.95
10/12/2018,-3160,-33110000,10.5(2.44 %),30,320000,3190,33430000,11656626,20.95
11/12/2018,1000,10390000,10.5(0.00 %),2510,26100000,1510,15710000,11654216,20.95
12/12/2018,-1850,-19240000,10.5(0.00 %),8920,92770000,10770,112010000,11656066,20.95
13/12/2018,10,106500,10.65(1.43 %),10,106500,0,0,11656056,20.95
14/12/2018,0,0,10.65(0.00 %),0,0,0,0,11656056,20.95
17/12/2018,2430,24673500,10.5(-1.41 %),2430,24673500,0,0,11653626,20.95
18/12/2018,9940,100410000,10.4(-0.95 %),9940,100410000,0,0,11648386,20.97
19/12/2018,18010,180100000,10.35(-0.48 %),18010,180100000,0,0,11630376,21.01
20/12/2018,10,100000,10.2(-1.45 %),10,100000,0,0,11630366,21.01
21/12/2018,840,8600000,10.25(0.49 %),840,8600000,0,0,11629526,21.01
24/12/2018,580,6890000,10(-2.44 %),8550,86600000,7970,79710000,11620976,21.03
25/12/2018,7040,70410000,10.2(2.00 %),7040,70410000,0,0,11613936,21.05
26/12/2018,0,0,10.2(0.00 %),0,0,0,0,11613936,21.05
27/12/2018,10,102000,10.2(0.00 %),10,102000,0,0,11613926,21.05
28/12/2018,1510,15180000,10.2(0.00 %),1510,15180000,0,0,11620386,21.03
02/01/2019,0,0,10.2(0.00 %),0,0,0,0,11620386,21.03
03/01/2019,9130,91305000,10.15(-0.49 %),9130,91305000,0,0,11611256,21.06
04/01/2019,18310,183100000,10(-1.48 %),18310,183100000,0,0,11592946,21.1
07/01/2019,4970,49703000,10(0.00 %),4970,49703000,0,0,11587976,21.11
08/01/2019,9330,93300000,10.1(1.00 %),9330,93300000,0,0,11578646,21.13
09/01/2019,30,301500,10.1(0.00 %),30,301500,0,0,11578616,21.13
10/01/2019,9090,90900000,10.15(0.50 %),9090,90900000,0,0,11569526,21.16
11/01/2019,1010,10101000,10.1(-0.49 %),20010,200101000,19000,190000000,11568516,21.16
14/01/2019,-1290,-12960000,10.1(0.00 %),18710,187100000,20000,200060000,11530806,21.25
15/01/2019,2000,20000000,10.1(0.00 %),27000,270000000,25000,250000000,11503806,21.31
16/01/2019,0,0,10.1(0.00 %),0,0,0,0,11503806,21.31
17/01/2019,0,0,10(-0.99 %),0,0,0,0,11542806,21.22
18/01/2019,23090,230900000,10.05(0.50 %),23090,230900000,0,0,11544716,21.22
21/01/2019,-7000,-70500000,9.9(-1.49 %),23000,230000000,30000,300500000,11521716,21.27
22/01/2019,-1300,-13000000,10(1.01 %),19000,190000000,20300,203000000,11502716,21.32
23/01/2019,-300,-3000000,10(0.00 %),24610,246100000,24910,249100000,11503016,21.32
24/01/2019,14700,145263800,9.99(-0.10 %),14700,145263800,0,0,11488316,21.35
25/01/2019,-1130,-11090000,9.99(0.00 %),8870,86930000,10000,98020000,11504836,21.31
28/01/2019,12000,118800000,9.9(-0.90 %),12000,118800000,0,0,11517746,21.28
29/01/2019,0,0,9.99(0.91 %),0,0,0,0,11517746,21.28
30/01/2019,3110,30791000,10(0.10 %),3110,30791000,0,0,11474336,21.39
31/01/2019,0,0,10(0.00 %),0,0,0,0,11524636,21.26
01/02/2019,-3990,-39899000,10.1(1.00 %),2090,20901000,6080,60800000,0,0.0
11/02/2019,-3280,-33211300,10.15(0.50 %),8270,82743700,11550,115955000,11525826,21.26
12/02/2019,-4000,-39970000,10(-1.48 %),6000,60030000,10000,100000000,11508276,21.3
13/02/2019,290,2901000,10.1(1.00 %),17510,175101000,17220,172200000,11529536,21.25
14/02/2019,3020,30180000,10.1(0.00 %),3500,35030000,480,4850000,11504896,21.31
15/02/2019,2500,25000000,10(-0.99 %),2500,25000000,0,0,11524016,21.27
18/02/2019,17150,169750000,9.99(-0.10 %),17510,173351000,360,3601000,11506866,21.31
19/02/2019,4500,45000000,9.99(0.00 %),19500,195000000,15000,150000000,11493086,21.34
20/02/2019,2030,20280000,10(0.10 %),2030,20280000,0,0,11491056,21.34
21/02/2019,-18580,-185800000,9.99(-0.10 %),56420,564200000,75000,750000000,11434996,21.48
22/02/2019,-6000,-59200000,9.93(-0.60 %),25350,253480000,31350,312680000,11424646,21.5
25/02/2019,-1780,-17590000,9.95(0.20 %),15220,150870000,17000,168460000,11409426,21.54
26/02/2019,-2700,-26750000,9.9(-0.50 %),9300,92070000,12000,118820000,11529396,21.25
27/02/2019,500,4950000,9.9(0.00 %),3500,34650000,3000,29700000,11528896,21.25
28/02/2019,-5000,-49500000,9.99(0.91 %),0,0,5000,49500000,11533896,21.24
01/03/2019,-2030,-20200000,10(0.10 %),9500,94110000,11530,114310000,11531976,21.25
04/03/2019,-4340,-43850000,9.99(-0.10 %),4500,44550000,8840,88400000,11536316,21.24
05/03/2019,5210,51530000,9.95(-0.40 %),19300,191730000,14090,140200000,11506676,21.31
06/03/2019,-39750,-395490000,9.95(0.00 %),7000,69300000,46750,464790000,11511206,21.3
07/03/2019,-40090,-403400000,10.25(3.02 %),550,5500000,40640,408900000,11519496,21.28
08/03/2019,4570,46250000,10.25(0.00 %),44580,448520000,40010,402270000,11489006,21.35
11/03/2019,-32670,-326650000,10.1(-1.46 %),17840,178453000,50510,505103000,11559206,21.18
12/03/2019,20,204000,10.2(0.99 %),20,204000,0,0,11559186,21.18
13/03/2019,6140,61402000,10.2(0.00 %),6140,61402000,0,0,11553046,21.2
14/03/2019,520,5254000,10.1(-0.98 %),520,5254000,0,0,11552526,21.2
15/03/2019,6850,69190000,10(-0.99 %),6850,69190000,0,0,11635546,21.0
18/03/2019,8400,84840000,10.1(1.00 %),8400,84840000,0,0,11627146,21.02
19/03/2019,-180,-1966000,10.2(0.99 %),1310,13232000,1490,15198000,11537456,21.23
20/03/2019,1000,10050000,10.2(0.00 %),2000,20250000,1000,10200000,11623836,21.03
21/03/2019,-2520,-25704000,10.25(0.49 %),0,0,2520,25704000,11538976,21.23
22/03/2019,10030,102310000,10.25(0.00 %),10030,102310000,0,0,11615296,21.05
25/03/2019,10,102500,10.25(0.00 %),10,102500,0,0,11528936,21.25
26/03/2019,10300,105480000,10.1(-1.46 %),10400,106510000,100,1030000,11608406,21.06
27/03/2019,30,310000,10.3(1.98 %),30,310000,0,0,11608376,21.06
28/03/2019,2070,21114000,10.25(-0.49 %),2070,21114000,0,0,11516536,21.28
29/03/2019,0,0,10.25(0.00 %),0,0,0,0,11606406,21.07
01/04/2019,0,0,10.35(0.98 %),0,0,0,0,11606406,21.07
02/04/2019,-90,-930000,10.35(0.00 %),10,110000,100,1040000,11606396,21.07
03/04/2019,8700,90050000,10.35(0.00 %),8700,90050000,0,0,11597696,21.09
04/04/2019,0,0,10.3(-0.48 %),0,0,0,0,11597796,21.09
05/04/2019,0,0,10.3(0.00 %),0,0,0,0,11597796,21.09
08/04/2019,10700,110210000,10.3(0.00 %),10700,110210000,0,0,11587096,21.11
09/04/2019,3400,35020000,10.3(0.00 %),3400,35020000,0,0,11583696,21.12
10/04/2019,2500,25720000,10.3(0.00 %),3000,30900000,500,5180000,11580696,21.13
11/04/2019,10500,108150000,10.35(0.49 %),10550,108670000,50,520000,11570146,21.15
12/04/2019,4300,44240000,10.3(-0.48 %),5300,54590000,1000,10350000,11566396,21.16
16/04/2019,1360,14005500,10.3(0.00 %),2810,29013000,1450,15007500,11565036,21.17
17/04/2019,7700,79310000,10.25(-0.49 %),7700,79310000,0,0,11557336,21.19
18/04/2019,1040,10662500,10.35(0.98 %),1040,10662500,0,0,11556296,21.19
19/04/2019,7000,71750000,10.25(-0.97 %),7000,71750000,0,0,11549296,21.2
22/04/2019,10700,109680000,10.25(0.00 %),10700,109680000,0,0,11538596,21.23
23/04/2019,50,512500,10.25(0.00 %),50,512500,0,0,11538546,21.23
24/04/2019,0,0,10.25(0.00 %),0,0,0,0,11538546,21.23
25/04/2019,10,102500,10.25(0.00 %),10,102500,0,0,11538536,21.23
26/04/2019,10,102000,10.2(-0.49 %),10,102000,0,0,11538526,21.23
02/05/2019,-2060,-21007000,10.2(0.00 %),210,2142000,2270,23149000,11538526,21.23
03/05/2019,0,0,10.2(0.00 %),0,0,0,0,11538526,21.23
06/05/2019,140,1371400,9.99(-2.06 %),140,1371400,0,0,11538386,21.23
07/05/2019,0,0,9.9(-0.90 %),0,0,0,0,11540446,21.23
08/05/2019,-490,-4750000,9.9(0.00 %),20,200000,510,4950000,11540426,21.23
09/05/2019,30,300000,9.97(0.71 %),30,300000,0,0,11540396,21.23
10/05/2019,-5630,-54652600,9.92(-0.50 %),70,694400,5700,55347000,11544476,21.22
13/05/2019,-10050,-97590000,9.71(-2.12 %),0,0,10050,97590000,11540836,21.23
14/05/2019,10,100000,9.79(0.82 %),10,100000,0,0,11540826,21.23
15/05/2019,-100,-980000,9.78(-0.10 %),0,0,100,980000,11546526,21.21
16/05/2019,10,100000,9.74(-0.41 %),10,100000,0,0,11556566,21.19
17/05/2019,-3990,-38110000,9.7(-0.41 %),20,190000,4010,38300000,11556546,21.19
20/05/2019,0,0,9.6(-1.03 %),0,0,0,0,11556646,21.19
21/05/2019,0,0,9.55(-0.52 %),0,0,0,0,11556646,21.19
22/05/2019,-2000,-19100000,9.56(0.10 %),0,0,2000,19100000,11560656,21.18
23/05/2019,-120,-1150000,9.56(0.00 %),0,0,120,1150000,11560656,21.18
24/05/2019,10,97800,9.78(2.30 %),30,294600,20,196800,11560646,21.18
27/05/2019,0,0,9.4(-3.89 %),0,0,0,0,11562626,21.17
28/05/2019,20,190000,9.6(2.13 %),40,382000,20,192000,11560626,21.18
29/05/2019,0,0,9.5(-1.04 %),0,0,0,0,11562726,21.17
30/05/2019,-90,-860000,9.5(0.00 %),0,0,90,860000,11562726,21.17
31/05/2019,0,0,9.59(0.95 %),0,0,0,0,11562746,21.17
03/06/2019,0,0,9.38(-2.19 %),0,0,0,0,11562746,21.17
04/06/2019,0,0,9.3(-0.85 %),0,0,0,0,11562836,21.17
05/06/2019,0,0,9.39(0.97 %),0,0,0,0,11562836,21.17
06/06/2019,60,570000,9.48(0.96 %),60,570000,0,0,11562776,21.17
07/06/2019,1000,9480000,9.45(-0.32 %),1000,9480000,0,0,11561776,21.17
10/06/2019,10,94400,9.44(-0.11 %),10,94400,0,0,11561676,21.17
11/06/2019,0,0,9.44(0.00 %),0,0,0,0,11561766,21.17
12/06/2019,0,0,9.44(0.00 %),0,0,0,0,11561766,21.17
13/06/2019,0,0,9.44(0.00 %),0,0,0,0,11561766,21.17
14/06/2019,20,190000,9.5(0.64 %),20,190000,0,0,11561746,21.17
17/06/2019,0,0,9.5(0.00 %),0,0,0,0,11561746,21.17
18/06/2019,0,0,9.5(0.00 %),0,0,0,0,11561746,21.17
19/06/2019,0,0,9.5(0.00 %),0,0,0,0,11561746,21.17
20/06/2019,0,0,9.5(0.00 %),0,0,0,0,11561746,21.17
21/06/2019,0,0,9.5(0.00 %),0,0,0,0,11561746,21.17
24/06/2019,0,0,9.4(-1.05 %),0,0,0,0,11561746,21.17
25/06/2019,0,0,9.4(0.00 %),0,0,0,0,11561746,21.17
26/06/2019,10,100000,9.5(1.06 %),10,100000,0,0,11561736,21.17
27/06/2019,1800,17100000,9.5(0.00 %),1800,17100000,0,0,11559936,21.18
28/06/2019,180,1680000,9.5(0.00 %),180,1680000,0,0,11559756,21.18
01/07/2019,0,0,9.5(0.00 %),0,0,0,0,11559756,21.18
02/07/2019,10,100000,9.8(3.16 %),20,200000,10,100000,11559736,21.18
03/07/2019,0,0,9.8(0.00 %),0,0,0,0,11559746,21.18
04/07/2019,0,0,10(2.04 %),10,100000,10,100000,11559746,21.18
05/07/2019,-9290,-89580000,9.99(-0.10 %),10,100000,9300,89680000,11559726,21.18
08/07/2019,0,0,9.98(-0.10 %),0,0,0,0,11569036,21.16
09/07/2019,0,0,9.97(-0.10 %),0,0,0,0,11569036,21.16
10/07/2019,0,0,9.9(-0.70 %),0,0,0,0,11569036,21.16
11/07/2019,-24980,-249800000,10(1.01 %),0,0,24980,249800000,11594016,21.1
12/07/2019,0,0,9.8(-2.00 %),0,0,0,0,11594016,21.1
15/07/2019,-10050,-99500000,10(2.04 %),40,400000,10090,99900000,11568996,21.16
16/07/2019,0,0,9.9(-1.00 %),0,0,0,0,11604066,21.07
17/07/2019,-3950,-39500000,10(1.01 %),0,0,3950,39500000,11608016,21.06
18/07/2019,0,0,9.99(-0.10 %),0,0,0,0,11608016,21.06
19/07/2019,0,0,9.98(-0.10 %),0,0,0,0,11608016,21.06
22/07/2019,10,100000,9.34(-6.41 %),10,100000,0,0,11608006,21.06
23/07/2019,40,390000,9.4(0.64 %),40,390000,0,0,11607966,21.06
24/07/2019,10,100000,10(6.38 %),10,100000,0,0,11607956,21.06
25/07/2019,0,0,9.54(-4.60 %),0,0,0,0,11607956,21.06
26/07/2019,10,100000,9.67(1.36 %),10,100000,0,0,11607946,21.06
29/07/2019,0,0,9.6(-0.72 %),0,0,0,0,11607946,21.06
30/07/2019,0,0,9.6(0.00 %),0,0,0,0,11607946,21.06
31/07/2019,640,6133300,9.58(-0.21 %),640,6133300,0,0,11607306,21.07
01/08/2019,10,100000,9.57(-0.10 %),10,100000,0,0,11607296,21.07
02/08/2019,40,394000,9.69(1.25 %),50,494000,10,100000,11607266,21.07
05/08/2019,0,0,9.4(-2.99 %),0,0,0,0,11607266,21.07
06/08/2019,10,100000,9.4(0.00 %),10,100000,0,0,11607236,21.07
07/08/2019,10,100000,9.6(2.13 %),10,100000,0,0,11607236,21.07
08/08/2019,0,0,9.49(-1.15 %),0,0,0,0,11607246,21.07
09/08/2019,0,0,9.49(0.00 %),0,0,0,0,11607246,21.07
12/08/2019,0,0,9.42(-0.74 %),0,0,0,0,11607246,21.07
13/08/2019,40,390900,9.69(2.87 %),40,390900,0,0,11607206,21.07
14/08/2019,0,0,9.69(0.00 %),0,0,0,0,11607206,21.07
15/08/2019,0,0,9.58(-1.14 %),0,0,0,0,11607206,21.07
16/08/2019,210,2031500,9.8(2.30 %),210,2031500,0,0,11606996,21.07
19/08/2019,10,100000,9.76(-0.41 %),10,100000,0,0,11606976,21.07
20/08/2019,0,0,9.55(-2.15 %),0,0,0,0,11606986,21.07
21/08/2019,0,0,9.55(0.00 %),0,0,0,0,11606986,21.07
22/08/2019,0,0,9.5(-0.52 %),0,0,0,0,11606986,21.07
23/08/2019,0,0,9.51(0.11 %),0,0,0,0,11606986,21.07
26/08/2019,0,0,9.5(-0.11 %),0,0,0,0,11606986,21.07
27/08/2019,0,0,9.41(-0.95 %),0,0,0,0,11606986,21.07
28/08/2019,0,0,9.49(0.85 %),0,0,0,0,11606986,21.07
29/08/2019,0,0,9.48(-0.11 %),0,0,0,0,11606986,21.07
30/08/2019,0,0,9.49(0.11 %),0,0,0,0,11606986,21.07
03/09/2019,0,0,9.49(0.00 %),0,0,0,0,11606976,21.07
04/09/2019,0,0,9.45(-0.42 %),0,0,0,0,11606976,21.07
05/09/2019,-100,-930000,9.44(-0.11 %),0,0,100,930000,11606976,21.07
06/09/2019,0,0,9.4(-0.42 %),0,0,0,0,11607076,21.07
09/09/2019,0,0,9.4(0.00 %),0,0,0,0,11607076,21.07
10/09/2019,0,0,9.3(-1.06 %),0,0,0,0,11607076,21.07
11/09/2019,0,0,9.38(0.86 %),0,0,0,0,11607076,21.07
12/09/2019,0,0,9.38(0.00 %),0,0,0,0,11607076,21.07
13/09/2019,1100,10340000,9.4(0.21 %),4000,37600000,2900,27260000,11603076,21.08
16/09/2019,2590,24351900,9.4(0.00 %),2590,24351900,0,0,11603386,21.07
17/09/2019,0,0,9.4(0.00 %),0,0,0,0,11603386,21.07
18/09/2019,0,0,9.3(-1.06 %),0,0,0,0,11603386,21.07
19/09/2019,830,7733700,9.95(6.99 %),830,7733700,0,0,11602556,21.08
20/09/2019,2020,18994100,9.6(-3.52 %),2020,18994100,0,0,11600536,21.08
23/09/2019,0,0,9.4(-2.08 %),0,0,0,0,11600536,21.08
24/09/2019,0,0,9.39(-0.11 %),0,0,0,0,11600536,21.08
25/09/2019,2250,21160000,9.39(0.00 %),2250,21160000,0,0,11598286,21.09
26/09/2019,0,0,9.4(0.11 %),0,0,0,0,11598286,21.09
27/09/2019,0,0,9.4(0.00 %),0,0,0,0,11598286,21.09
30/09/2019,4520,43653100,9.95(5.85 %),4520,43653100,0,0,11593766,21.1
01/10/2019,0,0,9.95(0.00 %),0,0,0,0,11593766,21.1
02/10/2019,0,0,9.35(-6.03 %),0,0,0,0,11593766,21.1
03/10/2019,0,0,9.3(-0.53 %),0,0,0,0,11593766,21.1
04/10/2019,0,0,9.3(0.00 %),0,0,0,0,11593766,21.1
07/10/2019,30,280000,9.3(0.00 %),30,280000,0,0,11593736,21.1
08/10/2019,-23530,-211730000,8.99(-3.33 %),0,0,23530,211730000,11617266,21.04
09/10/2019,0,0,9(0.11 %),0,0,0,0,11617266,21.04
10/10/2019,-2060,-18410000,9(0.00 %),0,0,2060,18410000,11593736,21.1
11/10/2019,0,0,9(0.00 %),0,0,0,0,11619326,21.04
14/10/2019,-960,-8640000,9(0.00 %),0,0,960,8640000,11620286,21.03
15/10/2019,1010,9092800,9.28(3.11 %),1010,9092800,0,0,11619276,21.04
16/10/2019,60,550000,9.1(-1.94 %),60,550000,0,0,11618256,21.04
17/10/2019,0,0,9.1(0.00 %),0,0,0,0,11619216,21.04
18/10/2019,580,5560000,9.59(5.38 %),580,5560000,0,0,11618636,21.04
21/10/2019,340,3310000,9.79(2.09 %),340,3310000,0,0,11618296,21.04
22/10/2019,740,7270000,10(2.15 %),740,7270000,0,0,11617556,21.04
23/10/2019,330,3180000,9.8(-2.00 %),330,3180000,0,0,11617226,21.04
24/10/2019,0,0,9.6(-2.04 %),0,0,0,0,11617226,21.04
25/10/2019,10,100000,9.79(1.98 %),10,100000,0,0,11617216,21.04
28/10/2019,20,200000,9.98(1.94 %),20,200000,0,0,11617196,21.04
29/10/2019,20,200000,9.98(0.00 %),20,200000,0,0,11617176,21.04
30/10/2019,20,200000,9.8(-1.80 %),20,200000,0,0,11617156,21.04
31/10/2019,2010,19900000,9.9(1.02 %),2010,19900000,0,0,11615146,21.05
01/11/2019,0,0,9.9(0.00 %),0,0,0,0,11615146,21.05
04/11/2019,0,0,9.9(0.00 %),0,0,0,0,11615146,21.05
05/11/2019,0,0,9.9(0.00 %),0,0,0,0,11615146,21.05
06/11/2019,0,0,9.8(-1.01 %),0,0,0,0,11615146,21.05
07/11/2019,0,0,9.7(-1.02 %),0,0,0,0,11615146,21.05
08/11/2019,0,0,9.5(-2.06 %),10,100000,10,100000,11615146,21.05
11/11/2019,10,100000,9.5(0.00 %),10,100000,0,0,11615126,21.05
12/11/2019,0,0,9.49(-0.11 %),0,0,0,0,11615136,21.05
13/11/2019,0,0,9.49(0.00 %),0,0,0,0,11615136,21.05
14/11/2019,6300,59790000,9.47(-0.21 %),6300,59790000,0,0,11608836,21.06
15/11/2019,250,2402900,9.5(0.32 %),250,2402900,0,0,11608586,21.06
18/11/2019,10,100000,9.79(3.05 %),10,100000,0,0,11608576,21.06
19/11/2019,90,881100,9.8(0.10 %),90,881100,0,0,11608486,21.06
20/11/2019,0,0,9.79(-0.10 %),0,0,0,0,11608486,21.06
21/11/2019,0,0,9.88(0.92 %),10,100000,10,100000,11608486,21.06
22/11/2019,10,100000,9.82(-0.61 %),10,100000,0,0,11608466,21.06
25/11/2019,0,0,9.5(-3.26 %),0,0,0,0,11608476,21.06
26/11/2019,0,0,9.69(2.00 %),0,0,0,0,11608476,21.06
27/11/2019,70,690000,9.79(1.03 %),70,690000,0,0,11608406,21.06
28/11/2019,0,0,9.49(-3.06 %),0,0,0,0,11608406,21.06
29/11/2019,0,0,9.34(-1.58 %),0,0,0,0,11608406,21.06
02/12/2019,-120,-1120000,9.34(0.00 %),520,4860000,640,5980000,11607886,21.06
03/12/2019,10,100000,9.33(-0.11 %),10,100000,0,0,11607876,21.06
04/12/2019,20,193600,9.68(3.75 %),20,193600,0,0,11608376,21.06
05/12/2019,-1990,-18141900,9.5(-1.86 %),10,94900,2000,18236800,11610366,21.06
06/12/2019,10,100000,9.9(4.21 %),10,100000,0,0,11608476,21.06
09/12/2019,-1670,-13822400,9.6(-3.03 %),2690,26333200,4360,40155600,11612026,21.05
10/12/2019,20,191600,9.58(-0.21 %),20,191600,0,0,11612006,21.05
11/12/2019,0,0,9.57(-0.10 %),0,0,0,0,11612006,21.05
12/12/2019,30,290000,9.49(-0.84 %),30,290000,0,0,11612096,21.05
13/12/2019,10,100000,9.5(0.11 %),10,100000,0,0,11612086,21.05
16/12/2019,0,0,9.5(0.00 %),0,0,0,0,11612086,21.05
17/12/2019,340,3203100,9.74(2.53 %),340,3203100,0,0,11611626,21.05
18/12/2019,390,3710400,9.59(-1.54 %),390,3710400,0,0,11611236,21.06
19/12/2019,0,0,9.59(0.00 %),0,0,0,0,11611356,21.06
20/12/2019,-4990,-47410000,9.5(-0.94 %),0,0,4990,47410000,11611356,21.06
23/12/2019,40,390000,9.53(0.32 %),40,390000,0,0,11611316,21.06
24/12/2019,610,5910000,9.54(0.10 %),610,5910000,0,0,11610706,21.06
25/12/2019,10,100000,9.6(0.63 %),10,100000,0,0,11615686,21.04
26/12/2019,10,100000,9.9(3.12 %),10,100000,0,0,11615676,21.04
27/12/2019,1040,10400000,10(1.01 %),1040,10400000,0,0,11614636,21.05
30/12/2019,610,5905900,9.64(-3.60 %),610,5905900,0,0,11613906,21.05
31/12/2019,40,400000,9.92(2.90 %),40,400000,0,0,11614586,21.05
02/01/2020,0,0,9.92(0.00 %),0,0,0,0,11614586,21.05
03/01/2020,0,0,9.92(0.00 %),0,0,0,0,11614586,21.05
06/01/2020,150,1500000,9.7(-2.22 %),810,8100000,660,6600000,11613776,21.05
07/01/2020,0,0,9.5(-2.06 %),0,0,0,0,11614436,21.05
08/01/2020,280,2684400,9.7(2.11 %),280,2684400,0,0,11614156,21.05
09/01/2020,10,100000,9.65(-0.52 %),10,100000,0,0,11614146,21.05
10/01/2020,0,0,9.65(0.00 %),0,0,0,0,11614146,21.05
13/01/2020,0,0,9.5(-1.55 %),0,0,0,0,11614146,21.05
14/01/2020,160,1551500,9.7(2.11 %),160,1551500,0,0,11613986,21.05
15/01/2020,50,480000,9.6(-1.03 %),50,480000,0,0,11613936,21.05
16/01/2020,200,1900000,9.5(-1.04 %),200,1900000,0,0,11613736,21.05
17/01/2020,0,0,9.7(2.11 %),0,0,0,0,11613736,21.05
20/01/2020,20,200000,9.6(-1.03 %),20,200000,0,0,11613716,21.05
21/01/2020,100,960000,9.5(-1.04 %),100,960000,0,0,11613616,21.05
22/01/2020,-3900,-37050000,9.5(0.00 %),0,0,3900,37050000,11617516,21.04
30/01/2020,-1000,-9500000,9.5(0.00 %),0,0,1000,9500000,11618516,21.04
31/01/2020,0,0,9.5(0.00 %),0,0,0,0,11618516,21.04
03/02/2020,0,0,9.5(0.00 %),0,0,0,0,11617516,21.04
04/02/2020,0,0,9.5(0.00 %),0,0,0,0,11618516,21.04
05/02/2020,0,0,9.5(0.00 %),0,0,0,0,11618516,21.04
06/02/2020,50,480000,9.5(0.00 %),50,480000,0,0,11618466,21.04
07/02/2020,10,100000,9.5(0.00 %),10,100000,0,0,11618456,21.04
10/02/2020,0,0,9.5(0.00 %),0,0,0,0,11618456,21.04
11/02/2020,0,0,9.4(-1.05 %),0,0,0,0,11618456,21.04
12/02/2020,-18070,-162510000,9.3(-1.06 %),30,280000,18100,162790000,11618426,21.04
13/02/2020,0,0,9.25(-0.54 %),0,0,0,0,11635526,21.0
14/02/2020,-3240,-29170000,9.25(0.00 %),0,0,3240,29170000,11618426,21.04
17/02/2020,10,92300,9.23(-0.22 %),10,92300,0,0,11638756,20.99
18/02/2020,0,0,9.2(-0.33 %),0,0,0,0,11638756,20.99
19/02/2020,20,190000,9.22(0.22 %),20,190000,0,0,11639736,20.99
20/02/2020,30,280000,9.23(0.11 %),30,280000,0,0,11639706,20.99
21/02/2020,-480,-4410000,9.4(1.84 %),20,190000,500,4600000,11639686,20.99
24/02/2020,0,0,9.4(0.00 %),0,0,0,0,11639686,20.99
25/02/2020,0,0,9.39(-0.11 %),0,0,0,0,11639686,20.99
26/02/2020,10,94000,9.4(0.11 %),10,94000,0,0,11639176,20.99
27/02/2020,0,0,9.35(-0.53 %),0,0,0,0,11640176,20.99
28/02/2020,10,90000,9(-3.74 %),10,90000,0,0,11640166,20.99
02/03/2020,-970,-8820000,9.38(4.22 %),40,370000,1010,9190000,11640126,20.99
03/03/2020,0,0,9.35(-0.32 %),0,0,0,0,11640126,20.99
04/03/2020,-1860,-16750000,9.34(-0.11 %),0,0,1860,16750000,11640126,20.99
05/03/2020,0,0,9.3(-0.43 %),0,0,0,0,11641986,20.98
06/03/2020,0,0,9.3(0.00 %),0,0,0,0,11641986,20.98
09/03/2020,0,0,9.29(-0.11 %),0,0,0,0,11642996,20.98
10/03/2020,-10,-70000,9.19(-1.08 %),30,280000,40,350000,11642963,20.98
11/03/2020,250,2325000,9.3(1.20 %),250,2325000,0,0,11641746,20.98
12/03/2020,-12320,-116916800,9.49(2.04 %),140,1328600,12460,118245400,11654066,20.95
13/03/2020,-70,-613700,9.2(-3.06 %),10,92800,80,706500,11654136,20.95
16/03/2020,110,1011200,9.22(0.22 %),110,1011200,0,0,11654026,20.95
17/03/2020,0,0,9.2(-0.22 %),0,0,0,0,11654953,20.95
18/03/2020,10,91700,9.16(-0.43 %),10,91700,0,0,11654016,20.95
19/03/2020,-40,-340000,9.14(-0.22 %),20,180000,60,520000,11655003,20.95
20/03/2020,0,0,9.1(-0.44 %),0,0,0,0,11655003,20.95
23/03/2020,20,182000,9.1(0.00 %),20,182000,0,0,11653986,20.95
24/03/2020,10,90400,9.04(-0.66 %),10,90400,0,0,11653976,20.95
25/03/2020,0,0,8.59(-4.98 %),0,0,0,0,11655033,20.95
26/03/2020,10,90000,8.41(-2.10 %),10,90000,0,0,11655023,20.95
27/03/2020,10,90000,8.94(6.30 %),10,90000,0,0,11655013,20.95
30/03/2020,10,90000,8.4(-6.04 %),10,90000,0,0,11655003,20.95
31/03/2020,50,440000,8.78(4.52 %),50,440000,0,0,11654953,20.95
01/04/2020,40,360000,8.92(1.59 %),40,360000,0,0,11654913,20.95
03/04/2020,-10,-90000,8.7(-2.47 %),0,0,10,90000,11654963,20.95
06/04/2020,-650,-5650000,8.7(0.00 %),10,90000,660,5740000,11654903,20.95
07/04/2020,20,170000,8.3(-4.60 %),30,260000,10,90000,11654873,20.95
08/04/2020,-2530,-22010000,8.4(1.20 %),10,90000,2540,22100000,11654873,20.95
09/04/2020,-2570,-21590000,8.4(0.00 %),0,0,2570,21590000,11655533,20.95
10/04/2020,80,690000,8.33(-0.83 %),80,690000,0,0,11655463,20.95
13/04/2020,30,260000,8.05(-3.36 %),40,350000,10,90000,11657963,20.94
14/04/2020,30,260000,8.57(6.46 %),30,260000,0,0,11660503,20.94
15/04/2020,-240,-2160000,8.99(4.90 %),40,350000,280,2510000,11660463,20.94
16/04/2020,210,1890000,8.99(0.00 %),270,2430000,60,540000,11660203,20.94
17/04/2020,20,180000,8.4(-6.56 %),20,180000,0,0,11660183,20.94
20/04/2020,10,90000,8.37(-0.36 %),10,90000,0,0,11660453,20.94
21/04/2020,10,90000,8.8(5.14 %),10,90000,0,0,11660503,20.94
22/04/2020,10,82700,8.27(-6.02 %),10,82700,0,0,11660533,20.94
23/04/2020,210,1760000,8.21(-0.73 %),210,1760000,0,0,11660283,20.94
24/04/2020,-9680,-79950000,8.26(0.61 %),10,90000,9690,80040000,11660273,20.94
27/04/2020,10,90000,8.09(-2.06 %),10,90000,0,0,11660263,20.94
28/04/2020,10,90000,8.4(3.83 %),10,90000,0,0,11660253,20.94
29/04/2020,-3850,-33891800,8.84(5.24 %),70,604200,3920,34496000,11673833,20.91
04/05/2020,0,0,8.31(-6.00 %),0,0,0,0,11669873,20.91
05/05/2020,10,90000,8.4(1.08 %),10,90000,0,0,11669863,20.91
06/05/2020,10,90000,8.88(5.71 %),10,90000,0,0,11673773,20.91
07/05/2020,30,270000,8.44(-4.95 %),30,270000,0,0,11673743,20.91
08/05/2020,610,5350000,8.4(-0.47 %),610,5350000,0,0,11673133,20.91
11/05/2020,50,430000,8.42(0.24 %),50,430000,0,0,11673083,20.91
12/05/2020,490,4160000,8.8(4.51 %),490,4160000,0,0,11672593,20.91
13/05/2020,0,0,8.5(-3.41 %),0,0,0,0,11672593,20.91
14/05/2020,-3060,-26230000,8.99(5.76 %),0,0,3060,26230000,11672593,20.91
15/05/2020,110,930000,8.6(-4.34 %),110,930000,0,0,11672483,20.91
18/05/2020,10,90000,8.4(-2.33 %),10,90000,0,0,11672473,20.91
19/05/2020,-11820,-99179500,8.41(0.12 %),180,1570500,12000,100750000,11683433,20.88
20/05/2020,50,410000,8.29(-1.43 %),50,410000,0,0,11675303,20.9
21/05/2020,-10,-80000,8.35(0.72 %),10,90000,20,170000,11675293,20.9
22/05/2020,10,90000,8.35(0.00 %),10,90000,0,0,11687283,20.87
25/05/2020,0,0,8.35(0.00 %),0,0,0,0,11687283,20.87
26/05/2020,0,0,8.35(0.00 %),0,0,0,0,11687303,20.87
27/05/2020,0,0,8.35(0.00 %),0,0,0,0,11687303,20.87
28/05/2020,2870,23821000,8.3(-0.60 %),2870,23821000,0,0,11680513,20.89
29/05/2020,0,0,8.29(-0.12 %),0,0,0,0,11684433,20.88
01/06/2020,20,170000,8.11(-2.17 %),20,170000,0,0,11684413,20.88
02/06/2020,-8160,-65443800,8.11(0.00 %),4000,32440000,12160,97883800,11692593,20.86
03/06/2020,-42850,-326290000,8.29(2.22 %),80,650000,42930,326940000,11680333,20.89
04/06/2020,1160,9620000,8.29(0.00 %),1160,9620000,0,0,11679173,20.89
05/06/2020,200,1620000,8.1(-2.29 %),200,1620000,0,0,11691133,20.86
08/06/2020,2010,16502900,8.25(1.85 %),2010,16502900,0,0,11732273,20.76
09/06/2020,0,0,8.3(0.61 %),0,0,0,0,11732273,20.76
10/06/2020,40,340000,8.3(0.00 %),40,340000,0,0,11732013,20.76
11/06/2020,20,170000,8.3(0.00 %),20,170000,0,0,11731993,20.77
12/06/2020,-4960,-38767500,8.21(-1.08 %),40,332500,5000,39100000,11737173,20.75
15/06/2020,30,252900,8.39(2.19 %),30,252900,0,0,11737143,20.75
16/06/2020,0,0,8.1(-3.46 %),0,0,0,0,11737143,20.75
17/06/2020,-4860,-39360000,8.1(0.00 %),140,1140000,5000,40500000,11736783,20.75
18/06/2020,20,170000,7.93(-2.10 %),20,170000,0,0,11736763,20.75
19/06/2020,10,82900,8.2(3.40 %),10,82900,0,0,11741973,20.74
22/06/2020,0,0,8.28(0.98 %),0,0,0,0,11741973,20.74
23/06/2020,10,81600,8.16(-1.45 %),10,81600,0,0,11741963,20.74
24/06/2020,-4350,-34984500,8.27(1.35 %),150,1240500,4500,36225000,11746313,20.73
25/06/2020,0,0,8.45(2.18 %),0,0,0,0,11746313,20.73
26/06/2020,50,422000,8.44(-0.12 %),50,422000,0,0,11746263,20.73
29/06/2020,150,1270000,8.39(-0.59 %),150,1270000,0,0,11745893,20.73
30/06/2020,10,422000,8.44(0.60 %),50,422000,40,0,11746203,20.73
01/07/2020,-40,-340000,8.49(0.59 %),0,0,40,340000,11745893,20.73
02/07/2020,110,940000,8.5(0.12 %),110,940000,0,0,11745783,20.73
03/07/2020,10,90000,8.5(0.00 %),10,90000,0,0,11745813,20.73
06/07/2020,-17500,-140874900,8.5(0.00 %),0,0,17500,140874900,11763273,20.69
07/07/2020,620,5270000,8.5(0.00 %),620,5270000,0,0,11762653,20.69
08/07/2020,0,0,8.5(0.00 %),0,0,0,0,11762653,20.69
09/07/2020,10,90000,8.8(3.53 %),10,90000,0,0,11762723,20.69
10/07/2020,-32920,-299970000,9.3(5.68 %),4020,37390000,36940,337360000,11758703,20.7
13/07/2020,-16840,-157520000,9.34(0.43 %),100,910000,16940,158430000,11758603,20.7
14/07/2020,-6390,-57873300,9.03(-3.32 %),0,0,6390,57873300,11818793,20.56
15/07/2020,-35390,-323754000,9.15(1.33 %),10,92500,35400,323846500,11854183,20.47
16/07/2020,-1610,-14737800,9.05(-1.09 %),50,453000,1660,15190800,11855793,20.47
17/07/2020,-13100,-118642800,9.1(0.55 %),10,90000,13110,118732800,11868893,20.44
20/07/2020,-10890,-98100000,9(-1.10 %),0,0,10890,98100000,11854203,20.47
21/07/2020,10,90000,8.8(-2.22 %),10,90000,0,0,11855853,20.47
22/07/2020,0,0,8.8(0.00 %),0,0,0,0,11879773,20.41
23/07/2020,0,0,8.5(-3.41 %),0,0,0,0,11879853,20.41
24/07/2020,10,90000,8.17(-3.88 %),10,90000,0,0,11879843,20.41
27/07/2020,10,81600,7.6(-6.98 %),10,81600,0,0,11879753,20.41
28/07/2020,110,892000,8.13(6.97 %),110,892000,0,0,11879643,20.41
29/07/2020,110,880000,8.15(0.25 %),110,880000,0,0,11879613,20.41
30/07/2020,110,876800,8.39(2.94 %),110,876800,0,0,11879423,20.41
31/07/2020,10,83900,8.43(0.48 %),10,83900,0,0,11879413,20.41
03/08/2020,-30,-250000,8.58(1.78 %),10,90000,40,340000,11879543,20.41
04/08/2020,4340,36860000,9(4.90 %),5620,48380000,1280,11520000,11873923,20.42
05/08/2020,8570,77184900,9.62(6.89 %),11290,101664900,2720,24480000,11866643,20.44
06/08/2020,0,0,9.5(-1.25 %),0,0,0,0,11866643,20.44
07/08/2020,-63400,-576875000,9.5(0.00 %),390,3624800,63790,580499800,11930043,20.29
10/08/2020,-41010,-369090000,9.35(-1.58 %),0,0,41010,369090000,11971053,20.19
11/08/2020,-1430,-12871700,8.99(-3.85 %),160,1443300,1590,14315000,11972483,20.19
12/08/2020,-1480,-12865600,9.12(1.45 %),2020,17584400,3500,30450000,11973963,20.18
13/08/2020,-3980,-35817600,8.94(-1.97 %),20,182400,4000,36000000,11977943,20.17
14/08/2020,-28690,-257920000,8.94(0.00 %),1480,13310000,30170,271230000,11968993,20.19
17/08/2020,-102690,-928278000,9(0.67 %),8750,78722500,111440,1007000500,12109323,19.86
18/08/2020,-74370,-666420000,9(0.00 %),21250,190320000,95620,856740000,11946493,20.25
19/08/2020,-25180,-171580000,6.8(-24.44 %),0,0,25180,171580000,11976663,20.18
20/08/2020,-29590,-193100000,6.7(-1.47 %),2410,15670000,32000,208770000,12085693,19.91
21/08/2020,-31480,-204903200,6.48(-3.28 %),0,0,31480,204903200,12269943,19.47
24/08/2020,30,202700,6.46(-0.31 %),30,202700,0,0,12269913,19.47
25/08/2020,-1350,-8780000,6.5(0.62 %),0,0,1350,8780000,12238463,19.55
26/08/2020,370,2420000,6.54(0.62 %),370,2420000,0,0,12269573,19.47
27/08/2020,2000,12900000,6.51(-0.46 %),2000,12900000,0,0,12268893,19.47
28/08/2020,0,0,6.56(0.77 %),0,0,0,0,12268923,19.47
31/08/2020,3000,19380000,6.49(-1.07 %),3000,19380000,0,0,12265923,19.48
01/09/2020,0,0,6.49(0.00 %),0,0,0,0,12265923,19.48
03/09/2020,0,0,6.49(0.00 %),0,0,0,0,12265923,19.48
04/09/2020,0,0,6.4(-1.39 %),0,0,0,0,12265923,19.48
07/09/2020,0,0,6.45(0.78 %),0,0,0,0,12265923,19.48
08/09/2020,0,0,6.44(-0.16 %),0,0,0,0,12265923,19.48
09/09/2020,0,0,6.42(-0.31 %),0,0,0,0,12265923,19.48
10/09/2020,0,0,6.43(0.16 %),0,0,0,0,12265923,19.48
11/09/2020,0,0,6.45(0.31 %),0,0,0,0,12265923,19.48
14/09/2020,-1680,-10803000,6.41(-0.62 %),0,0,1680,10803000,12267603,19.48
15/09/2020,-38900,-249540000,6.47(0.94 %),0,0,38900,249540000,12265923,19.48
16/09/2020,-9210,-59133500,6.42(-0.77 %),0,0,9210,59133500,12315713,19.36
17/09/2020,-710,-4560000,6.39(-0.47 %),0,0,710,4560000,12267603,19.48
18/09/2020,-20700,-132300000,6.38(-0.16 %),0,0,20700,132300000,16885623,19.67
21/09/2020,-1430,-9123400,6.38(0.00 %),0,0,1430,9123400,12338553,38.2
22/09/2020,-60,-382500,6.35(-0.47 %),0,0,60,382500,12338613,38.2
23/09/2020,-11010,-69944100,6.36(0.16 %),0,0,11010,69944100,12349623,38.17
24/09/2020,-1200,-7561200,6.3(-0.94 %),0,0,1200,7561200,12350823,27.55
25/09/2020,-12000,-75660000,6.3(0.00 %),0,0,12000,75660000,16917733,19.61
28/09/2020,-12010,-75740000,6.31(0.16 %),1000,6300000,13010,82040000,16927743,19.6
29/09/2020,41000,258300000,6.28(-0.48 %),41000,258300000,0,0,16887943,19.67
30/09/2020,0,0,6.2(-1.27 %),0,0,0,0,16899943,19.65
01/10/2020,-2000,-12400000,6.19(-0.16 %),0,0,2000,12400000,16912953,19.62
02/10/2020,-940,-5790000,6.15(-0.65 %),0,0,940,5790000,16912953,19.62
05/10/2020,15780,96098000,6.08(-1.14 %),16000,97440000,220,1342000,16898113,19.65
06/10/2020,0,0,6.06(-0.33 %),0,0,0,0,16898953,19.65
07/10/2020,-74100,-451270000,6.15(1.49 %),0,0,74100,451270000,16899893,19.65
08/10/2020,-7060,-43390000,6.15(0.00 %),0,0,7060,43390000,16900113,19.64
09/10/2020,-4740,-28722000,6.01(-2.28 %),0,0,4740,28722000,16984013,19.5
12/10/2020,-50,-301300,6.08(1.16 %),0,0,50,301300,16984063,19.5
13/10/2020,-2000,-12030000,6.08(0.00 %),0,0,2000,12030000,16981273,19.5
14/10/2020,0,0,6.03(-0.82 %),0,0,0,0,16986063,19.5
15/10/2020,0,0,5.95(-1.33 %),0,0,0,0,16986063,19.5
16/10/2020,3000,17850000,5.95(0.00 %),3000,17850000,0,0,16985063,19.5
19/10/2020,-38420,-228600000,5.92(-0.50 %),0,0,38420,228600000,16985067,19.5
20/10/2020,-19000,-113050000,5.92(0.00 %),0,0,19000,113050000,17040483,19.4
21/10/2020,-1260,-7460000,5.91(-0.17 %),1500,8930000,2760,16390000,16983567,19.5
22/10/2020,6000,35310000,5.86(-0.85 %),6000,35310000,0,0,17035743,19.41
23/10/2020,800,4640000,5.84(-0.34 %),800,4640000,0,0,17034943,19.41
26/10/2020,0,0,5.8(-0.68 %),0,0,0,0,17036949,19.41
27/10/2020,-17200,-99725600,5.78(-0.34 %),3080,17857840,20280,117583440,17052143,19.38
28/10/2020,-13000,-74770000,5.75(-0.52 %),0,0,13000,74770000,17033869,19.41
29/10/2020,-2690,-15060000,5.75(0.00 %),39600,227220000,42290,242280000,16994269,19.48
30/10/2020,10490,60210000,5.72(-0.52 %),25700,147670000,15210,87460000,16988849,19.49
02/11/2020,0,0,5.74(0.35 %),0,0,0,0,17001849,19.47
03/11/2020,-50,-290000,5.7(-0.70 %),0,0,50,290000,17044139,19.39
04/11/2020,0,0,5.7(0.00 %),0,0,0,0,17059349,19.37
05/11/2020,-10380,-59170000,5.67(-0.53 %),0,0,10380,59170000,17059349,19.37
06/11/2020,-19940,-113660000,5.74(1.23 %),0,0,19940,113660000,17059399,19.37
09/11/2020,-9710,-55350000,5.7(-0.70 %),0,0,9710,55350000,17059399,19.37
10/11/2020,0,0,5.7(0.00 %),0,0,0,0,17069779,19.35
11/11/2020,-7220,-41154000,5.7(0.00 %),0,0,7220,41154000,17049149,19.39
12/11/2020,-20300,-115710000,5.66(-0.70 %),0,0,20300,115710000,17099429,19.3
13/11/2020,0,0,5.69(0.53 %),0,0,0,0,17099429,19.3
16/11/2020,-1150,-6543500,5.69(0.00 %),0,0,1150,6543500,17070599,19.35
17/11/2020,-110,-630000,5.68(-0.18 %),0,0,110,630000,17126949,19.25
18/11/2020,-6250,-35562500,5.68(0.00 %),900,5121000,7150,40683500,17076959,19.34
19/11/2020,-20760,-118330000,5.7(0.35 %),100,572000,20860,118902000,17097719,19.3
20/11/2020,-5400,-30780000,5.7(0.00 %),0,0,5400,30780000,17127209,19.25
23/11/2020,-68250,-401220000,6.09(6.84 %),760,4600000,69010,405820000,17133599,19.24
24/11/2020,-1353752,-7746953540,6.49(6.57 %),10,60900,1353762,7747014440,18525121,16.82
25/11/2020,-89200,-580370000,6.52(0.46 %),100,650000,89300,581020000,17159749,19.19
26/11/2020,-10000,-64900000,6.37(-2.30 %),0,0,10000,64900000,17228759,19.07
27/11/2020,-97200,-611880000,6.3(-1.10 %),0,0,97200,611880000,18582521,16.72
30/11/2020,-214710,-1342303200,6.25(-0.79 %),0,0,214710,1342303200,18797231,16.35
01/12/2020,-2880,-17600000,6.27(0.32 %),0,0,2880,17600000,18681821,16.55
02/12/2020,0,0,6.19(-1.28 %),0,0,0,0,18779021,16.38
03/12/2020,-42090,-268664100,6.49(4.85 %),0,0,42090,268664100,18723911,16.48
04/12/2020,-1560,-9910000,6.46(-0.46 %),2000,12930000,3560,22840000,18994611,16.01
07/12/2020,0,0,6.4(-0.93 %),0,0,0,0,18994611,16.01
08/12/2020,-19060,-123722100,6.41(0.16 %),0,0,19060,123722100,18744531,16.44
09/12/2020,-24500,-158330000,6.46(0.78 %),60,390000,24560,158720000,19040201,15.93
10/12/2020,-315060,-1903442700,6.02(-6.81 %),10,60200,315070,1903502900,19084091,15.85
11/12/2020,-1072160,-6659320000,6.3(4.65 %),30,190000,1072190,6659510000,19059221,15.89
14/12/2020,-602850,-3815494600,6.74(6.98 %),0,0,602850,3815494600,20759101,12.94
15/12/2020,0,0,7.1(5.34 %),0,0,0,0,20759101,12.94
16/12/2020,-380,-2700000,7.1(0.00 %),0,0,380,2700000,20471041,13.44
17/12/2020,0,0,6.83(-3.80 %),0,0,0,0,21073891,12.39
18/12/2020,0,0,6.83(0.00 %),0,0,0,0,21073891,12.39
21/12/2020,0,0,7(2.49 %),0,0,0,0,21074271,12.39
22/12/2020,-3620,-24580000,6.97(-0.43 %),0,0,3620,24580000,21074271,12.39
23/12/2020,0,0,7.01(0.57 %),0,0,0,0,21074271,12.39
24/12/2020,0,0,6.9(-1.57 %),0,0,0,0,21074271,12.39
25/12/2020,0,0,6.95(0.72 %),0,0,0,0,21077891,12.39
28/12/2020,0,0,6.85(-1.44 %),0,0,0,0,21077891,12.39
29/12/2020,1290,8957800,6.95(1.46 %),1340,9304800,50,347000,20761811,12.94
30/12/2020,6960,47250000,6.78(-2.45 %),7000,47530000,40,280000,21069551,12.4
31/12/2020,30,205900,6.92(2.06 %),30,205900,0,0,21069521,12.4
04/01/2021,0,0,6.93(0.14 %),0,0,0,0,21069571,12.4
05/01/2021,0,0,6.9(-0.43 %),0,0,0,0,21069611,12.4
06/01/2021,0,0,6.83(-1.01 %),0,0,0,0,21069611,12.4
07/01/2021,2200,15026000,6.83(0.00 %),2200,15026000,0,0,21067371,12.41
08/01/2021,0,0,7.01(2.64 %),0,0,0,0,21067411,12.41
11/01/2021,-100,-720000,7.25(3.42 %),0,0,100,720000,21067471,12.41
12/01/2021,-7000,-50540000,7.24(-0.14 %),0,0,7000,50540000,21074471,12.39
13/01/2021,500,3616000,7.05(-2.62 %),1000,7240000,500,3624000,21073971,12.39
14/01/2021,-52200,-368092000,7(-0.71 %),6900,48300000,59100,416392000,21126171,12.3
15/01/2021,-22500,-157630000,7(0.00 %),0,0,22500,157630000,21148671,12.27
18/01/2021,-50200,-353494000,7.2(2.86 %),0,0,50200,353494000,21198871,12.18
19/01/2021,-26000,-186960000,6.9(-4.17 %),0,0,26000,186960000,21224871,12.13
20/01/2021,-29000,-200960000,6.9(0.00 %),0,0,29000,200960000,21253871,12.08
21/01/2021,-40000,-283050000,7.3(5.80 %),0,0,40000,283050000,21293871,12.01
22/01/2021,-53600,-414276000,7.81(6.99 %),400,3124000,54000,417400000,21347471,11.92
25/01/2021,-24500,-195237000,7.95(1.79 %),0,0,24500,195237000,21371971,11.88
26/01/2021,40100,307190000,7.62(-4.15 %),41100,314890000,1000,7700000,21331871,11.95
27/01/2021,14700,108403000,7.39(-3.02 %),38000,285000000,23300,176597000,21317171,11.97
28/01/2021,0,0,6.88(-6.90 %),0,0,0,0,21317171,11.97
29/01/2021,600,4290000,7.1(3.20 %),1000,7110000,400,2820000,21316571,11.97
01/02/2021,0,0,6.99(-1.55 %),0,0,0,0,21316217,11.97
02/02/2021,0,0,7.07(1.14 %),0,0,0,0,21316217,11.97
03/02/2021,0,0,7.07(0.00 %),0,0,0,0,21316617,11.97
04/02/2021,0,0,7.06(-0.14 %),0,0,0,0,21316617,11.97
05/02/2021,100,706000,7(-0.85 %),100,706000,0,0,21316117,11.97
08/02/2021,4200,28881000,6.75(-3.57 %),4200,28881000,0,0,21311917,11.98
09/02/2021,-400,-2700000,7.04(4.30 %),0,0,400,2700000,21312317,11.98
17/02/2021,-13500,-95075000,7(-0.57 %),0,0,13500,95075000,21325817,11.96
18/02/2021,-9700,-68879000,7.04(0.57 %),300,2121000,10000,71000000,21335517,11.94
19/02/2021,-1600,-11232000,7.05(0.14 %),0,0,1600,11232000,21337117,11.94
22/02/2021,1200,8497000,7.05(0.00 %),2400,16920000,1200,8423000,21335917,11.94
23/02/2021,-300,-2097000,6.99(-0.85 %),0,0,300,2097000,21336217,11.94
24/02/2021,0,0,6.9(-1.29 %),0,0,0,0,21336217,11.94
25/02/2021,5200,36302000,7(1.45 %),5200,36302000,0,0,21331017,11.95
26/02/2021,14200,98036000,6.95(-0.71 %),14200,98036000,0,0,21316817,11.97
01/03/2021,13800,96068000,7.08(1.87 %),14500,100975000,700,4907000,21317217,11.97
02/03/2021,0,0,7(-1.13 %),0,0,0,0,21317217,11.97
03/03/2021,8000,55600000,7(0.00 %),8000,55600000,0,0,21309217,11.99
04/03/2021,0,0,6.95(-0.71 %),0,0,0,0,21309217,11.99
05/03/2021,-2100,-14517000,7(0.72 %),0,0,2100,14517000,21311317,11.98
08/03/2021,-27100,-189748000,7.02(0.29 %),0,0,27100,189748000,21338417,11.94
09/03/2021,-114800,-804800000,7.04(0.28 %),0,0,114800,804800000,21453217,11.74
10/03/2021,-142300,-1031092000,7.53(6.96 %),16300,116437000,158600,1147529000,21595517,11.49
11/03/2021,22700,175661000,7.75(2.92 %),22700,175661000,0,0,21572817,11.53
12/03/2021,-10800,-83076000,7.5(-3.23 %),19300,144639000,30100,227715000,21583617,11.51
15/03/2021,100,740000,7.46(-0.53 %),100,740000,0,0,21583517,11.51
16/03/2021,-46900,-352340000,7.5(0.54 %),0,0,46900,352340000,21630417,11.43
17/03/2021,-44100,-330610000,7.44(-0.80 %),0,0,44100,330610000,21674517,11.35
18/03/2021,-15900,-119250000,7.49(0.67 %),0,0,15900,119250000,21690417,11.32
19/03/2021,-48400,-363380000,7.5(0.13 %),0,0,48400,363380000,21738817,11.24
22/03/2021,-18600,-139500000,7.64(1.87 %),0,0,18600,139500000,21757417,11.21
23/03/2021,0,0,7.52(-1.57 %),0,0,0,0,21757417,11.21
24/03/2021,0,0,7.27(-3.32 %),0,0,0,0,21757417,11.21
25/03/2021,0,0,7.21(-0.83 %),0,0,0,0,21757417,11.21
26/03/2021,0,0,7.23(0.28 %),0,0,0,0,21757417,11.21
29/03/2021,-400,-2892000,7.37(1.94 %),0,0,400,2892000,21757817,11.21
30/03/2021,-13600,-99280000,7.28(-1.22 %),0,0,13600,99280000,21771417,11.18
31/03/2021,-1800,-13190000,7.24(-0.55 %),500,3600000,2300,16790000,21773217,11.18
01/04/2021,-111000,-811700000,7.35(1.52 %),5000,36500000,116000,848200000,21743577,11.23
02/04/2021,-91100,-675196000,7.4(0.68 %),15700,116439000,106800,791635000,21834677,11.07
05/04/2021,-61300,-451973000,7.36(-0.54 %),0,0,61300,451973000,21895977,10.97
06/04/2021,-103200,-760107000,7.38(0.27 %),11900,88060000,115100,848167000,21999177,10.79
07/04/2021,-127900,-944456000,7.38(0.00 %),57000,421500000,184900,1365956000,22127077,10.57
08/04/2021,-182600,-1354078000,7.4(0.27 %),16400,121364000,199000,1475442000,22309677,10.25
09/04/2021,-83200,-617239000,7.7(4.05 %),20000,148200000,103200,765439000,22392877,10.1
12/04/2021,-248000,-1882211000,7.7(0.00 %),2000,15200000,250000,1897411000,22640877,9.67
13/04/2021,-89400,-674472000,7.46(-3.12 %),4200,32046000,93600,706518000,22730277,9.52
14/04/2021,-442500,-3384351000,7.7(3.22 %),0,0,442500,3384351000,23172777,8.75
15/04/2021,-5300,-40798000,7.58(-1.56 %),0,0,5300,40798000,23178077,0.0
16/04/2021,0,0,7.51(-0.92 %),0,0,0,0,23178077,8.74
19/04/2021,-111200,-790468000,7.06(-5.99 %),0,0,111200,790468000,23289277,8.55
20/04/2021,-35000,-241572000,6.87(-2.69 %),1000,6900000,36000,248472000,23324277,8.49
22/04/2021,-6200,-42256000,6.88(0.15 %),3800,26144000,10000,68400000,23330477,8.48
23/04/2021,-20200,-138386000,6.85(-0.44 %),4000,27120000,24200,165506000,23350677,8.44
26/04/2021,25200,170415000,6.74(-1.61 %),33500,226125000,8300,55710000,23325477,8.48
27/04/2021,-10000,-67100000,6.71(-0.45 %),0,0,10000,67100000,23335477,8.47
28/04/2021,-11700,-78741000,6.75(0.60 %),0,0,11700,78741000,23347177,8.45
29/04/2021,0,0,6.7(-0.74 %),0,0,0,0,23452298,8.26
04/05/2021,0,0,6.55(-2.24 %),0,0,0,0,23462298,8.25
05/05/2021,-3900,-26181000,6.68(1.98 %),2400,15840000,6300,42021000,23466198,8.24
06/05/2021,0,0,6.6(-1.20 %),0,0,0,0,23471598,8.23
07/05/2021,0,0,6.48(-1.82 %),0,0,0,0,23471598,8.23
10/05/2021,0,0,6.45(-0.46 %),0,0,0,0,23477898,8.22
11/05/2021,0,0,6.53(1.24 %),0,0,0,0,23477898,8.22
12/05/2021,0,0,6.57(0.61 %),0,0,0,0,23477898,8.22
13/05/2021,100,657000,6.69(1.83 %),100,657000,0,0,23466098,8.24
14/05/2021,0,0,6.8(1.64 %),0,0,0,0,23477798,8.22
17/05/2021,0,0,6.73(-1.03 %),0,0,0,0,23477798,8.22
18/05/2021,0,0,6.74(0.15 %),0,0,0,0,23477798,8.22
19/05/2021,0,0,6.63(-1.63 %),0,0,0,0,23477798,8.22
20/05/2021,0,0,6.7(1.06 %),0,0,0,0,23477798,8.22
21/05/2021,-1700,-11475000,6.75(0.75 %),0,0,1700,11475000,23467798,8.24
24/05/2021,-1800,-12168000,6.73(-0.30 %),0,0,1800,12168000,23469598,8.23
25/05/2021,0,0,6.73(0.00 %),0,0,0,0,23477798,8.22
26/05/2021,100,672000,6.65(-1.19 %),100,672000,0,0,23469498,8.23
27/05/2021,0,0,6.73(1.20 %),0,0,0,0,23481198,8.21
28/05/2021,0,0,6.68(-0.74 %),0,0,0,0,23481198,8.21
31/05/2021,0,0,6.67(-0.15 %),0,0,0,0,23481198,8.21
01/06/2021,-7000,-46690000,6.66(-0.15 %),0,0,7000,46690000,23481198,8.21
02/06/2021,0,0,6.7(0.60 %),0,0,0,0,23481198,8.21
03/06/2021,0,0,6.7(0.00 %),0,0,0,0,23481198,8.21
04/06/2021,0,0,6.75(0.75 %),0,0,0,0,23488198,8.2
07/06/2021,0,0,6.75(0.00 %),0,0,0,0,23488198,8.2
08/06/2021,0,0,6.73(-0.30 %),0,0,0,0,23488198,8.2
09/06/2021,-300,-1995000,6.73(0.00 %),0,0,300,1995000,23481498,8.21
10/06/2021,0,0,6.72(-0.15 %),0,0,0,0,23488198,8.2
11/06/2021,0,0,6.75(0.45 %),0,0,0,0,23488198,8.2
14/06/2021,-31500,-210785000,6.72(-0.44 %),3400,22930000,34900,233715000,23512998,8.16
15/06/2021,-77000,-512872000,6.65(-1.04 %),100,665000,77100,513537000,23589998,8.02
16/06/2021,-40100,-264710000,6.6(-0.75 %),0,0,40100,264710000,23630098,7.95
17/06/2021,-51500,-339900000,6.59(-0.15 %),1000,6600000,52500,346500000,23681598,7.87
18/06/2021,-109000,-719428000,6.59(0.00 %),1000,6590000,110000,726018000,23790598,7.68
21/06/2021,-125700,-831397000,6.67(1.21 %),0,0,125700,831397000,23916298,7.46
22/06/2021,0,0,6.9(3.45 %),0,0,0,0,23916298,7.46
23/06/2021,0,0,6.85(-0.72 %),0,0,0,0,23916298,7.46
24/06/2021,-58900,-395926000,6.7(-2.19 %),500,3375000,59400,399301000,23975198,7.36
25/06/2021,-110000,-734400000,6.67(-0.45 %),0,0,110000,734400000,24085198,7.16
28/06/2021,-90600,-602994000,6.64(-0.45 %),0,0,90600,602994000,24175798,7.01
29/06/2021,-150700,-1040953000,6.8(2.41 %),200,1400000,150900,1042353000,24326498,6.75
30/06/2021,-37500,-256891000,6.8(0.00 %),0,0,37500,256891000,24363998,6.68
01/07/2021,0,0,6.8(0.00 %),0,0,0,0,24182598,7.0
02/07/2021,0,0,6.76(-0.59 %),0,0,0,0,24333498,6.73
05/07/2021,0,0,6.69(-1.04 %),0,0,0,0,24370998,6.67
06/07/2021,0,0,6.7(0.15 %),0,0,0,0,24370998,6.67
07/07/2021,200,1340000,6.68(-0.30 %),200,1340000,0,0,24182398,7.0
08/07/2021,0,0,6.58(-1.50 %),0,0,0,0,24370798,6.67
09/07/2021,0,0,6.6(0.30 %),0,0,0,0,24370798,6.67
12/07/2021,0,0,6.45(-2.27 %),0,0,0,0,24370798,6.67
13/07/2021,0,0,6.5(0.78 %),0,0,0,0,24370798,6.67
14/07/2021,0,0,6.5(0.00 %),0,0,0,0,24370798,6.67
15/07/2021,-1000,-6450000,6.49(-0.15 %),0,0,1000,6450000,24183398,6.99
16/07/2021,0,0,6.55(0.92 %),0,0,0,0,24370798,6.67
19/07/2021,0,0,6.35(-3.05 %),0,0,0,0,24370798,6.67
20/07/2021,0,0,6.46(1.73 %),0,0,0,0,24371798,6.67
21/07/2021,0,0,6.45(-0.15 %),0,0,0,0,24371798,6.67
22/07/2021,0,0,6.44(-0.16 %),0,0,0,0,24371798,6.67
23/07/2021,0,0,6.34(-1.55 %),0,0,0,0,24371798,6.67
26/07/2021,0,0,6.41(1.10 %),0,0,0,0,24371798,6.67
27/07/2021,-20100,-130650000,6.5(1.40 %),0,0,20100,130650000,24203498,6.96
28/07/2021,2500,16054000,6.5(0.00 %),42500,276254000,40000,260200000,24200998,6.96
29/07/2021,8600,55900000,6.5(0.00 %),19300,125450000,10700,69550000,24192398,6.98
30/07/2021,-30000,-195200000,6.47(-0.46 %),0,0,30000,195200000,24222398,6.93
02/08/2021,-65000,-424500000,6.57(1.55 %),0,0,65000,424500000,24370098,6.67
03/08/2021,-10000,-65500000,6.5(-1.07 %),0,0,10000,65500000,24380098,6.65
04/08/2021,1300,8583000,6.51(0.15 %),19000,124260000,17700,115677000,24378798,6.65
05/08/2021,-27100,-176248000,6.5(-0.15 %),0,0,27100,176248000,24405898,6.61
06/08/2021,-17000,-110870000,6.51(0.15 %),18000,117180000,35000,228050000,24422898,6.58
09/08/2021,0,0,6.59(1.23 %),0,0,0,0,24422898,6.58
10/08/2021,5000,33500000,6.75(2.43 %),5000,33500000,0,0,24417898,6.59
11/08/2021,-15000,-101250000,6.7(-0.74 %),0,0,15000,101250000,24432898,6.56
12/08/2021,-9500,-62791000,6.7(0.00 %),2000,13300000,11500,76091000,24442398,6.54
13/08/2021,-3200,0,6.6(-1.49 %),2800,0,6000,0,24445598,6.54
16/08/2021,-10000,-66000000,6.56(-0.61 %),0,0,10000,66000000,24455598,6.52
17/08/2021,39000,255625000,6.56(0.00 %),44000,288625000,5000,33000000,24367598,6.67
18/08/2021,-2500,-16620000,6.57(0.15 %),3500,22995000,6000,39615000,24458098,6.52
19/08/2021,3500,22960000,6.58(0.15 %),3500,22960000,0,0,24454598,6.52
20/08/2021,-100600,-663960000,6.6(0.30 %),0,0,100600,663960000,24555198,6.35
23/08/2021,-500,-3300000,6.56(-0.61 %),0,0,500,3300000,24555698,6.35
24/08/2021,2000,13120000,6.55(-0.15 %),2000,13120000,0,0,24553698,6.35
25/08/2021,1200,7785000,6.5(-0.76 %),1200,7785000,0,0,24552498,6.35
26/08/2021,0,0,6.5(0.00 %),0,0,0,0,24552498,6.35
27/08/2021,-5100,-34120000,6.54(0.62 %),4600,29900000,9700,64020000,24557598,6.34
30/08/2021,-101700,-675345000,6.65(1.68 %),0,0,101700,675345000,24659298,6.17
31/08/2021,-147400,-983392000,6.69(0.60 %),22800,151782000,170200,1135174000,24806698,5.91
01/09/2021,-56800,-375261000,6.62(-1.05 %),500,3300000,57300,378561000,24600998,6.27
06/09/2021,-62300,-413188000,6.66(0.60 %),100,667000,62400,413855000,24663298,6.16
07/09/2021,-95500,-633665000,6.62(-0.60 %),0,0,95500,633665000,24758798,5.99
08/09/2021,-41600,-274585000,6.6(-0.30 %),100,659000,41700,275244000,24800398,5.92
09/09/2021,-17600,-115704000,6.59(-0.15 %),0,0,17600,115704000,24817998,5.89
10/09/2021,-101400,-672019000,6.6(0.15 %),0,0,101400,672019000,24919398,5.72
13/09/2021,-1600,-10694000,6.8(3.03 %),0,0,1600,10694000,24920998,5.71
14/09/2021,-3500,-25200000,7.16(5.29 %),0,0,3500,25200000,24924498,5.71
15/09/2021,-99300,-699835000,7.04(-1.68 %),1200,8436000,100500,708271000,25023798,5.53
16/09/2021,-100200,-708883000,7.05(0.14 %),0,0,100200,708883000,25123998,5.36
17/09/2021,-100000,-711006000,7.12(0.99 %),0,0,100000,711006000,25223998,5.19
20/09/2021,-70000,-502243000,7.18(0.84 %),0,0,70000,502243000,25293998,5.06
21/09/2021,-50000,-353958000,7.07(-1.53 %),0,0,50000,353958000,25343998,4.98
22/09/2021,-64100,-463679000,7.3(3.25 %),0,0,64100,463679000,25408098,4.87
23/09/2021,-1800,-13510000,7.53(3.15 %),200,1490000,2000,15000000,25409898,4.86
24/09/2021,-10500,-77805000,7.41(-1.59 %),0,0,10500,77805000,25420398,4.85
27/09/2021,500,3615000,7.13(-3.78 %),500,3615000,0,0,25419898,4.85
28/09/2021,0,0,7.13(0.00 %),0,0,0,0,25419898,4.85
29/09/2021,0,0,7.15(0.28 %),0,0,0,0,25419898,4.85
30/09/2021,200,1460000,7.29(1.96 %),200,1460000,0,0,25419698,4.85
01/10/2021,0,0,7.26(-0.41 %),164038,1112177640,164038,1112177640,25748898,4.27
04/10/2021,-63300,-491300000,7.76(6.89 %),200,1458000,63500,492758000,25812198,4.16
05/10/2021,-200,-1580000,7.82(0.77 %),0,0,200,1580000,25812398,4.16
06/10/2021,100,782000,8(2.30 %),100,782000,0,0,25812298,0.0
07/10/2021,0,0,7.99(-0.12 %),0,0,0,0,25812298,0.0
08/10/2021,0,0,7.95(-0.50 %),0,0,0,0,25812298,0.0
11/10/2021,0,0,7.93(-0.25 %),0,0,0,0,25812298,0.0
12/10/2021,0,0,7.8(-1.64 %),0,0,0,0,25812298,0.0
13/10/2021,0,0,7.83(0.38 %),0,0,0,0,25812298,0.0
14/10/2021,-300,-2340000,7.84(0.13 %),0,0,300,2340000,25812598,0.0
15/10/2021,-300,-2382000,7.94(1.28 %),0,0,300,2382000,25812898,0.0
18/10/2021,-1700,-13454000,7.9(-0.50 %),0,0,1700,13454000,25814598,0.0
19/10/2021,0,0,7.89(-0.13 %),0,0,0,0,25814598,0.0
20/10/2021,-2000,-15880000,7.85(-0.51 %),0,0,2000,15880000,25816598,0.0
21/10/2021,500,3925000,7.85(0.00 %),500,3925000,0,0,25814098,0.0
22/10/2021,0,0,7.85(0.00 %),0,0,0,0,25814098,0.0
25/10/2021,4000,31480000,7.87(0.25 %),4000,31480000,0,0,25810098,0.0
26/10/2021,-4000,-33680000,8.42(6.99 %),0,0,4000,33680000,25814098,0.0
27/10/2021,0,0,9(6.89 %),0,0,0,0,25814098,0.0
28/10/2021,-16800,-161784000,9.63(7.00 %),0,0,16800,161784000,25830898,4.13
29/10/2021,0,0,10.3(6.96 %),0,0,0,0,25830898,4.13
01/11/2021,0,0,11(6.80 %),0,0,0,0,25816098,4.16
02/11/2021,0,0,11.75(6.82 %),0,0,0,0,25816098,4.16
03/11/2021,-5000,-62750000,12.55(6.81 %),0,0,5000,62750000,25821098,0.0
04/11/2021,-12700,0,13.4(6.77 %),600,0,13300,0,25828798,0.0
05/11/2021,-209100,-2990130000,14.3(6.72 %),100,1430000,209200,2991560000,26025198,0.0
08/11/2021,-175200,-2564395000,14.5(1.40 %),1000,15250000,176200,2579645000,25991298,3.85
09/11/2021,900,12690000,13.95(-3.79 %),900,12690000,0,0,25990398,3.86
10/11/2021,0,0,14.1(1.08 %),0,0,0,0,25990398,3.86
11/11/2021,-20500,-286200000,13.8(-2.13 %),5000,68500000,25500,354700000,26010898,3.82
12/11/2021,-103100,-1489640000,14.45(6.64 %),0,0,103100,1489640000,26113998,3.64
15/11/2021,-2400,-37080000,15.45(6.92 %),0,0,2400,37080000,26116398,3.64
16/11/2021,-39200,-646800000,16.5(6.80 %),0,0,39200,646800000,26155598,3.57
17/11/2021,9900,174735000,17.65(6.97 %),13400,236510000,3500,61775000,26145698,3.59
18/11/2021,0,0,18.85(6.80 %),0,0,0,0,26145698,3.59
19/11/2021,-100500,-1980185000,19.85(5.31 %),2200,43640000,102700,2023825000,26246198,3.41
22/11/2021,-3500,-72095000,18.5(-6.80 %),500,9905000,4000,82000000,26249698,3.4
23/11/2021,1000,17300000,17.9(-3.24 %),1000,17300000,0,0,26248698,3.41
24/11/2021,1500,28880000,19.15(6.98 %),1600,30640000,100,1760000,26247198,3.41
25/11/2021,0,0,20.45(6.79 %),0,0,0,0,26247198,3.41
26/11/2021,57700,1255845000,21.85(6.85 %),58000,1262400000,300,6555000,26189498,0.0
29/11/2021,-8300,0,23.35(6.86 %),800,0,9100,0,26197798,0.0
30/11/2021,-900,-26855000,23.35(0.00 %),5600,132045000,6500,158900000,26190398,3.51
01/12/2021,-4400,-95700000,21.75(-6.85 %),600,13050000,5000,108750000,26426198,3.1
02/12/2021,700,14175000,20.25(-6.90 %),700,14175000,0,0,26425498,3.1
03/12/2021,-97100,-1945660000,19(-6.17 %),5400,107215000,102500,2052875000,26522598,2.93
06/12/2021,16000,285500000,18.2(-4.21 %),16500,294550000,500,9050000,26506598,2.96
07/12/2021,27700,512485000,19(4.40 %),27700,512485000,0,0,26478898,3.01
08/12/2021,1100,19755000,17.7(-6.84 %),1100,19755000,0,0,26477798,3.01
09/12/2021,-600,-10975000,18(1.69 %),400,6725000,1000,17700000,26478398,0.0
10/12/2021,65200,1146215000,17.6(-2.22 %),73100,1288430000,7900,142215000,26413198,3.12
13/12/2021,-57300,-1031230000,18(2.27 %),42700,765905000,100000,1797135000,26470498,3.02
14/12/2021,-4500,-81690000,17.15(-2.33 %),8900,161580000,13400,243270000,26474998,0.0
15/12/2021,9100,156340000,16.6(-3.21 %),14100,241100000,5000,84760000,26465898,0.0
16/12/2021,8400,128140000,15.7(-5.42 %),12500,194970000,4100,66830000,26457498,0.0
17/12/2021,50800,814860000,16.3(3.82 %),51800,830610000,1000,15750000,26406698,0.0
20/12/2021,-29100,-485540000,16.5(1.23 %),10400,175015000,39500,660555000,26435798,0.0
21/12/2021,-32000,-529315000,15.8(-4.24 %),45200,704240000,77200,1233555000,26467798,0.0
22/12/2021,78100,1252420000,16.25(2.85 %),78100,1252420000,0,0,26389698,4.39
23/12/2021,-82900,-1320597000,16(-1.84 %),27600,439668000,110500,1760265000,26472598,0.0
24/12/2021,-79500,-1269138000,16.1(0.62 %),15100,241056400,94600,1510194400,26469198,0.0
27/12/2021,0,0,17.2(6.83 %),0,0,0,0,26480498,3.0
28/12/2021,0,0,18.4(6.98 %),0,0,0,0,26480498,4.17
29/12/2021,-700,-13755000,19.65(6.79 %),0,0,700,13755000,26581098,2.83
30/12/2021,-100,-2100000,21(6.60 %),0,0,100,2100000,26581098,2.83
31/12/2021,-174000,-3892710000,22.45(6.90 %),200,4300000,174200,3897010000,26581598,2.83
04/01/2022,-12700,-290660000,22.55(0.22 %),4100,94110000,16800,384770000,26577598,2.84
05/01/2022,27100,653200000,24.1(6.64 %),29100,701150000,2000,47950000,27365975,2.59
06/01/2022,-23000,-607770000,24.95(3.53 %),29800,717135000,52800,1324905000,27352975,2.62
07/01/2022,-74500,-1948305000,23.25(-7.00 %),40500,983875000,115000,2932180000,27314547,2.68
10/01/2022,22900,480924000,21.65(-7.08 %),35000,746640000,12100,265716000,27332347,2.65
11/01/2022,19100,420755000,21.25(-2.07 %),32000,703645000,12900,282890000,27415347,2.51
12/01/2022,34900,700310000,20(-6.10 %),52700,1071800000,17800,371490000,27374785,2.58
13/01/2022,68400,1288910000,18.6(-7.00 %),68800,1296910000,400,8000000,27318885,2.67
14/01/2022,77700,1367990000,19.35(4.03 %),95600,1715200000,17900,347210000,27241085,2.81
17/01/2022,-16300,-297860000,18(-6.98 %),4000,73300000,20300,371160000,27237485,2.81
18/01/2022,96600,1653090000,16.75(-6.94 %),102000,1745590000,5400,92500000,27153385,2.96
19/01/2022,33800,552690000,16.6(-1.19 %),33800,552690000,0,0,27139885,2.98
20/01/2022,13800,230080000,17.15(3.94 %),17800,297755000,4000,67675000,27127485,3.0
21/01/2022,-55600,-944665000,17(-1.16 %),0,0,55600,944665000,27127485,3.0
24/01/2022,-36100,-574495000,15.85(-6.76 %),3700,58675000,39800,633170000,27127785,3.0
25/01/2022,38800,580740000,15.2(-4.40 %),51500,769985000,12700,189245000,27131885,2.99
26/01/2022,-4500,-183141000,14.15(-6.91 %),15700,110466000,20200,293607000,27155985,2.95
27/01/2022,20500,274450000,13.2(-7.04 %),23800,318150000,3300,43700000,27144885,2.97
28/01/2022,30300,388295000,14.1(6.82 %),30300,388295000,0,0,27134785,2.99
07/02/2022,1300,19500000,15.05(6.74 %),1300,19500000,0,0,27136785,2.98
08/02/2022,0,0,16.1(6.62 %),0,0,0,0,27136785,2.98
09/02/2022,-46400,-758430000,16.35(1.55 %),900,14785000,47300,773215000,27135885,2.98
10/02/2022,-17200,-276960000,16(-2.44 %),11000,174900000,28200,451860000,27124920,3.0
11/02/2022,-4700,-76305000,16.5(3.12 %),100,1580000,4800,77885000,27172120,2.92
14/02/2022,-12200,-195715000,16.1(-2.42 %),0,0,12200,195715000,27200320,2.88
15/02/2022,-9800,-154955000,15.8(-1.86 %),0,0,9800,154955000,27205070,2.87
16/02/2022,-2000,-31925000,16.05(1.58 %),0,0,2000,31925000,27217250,2.85
17/02/2022,-3000,-50085000,16.4(1.86 %),0,0,3000,50085000,27227050,2.83
18/02/2022,-13700,-223375000,16.4(0.00 %),0,0,13700,223375000,27229050,2.83
21/02/2022,-8900,-151040000,16.9(3.05 %),2200,35660000,11100,186700000,27229850,2.83
22/02/2022,-11300,-185245000,16.55(-2.07 %),0,0,11300,185245000,27243550,2.8
23/02/2022,-153000,-2490425000,16.15(-2.71 %),0,0,153000,2490425000,27254650,2.78
24/02/2022,-10800,-174535000,16.6(2.47 %),300,4850000,11100,179385000,27265650,2.76
25/02/2022,-12000,-216515000,17.75(6.93 %),7000,119785000,19000,336300000,27411650,2.52
28/02/2022,-20800,-373090000,17.7(-0.56 %),700,12580000,21500,385670000,27422050,2.5
01/03/2022,-17800,-311010000,17.2(-2.82 %),300,5220000,18100,316230000,27440757,2.47
02/03/2022,-4800,-81525000,17.05(-0.87 %),1700,29750000,6500,111275000,27460557,2.43
03/03/2022,-21200,-359360000,16.8(-1.75 %),1000,16950000,22200,376310000,27477657,2.41
04/03/2022,-9800,-166260000,17(3.03 %),0,0,9800,166260000,27484157,2.39
07/03/2022,-26000,-443130000,17(0.00 %),0,0,26000,443130000,27506307,2.36
08/03/2022,-19800,-335385000,16.7(-1.76 %),3000,51185000,22800,386570000,27513107,2.35
09/03/2022,5500,93500000,17(1.80 %),10400,174975000,4900,81475000,27528707,2.32
10/03/2022,500,8520000,18.15(6.76 %),500,8520000,0,0,27551007,2.28
11/03/2022,-72200,-1364185000,18(-1.10 %),0,0,72200,1364185000,27555907,2.27
14/03/2022,-39600,-690520000,17.45(-3.06 %),300,5245000,39900,695765000,27555607,2.27
15/03/2022,-5200,-87505000,17.4(-0.57 %),7200,123920000,12400,211425000,27620607,2.16
16/03/2022,6800,116995000,17.2(-1.15 %),10400,179035000,3600,62040000,27649938,2.11
17/03/2022,23500,409335000,17.3(0.58 %),23500,409335000,0,0,27638838,2.13
18/03/2022,-4900,-83255000,17.2(-0.58 %),0,0,4900,83255000,27642438,2.13
21/03/2022,4200,72430000,17.25(0.29 %),4200,72430000,0,0,27638238,2.13
22/03/2022,600,10710000,17.9(3.47 %),600,10710000,0,0,27642538,2.13
23/03/2022,-10400,-183660000,17.8(-0.56 %),0,0,10400,183660000,27642538,2.13
24/03/2022,5500,96805000,17.6(-1.12 %),7900,139045000,2400,42240000,27634638,2.14
25/03/2022,43200,756535000,17.6(0.00 %),44500,779380000,1300,22845000,27600538,2.2
28/03/2022,-7800,-133600000,17.05(-3.12 %),100,1730000,7900,135330000,27602838,2.19
29/03/2022,4600,78440000,17.1(0.00 %),6900,118460000,2300,40020000,27597238,2.2
30/03/2022,-66600,-1111010000,16.6(-2.92 %),3100,52820000,69700,1163830000,27602038,2.19
31/03/2022,-28400,-472380000,16.55(-0.30 %),100,1670000,28500,474050000,27604238,2.19
01/04/2022,-800,-13055000,16.75(0.90 %),100,1650000,900,14705000,27673838,2.07
04/04/2022,200,3365000,16.9(0.60 %),1700,28940000,1500,25575000,27700638,2.03
05/04/2022,-1100,-18415000,16.6(-1.78 %),2900,48985000,4000,67400000,27698638,2.03
06/04/2022,-14700,-243780000,16.45(-0.90 %),0,0,14700,243780000,27700138,2.03
07/04/2022,-16200,-263670000,16(-3.03 %),0,0,16200,263670000,27716338,0.0
08/04/2022,-10100,-156770000,15.4(-3.75 %),600,9360000,10700,166130000,27718279,2.0
12/04/2022,-14300,-222455000,15.35(-0.32 %),0,0,14300,222455000,27732579,0.0
13/04/2022,-4700,-72395000,15.4(0.00 %),0,0,4700,72395000,27734479,1.97
14/04/2022,-4900,-74295000,15(-2.60 %),100,1550000,5000,75845000,27759379,1.93
15/04/2022,-18300,-273725000,14.5(-3.33 %),2000,29600000,20300,303325000,27762079,1.92
18/04/2022,4300,58160000,14(-3.45 %),7800,106735000,3500,48575000,27759279,1.93
19/04/2022,-2400,-31910000,13.05(-6.79 %),600,8280000,3000,40190000,27778979,1.89
20/04/2022,24000,298485000,12.3(-5.75 %),24000,298485000,0,0,27753679,0.0
21/04/2022,49800,574185000,11.45(-6.91 %),49800,574185000,0,0,27711679,2.01
22/04/2022,11900,144245000,12.2(6.55 %),13200,159995000,1300,15750000,27698479,2.03
25/04/2022,1000,9200000,11.7(-4.10 %),8500,99815000,7500,90615000,27689979,2.05
26/04/2022,900,10990000,12.25(4.70 %),3100,37390000,2200,26400000,27688179,2.05
27/04/2022,6300,77275000,12.6(2.44 %),7100,87115000,800,9840000,27688579,2.05
28/04/2022,2500,31805000,12.8(1.59 %),2500,31805000,0,0,27688279,2.05
29/04/2022,3900,50025000,12.8(0.00 %),4300,55195000,400,5170000,27684779,2.05
04/05/2022,-5200,-64735000,12.6(-1.56 %),0,0,5200,64735000,27684779,2.05
05/05/2022,20000,253005000,12.45(-1.19 %),30200,380490000,10200,127485000,27664779,0.0
06/05/2022,-8600,-102770000,11.95(-4.40 %),300,3585000,8900,106355000,27659879,2.1
09/05/2022,-1700,-18955000,11.15(-7.08 %),400,4460000,2100,23415000,27669679,2.08
10/05/2022,11900,129115000,10.85(-3.12 %),11900,129115000,0,0,27666679,2.08
11/05/2022,16900,184085000,11(1.38 %),19400,212085000,2500,28000000,27649779,0.0
12/05/2022,-9900,-107055000,10.5(-4.55 %),300,3135000,10200,110190000,27659679,0.0
13/05/2022,0,-810000,9.77(-6.95 %),3400,34440000,3400,35250000,27648179,2.12
16/05/2022,10700,107000000,10(2.04 %),12500,125000000,1800,18000000,27645879,2.12
17/05/2022,10700,114490000,10.7(7.00 %),10700,114490000,0,0,27638579,2.13
18/05/2022,-2200,-24750000,11.25(5.14 %),0,0,2200,24750000,27640352,2.13
19/05/2022,2800,31360000,11.2(-0.88 %),3500,39200000,700,7840000,27636852,2.14
20/05/2022,3500,39025000,11.15(-0.45 %),4000,44600000,500,5575000,27635052,2.14
23/05/2022,1400,15750000,11.25(0.45 %),1500,16875000,100,1125000,27634252,2.14
24/05/2022,-1200,-13200000,11(0.00 %),1000,11000000,2200,24200000,27633752,2.14
25/05/2022,1200,13560000,11.3(2.73 %),3300,37290000,2100,23730000,27630552,2.15
26/05/2022,800,8960000,11.2(-0.88 %),2500,28000000,1700,19040000,27630252,2.15
27/05/2022,7600,87020000,11.45(2.23 %),7600,87020000,0,0,27624752,2.16
30/05/2022,5800,67570000,11.65(1.30 %),5800,67570000,0,0,27620652,2.16
31/05/2022,-1500,-17550000,11.7(0.00 %),1200,14040000,2700,31590000,27619452,2.16
01/06/2022,-2400,-28560000,11.9(1.71 %),500,5950000,2900,34510000,27618952,2.17
02/06/2022,-2500,-29500000,11.8(-0.84 %),300,3540000,2800,33040000,27621352,2.16
03/06/2022,-2000,-23600000,11.8(0.00 %),800,9440000,2800,33040000,27623452,2.16
06/06/2022,-5400,-62940000,11.85(0.42 %),1100,13090000,6500,76030000,27625152,2.16
07/06/2022,-4200,-49560000,11.8(-0.84 %),300,3540000,4500,53100000,27627652,2.15
08/06/2022,6000,71400000,11.9(0.85 %),8400,99960000,2400,28560000,27625752,2.15
09/06/2022,47700,577170000,12.1(1.68 %),47700,577170000,0,0,27582552,2.23
10/06/2022,2300,29670000,12.9(6.61 %),2300,29670000,0,0,28254099,2.23
13/06/2022,-68200,-900240000,13.2(2.33 %),1600,21120000,69800,921360000,28252499,2.23
14/06/2022,-24700,-328510000,13.3(0.76 %),4000,53200000,28700,381710000,28248499,2.24
15/06/2022,-18500,-229400000,12.4(-6.77 %),800,9920000,19300,239320000,28317457,2.12
16/06/2022,-600,-7470000,12.45(0.40 %),2900,36105000,3500,43575000,28343257,2.08
17/06/2022,-3700,-46065000,12.45(-0.40 %),1100,13695000,4800,59760000,28361457,2.05
20/06/2022,-2200,-26015000,11.6(-7.20 %),800,9510000,3000,35525000,28364157,2.04
21/06/2022,-3300,-35640000,10.8(-6.90 %),3900,42120000,7200,77760000,28365057,2.04
22/06/2022,7500,76875000,10.25(-5.09 %),22400,229600000,14900,152725000,28345657,2.07
23/06/2022,6100,64660000,10.6(2.91 %),6300,66780000,200,2120000,28346557,2.07
24/06/2022,7600,78660000,10.35(-2.36 %),7600,78660000,0,0,28353857,2.06
27/06/2022,26000,269450000,10.4(0.00 %),26100,270485000,100,1035000,28327957,2.1
28/06/2022,17000,179350000,10.55(1.44 %),17000,179350000,0,0,28310957,2.13
29/06/2022,-1000,-10400000,10.6(0.00 %),3900,41075000,4900,51475000,28307157,2.14
30/06/2022,-700,-7350000,10.5(-0.94 %),1500,15750000,2200,23100000,28305657,2.14
01/07/2022,-10100,-104030000,10.3(-1.90 %),2300,23690000,12400,127720000,28308257,2.14
04/07/2022,-2000,-20215000,10.4(0.97 %),8000,82135000,10000,102350000,28328357,0.0
05/07/2022,2000,19920000,9.96(-4.23 %),37600,374496000,35600,354576000,28277257,2.19
06/07/2022,-16900,-161564000,9.56(-4.40 %),1900,18164000,18800,179728000,28285357,2.17
07/07/2022,-6300,-59913000,9.51(-0.94 %),0,0,6300,59913000,28320957,2.12
08/07/2022,16900,-29326000,9.6(1.05 %),19400,0,2500,29326000,28304057,0.0
11/07/2022,-3100,-29326000,9.46(-1.46 %),0,0,3100,29326000,28345357,2.08
12/07/2022,2700,25974000,9.62(1.26 %),4600,44252000,1900,18278000,28345665,2.07
13/07/2022,-800,-7736000,9.67(0.73 %),0,0,800,7736000,28348565,2.07
14/07/2022,1600,15488000,9.68(-0.21 %),2100,20328000,500,4840000,28348378,2.07
15/07/2022,700,6755000,9.65(-0.52 %),1100,10615000,400,3860000,28348078,2.07
18/07/2022,-100,-971000,9.71(0.10 %),1000,9710000,1100,10681000,28347578,2.07
19/07/2022,1100,10824000,9.84(1.44 %),1100,10824000,0,0,28346878,2.07
20/07/2022,2500,25000000,10(2.04 %),5300,53000000,2800,28000000,28342678,2.08
21/07/2022,10600,105470000,9.95(-0.50 %),10700,106465000,100,995000,28331978,2.1
22/07/2022,6100,528345000,9.95(-0.50 %),6300,528345000,200,0,28281708,2.18
25/07/2022,12500,121375000,9.71(-2.90 %),14200,137882000,1700,16507000,28267608,2.2
26/07/2022,16200,155034000,9.57(-1.34 %),19800,189486000,3600,34452000,28247808,2.24
27/07/2022,3200,30080000,9.4(-2.08 %),4600,43240000,1400,13160000,28244908,2.24
28/07/2022,3600,34848000,9.68(2.98 %),4200,40656000,600,5808000,28244308,2.24
29/07/2022,-600,-5808000,9.68(-0.21 %),0,0,600,5808000,28245708,2.24
01/08/2022,9000,88200000,9.8(1.03 %),9200,90160000,200,1960000,28237108,2.25
02/08/2022,32400,320436000,9.89(0.92 %),32400,320436000,0,0,28205308,2.31
03/08/2022,1200,12180000,10.15(2.53 %),1200,12180000,0,0,28204308,2.31
04/08/2022,7700,77770000,10.1(-0.98 %),7700,77770000,0,0,28196608,2.32
05/08/2022,-1300,-13000000,10(-0.99 %),0,0,1300,13000000,28196608,2.32
08/08/2022,14600,148920000,10.2(2.00 %),14800,150960000,200,2040000,28181808,2.35
09/08/2022,-4400,-45100000,10.25(0.49 %),13600,139400000,18000,184500000,28169508,2.37
10/08/2022,-9100,-96915000,10.65(3.40 %),8200,87330000,17300,184245000,28161508,2.38
11/08/2022,-22300,-233035000,10.45(-2.34 %),0,0,22300,233035000,28179508,2.35
12/08/2022,-7800,-80340000,10.3(-1.90 %),0,0,7800,80340000,28196808,2.32
15/08/2022,-1700,-17170000,10.1(-1.94 %),500,5050000,2200,22220000,28218608,2.29
16/08/2022,-2400,-24240000,10.1(0.00 %),0,0,2400,24240000,28226408,2.27
17/08/2022,-2500,-25250000,10.1(0.00 %),0,0,2500,25250000,28228467,2.27
18/08/2022,-2300,-23000000,10(-0.99 %),0,0,2300,23000000,28230867,2.26
19/08/2022,-1800,-17928000,9.96(-0.40 %),400,3984000,2200,21912000,28232967,2.26
22/08/2022,5400,53136000,9.84(-1.60 %),8400,82656000,3000,29520000,28226867,2.27
23/08/2022,-2200,-21956000,9.98(1.84 %),0,0,2200,21956000,28229067,2.27
24/08/2022,-1800,-17946000,9.97(-0.30 %),0,0,1800,17946000,28232067,2.26
25/08/2022,-2100,-21000000,10(0.00 %),0,0,2100,21000000,28234267,2.26
26/08/2022,8000,79920000,9.99(-0.10 %),10000,99900000,2000,19980000,28226067,2.27
29/08/2022,4100,40344000,9.84(-1.60 %),6500,63960000,2400,23616000,28221667,2.28
30/08/2022,-2400,-24120000,10.05(2.55 %),0,0,2400,24120000,28223667,2.28
31/08/2022,-2500,-25875000,10.35(2.48 %),0,0,2500,25875000,28226067,2.27
05/09/2022,-69900,-726960000,10.4(0.00 %),0,0,69900,726960000,28228467,2.27
06/09/2022,-3400,-34680000,10.2(-1.92 %),0,0,3400,34680000,28230967,2.26
07/09/2022,-3300,-34155000,10.35(1.47 %),0,0,3300,34155000,28300867,2.15
08/09/2022,-3700,-38295000,10.35(-0.48 %),0,0,3700,38295000,28304267,2.14
09/09/2022,-6700,-74035000,11.05(6.25 %),0,0,6700,74035000,28307567,2.14
12/09/2022,-4971,-74035000,10.9(-1.80 %),0,0,4971,74035000,28311267,2.13
13/09/2022,-5600,-28600000,11.2(2.75 %),0,0,5600,28600000,28317967,2.12
14/09/2022,-6980,-28600000,10.9(-2.68 %),20,0,7000,28600000,28322918,2.11
15/09/2022,-9400,-76082000,11.05(1.38 %),0,218000,9400,76300000,0,2.1
16/09/2022,-16479,-173853450,10.55(-4.95 %),0,0,16479,173853450,28335518,2.09
19/09/2022,-5800,-58000000,10(-5.66 %),500,5000000,6300,63000000,28341318,2.13
20/09/2022,-6100,-61000000,10(0.00 %),0,0,6100,61000000,28360897,2.05
21/09/2022,0,-61000000,10.1(1.00 %),0,0,0,61000000,28367197,2.04
22/09/2022,8000,82000000,10.25(1.49 %),8000,82000000,0,0,28365297,2.04
23/09/2022,38000,389500000,10.25(-0.49 %),38000,389500000,0,0,28327297,2.11
26/09/2022,60200,595378000,9.89(-3.98 %),60200,595378000,0,0,28267097,2.2
27/09/2022,0,595378000,9.9(0.00 %),0,595378000,0,0,28267097,2.2
28/09/2022,0,595378000,9.7(-2.02 %),0,595378000,0,0,28267097,2.2
29/09/2022,-900,-8550000,9.5(-2.06 %),0,0,900,8550000,28267097,2.2
30/09/2022,0,-8550000,9.22(-2.95 %),0,0,0,8550000,28267097,2.2
03/10/2022,0,-8550000,9.22(0.22 %),0,0,0,8550000,28267997,2.2
04/10/2022,-6500,-58630000,9.02(-1.96 %),0,0,6500,58630000,28267997,2.2
05/10/2022,0,-58630000,9.65(7.22 %),0,0,0,58630000,28267997,2.2
06/10/2022,300,2847000,9.49(-2.16 %),300,2847000,0,0,28274197,2.19
07/10/2022,0,2847000,9.23(-2.84 %),0,2847000,0,0,28274197,2.19
10/10/2022,-20400,-185640000,9.1(-1.09 %),0,0,20400,185640000,28274197,2.19
11/10/2022,-20000,-175200000,8.76(-3.74 %),0,0,20000,175200000,28274197,2.19
12/10/2022,-29900,-265213000,8.87(0.80 %),100,887000,30000,266100000,28294497,2.16
13/10/2022,0,-265213000,8.88(-0.22 %),0,887000,0,266100000,28314497,2.13
14/10/2022,0,-265213000,9.09(2.13 %),0,887000,0,266100000,28344497,2.08
17/10/2022,0,-265213000,9.14(0.44 %),0,887000,0,266100000,28344497,2.08
18/10/2022,0,-265213000,9.27(1.87 %),0,887000,0,266100000,28344497,2.08
19/10/2022,0,0,9.45(1.61 %),0,0,0,0,28344497,2.13
20/10/2022,0,0,9.17(-3.47 %),0,0,0,0,28344497,2.13
21/10/2022,0,0,8.9(-3.26 %),0,0,0,0,28344497,2.13
24/10/2022,0,0,8.31(-6.63 %),0,0,0,0,28344497,2.13
25/10/2022,0,0,8.35(0.60 %),0,0,0,0,28344497,2.13
26/10/2022,0,0,8.34(-0.71 %),0,0,0,0,28344497,2.13
27/10/2022,0,0,8.6(3.61 %),0,0,0,0,28344539,2.08
28/10/2022,0,-350700,8.6(0.00 %),0,0,0,350700,28344539,2.08
31/10/2022,0,-350700,8.46(-1.63 %),0,0,0,350700,28344539,2.08
01/11/2022,0,-350700,8.46(-0.47 %),0,0,0,350700,28344539,2.08
02/11/2022,-6500,-54600000,8.4(-1.18 %),0,0,6500,54600000,28344539,2.08
03/11/2022,0,-54600000,8.33(-0.83 %),0,0,0,54600000,28344539,2.08
04/11/2022,0,-54600000,8.1(-2.41 %),0,0,0,54600000,28351039,2.07
07/11/2022,-11400,-91200000,8(-1.23 %),0,0,11400,91200000,28351039,2.07
08/11/2022,-23900,-187854000,7.86(-1.75 %),0,0,23900,187854000,28351039,2.07
09/11/2022,-25000,-195000000,7.8(-1.27 %),0,0,25000,195000000,28362439,2.05
10/11/2022,0,-195000000,7.26(-6.92 %),0,0,0,195000000,28386339,2.01
11/11/2022,-10000,-72500000,7.25(-0.68 %),0,0,10000,72500000,28411339,1.97
14/11/2022,0,-72500000,6.8(-6.85 %),0,0,0,72500000,28411339,1.97
15/11/2022,-100,-633000,6.33(-6.91 %),0,0,100,633000,28421339,1.95
16/11/2022,2000,13540000,6.77(7.46 %),2000,13540000,0,0,28419339,1.95
17/11/2022,14000,100240000,7.16(5.29 %),14000,100240000,0,0,28405439,1.98
18/11/2022,-26300,-184100000,7(-2.78 %),0,0,26300,184100000,28405439,1.98
21/11/2022,0,-184100000,7.05(0.71 %),0,0,0,184100000,28405439,1.98
22/11/2022,0,-184100000,7.05(-0.70 %),0,0,0,184100000,28431739,1.93
23/11/2022,0,-184100000,6.85(-3.52 %),0,0,0,184100000,28431739,1.93
24/11/2022,0,-184100000,6.79(-0.88 %),0,0,0,184100000,28431739,1.93
25/11/2022,0,-184100000,6.95(2.21 %),0,0,0,184100000,28431739,1.93
28/11/2022,-800,-5944000,7.43(6.14 %),0,0,800,5944000,28432539,0.0
29/11/2022,-1000,-7950000,7.95(7.43 %),0,0,1000,7950000,28433539,1.98
30/11/2022,0,-7950000,8(0.00 %),0,0,0,7950000,28433539,1.98
01/12/2022,0,-7950000,8.15(1.88 %),0,0,0,7950000,28432539,1.98
02/12/2022,0,-7950000,8.17(-0.37 %),0,0,0,7950000,28432539,1.98
05/12/2022,-4,-33600,8.4(2.44 %),0,0,4,33600,28432543,1.98
06/12/2022,30000,235500000,7.85(-6.55 %),30000,235500000,0,0,28402543,0.0
07/12/2022,0,235500000,7.51(-4.94 %),0,235500000,0,0,28402543,2.03
08/12/2022,0,235500000,7.56(0.80 %),0,235500000,0,0,28403543,1.98
09/12/2022,0,235500000,7.8(2.63 %),0,235500000,0,0,28403543,1.98
12/12/2022,-2300,-17480000,7.6(-2.56 %),0,0,2300,17480000,28404843,2.03
13/12/2022,0,-17480000,7.8(2.63 %),0,0,0,17480000,28404843,2.03
14/12/2022,0,-17480000,7.81(0.13 %),0,0,0,17480000,28404843,2.03
15/12/2022,0,-17480000,7.89(1.15 %),0,0,0,17480000,28404843,2.03
16/12/2022,-5,-40000,8(1.27 %),0,0,5,40000,28404848,2.03
19/12/2022,0,-40000,8.04(0.50 %),0,0,0,40000,28404848,2.03
20/12/2022,0,-40000,7.8(-2.50 %),0,0,0,40000,28404848,2.03
21/12/2022,0,-40000,7.3(-6.41 %),0,0,0,40000,28404848,2.03
22/12/2022,0,-40000,7.49(2.60 %),0,0,0,40000,28404848,2.03
23/12/2022,0,-40000,7.7(2.67 %),0,0,0,40000,28404848,2.03
26/12/2022,1500,11550000,7.7(0.00 %),1500,11550000,0,0,28403348,2.03
27/12/2022,0,11550000,7.55(-1.95 %),0,11550000,0,0,28403348,2.03
28/12/2022,0,11550000,7.6(0.00 %),0,11550000,0,0,28403348,2.03
29/12/2022,0,11550000,7.6(0.00 %),0,11550000,0,0,28404348,1.98
30/12/2022,100,759000,7.59(-0.13 %),100,759000,0,0,28404248,1.98
03/01/2023,0,759000,7.74(1.84 %),0,759000,0,0,28404248,2.03
04/01/2023,0,759000,7.8(1.30 %),0,759000,0,0,28404248,1.98
05/01/2023,0,759000,7.9(1.28 %),0,759000,0,0,28404248,1.98
06/01/2023,0,759000,7.8(-1.27 %),0,759000,0,0,28404248,1.98
09/01/2023,0,759000,7.74(-0.77 %),0,759000,0,0,28404248,1.98
10/01/2023,0,759000,7.67(-0.39 %),0,759000,0,0,28404248,1.98
11/01/2023,-46,-352820,7.67(-0.39 %),0,0,46,352820,28404248,1.98
12/01/2023,0,-352820,7.78(1.04 %),0,0,0,352820,28404248,1.98
13/01/2023,0,-352820,7.8(0.00 %),0,0,0,352820,28404294,1.98
16/01/2023,0,-352820,7.85(0.64 %),0,0,0,352820,28404294,1.98
17/01/2023,0,-352820,7.9(0.00 %),0,0,0,352820,28404294,1.98
18/01/2023,0,-352820,8.11(2.66 %),0,0,0,352820,28404294,1.98
19/01/2023,0,-352820,8.3(2.47 %),0,0,0,352820,28404294,1.98
27/01/2023,-2000,-17280000,8.64(4.10 %),0,0,2000,17280000,28404294,1.98
30/01/2023,3000,25500000,8.5(-1.16 %),3000,25500000,0,0,28401294,1.98
31/01/2023,-2000,-17120000,8.56(0.71 %),0,0,2000,17120000,28403294,1.98
01/02/2023,100,855000,8.55(-0.58 %),100,855000,0,0,28403194,1.98
02/02/2023,0,855000,8.21(-4.53 %),0,855000,0,0,28405194,1.98
03/02/2023,0,855000,8.25(0.61 %),0,855000,0,0,28405194,1.98
06/02/2023,0,855000,8.4(1.20 %),0,855000,0,0,28405194,1.98
07/02/2023,-30000,-261000000,8.7(3.57 %),0,0,30000,261000000,28405194,1.98
08/02/2023,0,-261000000,8.6(-1.15 %),0,0,0,261000000,28405194,1.98
09/02/2023,3000,25380000,8.46(-1.63 %),3000,25380000,0,0,28432194,1.93
10/02/2023,0,25380000,8.3(-2.35 %),0,25380000,0,0,28432194,1.93
13/02/2023,700,5551000,7.93(-4.46 %),700,5551000,0,0,28431494,1.93
14/02/2023,0,5551000,7.91(0.13 %),0,5551000,0,0,28431494,1.93
15/02/2023,0,5551000,8.05(1.90 %),0,5551000,0,0,28431494,1.93
16/02/2023,200,1620000,8.1(0.00 %),200,1620000,0,0,28431294,1.93
17/02/2023,0,1620000,8.08(-0.25 %),0,1620000,0,0,28431294,1.93
20/02/2023,0,1620000,8.23(1.60 %),0,1620000,0,0,28431294,1.93
21/02/2023,0,1620000,8.24(0.49 %),0,1620000,0,0,28431294,1.93
22/02/2023,0,1620000,8.17(-0.37 %),0,1620000,0,0,28431294,1.93
23/02/2023,0,1620000,8.09(-1.34 %),0,1620000,0,0,28431294,1.93
24/02/2023,0,1620000,8.08(-0.25 %),0,1620000,0,0,28431294,1.98
27/02/2023,500,4035000,8.07(-0.37 %),800,6456000,300,2421000,28430494,1.93
28/02/2023,0,4035000,8.08(-0.25 %),0,6456000,0,2421000,28430494,1.93
01/03/2023,-37,-300440,8.12(0.25 %),0,0,37,300440,28430794,1.93
02/03/2023,0,-300440,8.22(1.48 %),0,0,0,300440,28430794,1.93
03/03/2023,150,1219500,8.13(-0.85 %),150,1219500,0,0,28430681,1.93
06/03/2023,0,1219500,8.22(1.48 %),0,1219500,0,0,28430681,1.93
07/03/2023,100,820000,8.2(0.00 %),100,820000,0,0,28430581,1.93
08/03/2023,4000,33200000,8.3(1.22 %),4000,33200000,0,0,28426581,1.94
09/03/2023,0,33200000,8.3(0.00 %),0,33200000,0,0,28426581,1.94
10/03/2023,0,33200000,8.27(-0.36 %),0,33200000,0,0,28426581,1.94
13/03/2023,0,33200000,8.25(-0.60 %),0,33200000,0,0,28426581,1.99
14/03/2023,0,33200000,8.28(-0.24 %),0,33200000,0,0,28426581,1.94
15/03/2023,100,832000,8.32(0.24 %),100,832000,0,0,28426481,1.94
16/03/2023,200,1662000,8.31(0.12 %),200,1662000,0,0,28426281,1.94
17/03/2023,0,1662000,8(2.56 %),0,1662000,0,0,28426281,1.94
20/03/2023,39,308490,7.91(-1.12 %),39,308490,0,0,28426242,1.94
21/03/2023,50,1620000,7.89(-0.13 %),50,1620000,0,0,28426192,1.94
22/03/2023,0,0,7.97(0.89 %),0,0,0,0,28426192,0.0
23/03/2023,0,0,8(0.00 %),0,0,0,0,28426192,0.0
24/03/2023,0,0,8.05(0.62 %),0,0,0,0,28426192,0.0
27/03/2023,0,0,8.12(0.25 %),0,0,0,0,28426192,1.99
28/03/2023,0,0,8.12(0.25 %),0,0,0,0,28426192,0.0
29/03/2023,0,0,8.14(0.49 %),0,0,0,0,28426192,1.94
30/03/2023,-100,-814000,8.14(0.49 %),0,0,100,814000,28426192,1.94
31/03/2023,-4,-34800,8.7(7.41 %),0,0,4,34800,28426192,1.94
03/04/2023,-19600,-172676000,8.81(1.26 %),400,3524000,20000,176200000,28425892,1.94
04/04/2023,5600,49056000,8.76(-0.45 %),5600,49056000,0,0,28420296,1.95
05/04/2023,300,2628000,8.76(-0.45 %),300,2628000,0,0,28439996,1.92
06/04/2023,0,2628000,9.1(3.41 %),0,2628000,0,0,28439996,1.92
07/04/2023,200,1822000,9.11(0.11 %),200,1822000,0,0,28439796,1.92
10/04/2023,0,1822000,9.08(-0.22 %),0,1822000,0,0,28439796,1.92
11/04/2023,5000,45500000,9.1(0.00 %),5000,45500000,0,0,28434796,1.93
12/04/2023,-49,-470400,9.6(5.49 %),0,0,49,470400,28434796,1.93
13/04/2023,0,-470400,9.49(-1.15 %),0,0,0,470400,28434796,1.93
14/04/2023,0,-470400,9.22(-2.95 %),0,0,0,470400,28434845,1.93
17/04/2023,0,-470400,9.1(-1.09 %),0,0,0,470400,28434837,1.93
18/04/2023,0,-470400,9(-1.10 %),0,0,0,470400,28434837,1.93
19/04/2023,0,-470400,9.1(1.11 %),0,0,0,470400,-1164086,1.93
20/04/2023,0,0,9.1(0.00 %),0,0,0,0,0,49.05
21/04/2023,0,-470400,9.1(0.00 %),0,0,0,470400,-1164086,1.93
24/04/2023,0,-470400,9.12(0.22 %),0,0,0,470400,-1164086,1.93
25/04/2023,0,-470400,9.01(-0.99 %),0,0,0,470400,-1164086,1.93
26/04/2023,-30000,-273600000,9.12(1.33 %),0,0,30000,273600000,-1164086,1.93
27/04/2023,0,0,9.1(-0.22 %),0,0,0,0,0,49.05
28/04/2023,0,0,9.39(3.19 %),0,0,0,0,0,49.05
04/05/2023,0,0,9.38(-0.11 %),0,0,0,0,0,49.05
05/05/2023,-400,-3740000,9.35(-0.32 %),0,0,400,3740000,-1134086,1.88
08/05/2023,0,0,9.21(-1.50 %),0,0,0,0,-1134086,1.88
09/05/2023,0,0,9.22(0.22 %),0,0,0,0,-1133686,1.88
10/05/2023,0,0,9.2(0.00 %),0,0,0,0,0,49.05
11/05/2023,0,0,9.27(0.76 %),0,0,0,0,-1133686,1.88
12/05/2023,0,0,9.25(-0.54 %),0,0,0,0,-1133636,1.88
15/05/2023,-100,-923000,9.25(0.00 %),0,0,100,923000,0,49.05
16/05/2023,0,0,9.54(3.14 %),0,0,0,0,0,49.05
17/05/2023,0,0,9.45(-0.94 %),0,0,0,0,0,49.05
18/05/2023,-400,-3760000,9.26(-2.01 %),0,0,400,3760000,0,49.05
19/05/2023,0,0,9.3(0.43 %),0,0,0,0,0,49.05
22/05/2023,-400,-3713000,9.34(0.43 %),0,0,400,3713000,0,49.05
23/05/2023,0,0,9.22(-1.28 %),0,0,0,0,0,49.05
24/05/2023,0,0,9.15(-0.76 %),0,0,0,0,0,49.05
25/05/2023,0,0,9.1(-0.55 %),0,0,0,0,0,49.05
26/05/2023,0,0,9.1(0.00 %),0,0,0,0,0,49.05
29/05/2023,0,0,9.18(0.88 %),0,0,0,0,0,49.05
30/05/2023,0,0,9.82(6.97 %),0,0,0,0,0,49.05
31/05/2023,0,0,10.5(6.92 %),0,0,0,0,0,49.05
01/06/2023,0,0,10.45(-0.48 %),0,0,0,0,0,49.05
02/06/2023,0,0,10.25(-1.91 %),0,0,0,0,0,49.05
05/06/2023,0,0,10.15(-0.98 %),0,0,0,0,0,49.05
06/06/2023,0,0,10.2(0.49 %),0,0,0,0,0,49.05
07/06/2023,0,0,10.25(0.49 %),0,0,0,0,0,49.05
08/06/2023,0,0,10.35(0.98 %),0,0,0,0,0,49.05
09/06/2023,0,0,10.25(-0.97 %),0,0,0,0,0,49.05
12/06/2023,0,0,10.2(-0.49 %),0,0,0,0,0,49.05
13/06/2023,0,0,10.05(-1.47 %),0,0,0,0,0,49.05
14/06/2023,0,0,10.05(0.00 %),0,0,0,0,0,49.05
15/06/2023,0,0,10.05(0.00 %),0,0,0,0,0,49.05
16/06/2023,0,0,10.05(-0.50 %),0,0,0,0,-1132618,1.88
19/06/2023,0,0,9.99(-1.09 %),0,0,0,0,-1132618,1.88
20/06/2023,0,0,10(0.00 %),0,0,0,0,0,49.05
21/06/2023,-20000,-204500000,10.3(3.00 %),0,0,20000,204500000,-1132618,1.88
22/06/2023,-300,-3075000,10.25(-0.49 %),0,0,300,3075000,0,49.05
23/06/2023,-50000,-505100000,10.1(-1.94 %),0,0,50000,505100000,0,49.05
26/06/2023,0,0,10.1(0.00 %),0,0,0,0,-1112318,1.84
27/06/2023,0,0,10.15(0.50 %),0,0,0,0,0,49.05
28/06/2023,0,0,10.15(-0.49 %),0,0,0,0,0,49.05
29/06/2023,0,0,9.95(-2.45 %),0,0,0,0,0,49.05
30/06/2023,0,0,9.94(-0.60 %),0,0,0,0,0,49.05
03/07/2023,0,0,9.94(0.40 %),0,0,0,0,0,49.05
04/07/2023,-300,-3000000,9.91(0.10 %),0,0,300,3000000,0,49.05
05/07/2023,0,0,9.93(0.30 %),0,0,0,0,0,49.05
06/07/2023,0,0,9.9(0.00 %),0,0,0,0,-1062007,1.76
07/07/2023,0,0,9.9(0.00 %),0,0,0,0,-1062007,1.76
10/07/2023,0,0,9.98(0.81 %),0,0,0,0,0,49.05
11/07/2023,-2400,-24000000,9.99(-0.10 %),0,0,2400,24000000,0,49.05
12/07/2023,0,0,9.91(-0.90 %),0,0,0,0,0,49.05
13/07/2023,-500,-4975000,10.05(1.52 %),0,0,500,4975000,0,49.05
14/07/2023,0,0,10.05(-0.50 %),0,0,0,0,-1059605,1.75
17/07/2023,-500,-5025000,10.05(-0.50 %),0,0,500,5025000,0,49.05
18/07/2023,0,0,10(-0.99 %),0,0,0,0,0,49.05
19/07/2023,0,0,9.96(-0.40 %),0,0,0,0,-1058592,1.75
20/07/2023,0,0,9.99(-0.10 %),0,0,0,0,0,49.05
21/07/2023,-200,-2125000,10.65(6.50 %),0,0,200,2125000,0,49.05
24/07/2023,0,0,10.65(-0.47 %),0,0,0,0,-1058592,1.75
25/07/2023,0,0,10.2(-4.67 %),0,0,0,0,-1058392,1.75
26/07/2023,0,0,10.3(0.98 %),0,0,0,0,0,49.05
27/07/2023,0,0,10.35(0.49 %),0,0,0,0,0,49.05
28/07/2023,0,0,10.5(0.96 %),0,0,0,0,0,49.05
31/07/2023,0,0,10.4(-0.95 %),0,0,0,0,0,49.05
01/08/2023,0,0,10.45(0.48 %),0,0,0,0,0,49.05
02/08/2023,0,0,10.45(-0.48 %),0,0,0,0,0,49.05
03/08/2023,0,0,10.4(-0.95 %),0,0,0,0,0,49.05
04/08/2023,-100,-1035000,10.45(0.48 %),0,0,100,1035000,0,1.75
07/08/2023,-900,-9360000,10.4(-0.48 %),0,0,900,9360000,0,49.05
08/08/2023,0,0,10.3(-0.96 %),0,0,0,0,0,49.05
09/08/2023,0,0,10.35(0.49 %),0,0,0,0,0,49.05
10/08/2023,0,0,10.35(0.00 %),0,0,0,0,0,49.05
11/08/2023,0,0,10.3(-0.48 %),0,0,0,0,0,49.05
14/08/2023,0,0,10.3(0.00 %),0,0,0,0,0,1.75
15/08/2023,0,0,10.2(-0.97 %),0,0,0,0,-1057380,1.75
16/08/2023,0,0,10.2(0.00 %),0,0,0,0,-1057380,1.75
17/08/2023,0,0,10.1(-0.98 %),0,0,0,0,0,49.05
18/08/2023,0,0,9.51(-5.84 %),0,0,0,0,-1057380,1.75
21/08/2023,-12100,-115071000,9.58(0.84 %),0,0,12100,115071000,-1057380,1.75
22/08/2023,0,0,9.43(-1.77 %),0,0,0,0,-1057380,1.75
23/08/2023,0,0,9.6(1.80 %),0,0,0,0,-1045280,1.73
24/08/2023,0,0,9.69(0.94 %),0,0,0,0,0,49.05
25/08/2023,0,0,9.7(0.10 %),0,0,0,0,-1045280,1.73
28/08/2023,0,0,9.71(0.10 %),0,0,0,0,0,49.05
29/08/2023,0,0,9.74(0.31 %),0,0,0,0,-1045280,1.73
30/08/2023,0,0,9.74(0.00 %),0,0,0,0,0,49.05
31/08/2023,0,0,9.75(0.10 %),0,0,0,0,-1045280,1.73
05/09/2023,0,0,9.87(1.23 %),0,0,0,0,-1045280,1.73
06/09/2023,0,0,9.9(0.30 %),0,0,0,0,0,49.05
07/09/2023,0,0,9.91(0.10 %),0,0,0,0,-1045280,1.73
08/09/2023,0,0,10.05(1.41 %),0,0,0,0,-1045280,1.73
11/09/2023,0,0,9.91(-1.39 %),0,0,0,0,-1045280,1.73
12/09/2023,0,0,10(0.91 %),0,0,0,0,-1045276,1.73
13/09/2023,0,0,9.91(-0.90 %),0,0,0,0,-1045276,1.73
14/09/2023,0,0,9.85(-0.61 %),0,0,0,0,-1045276,1.73
15/09/2023,0,0,9.85(0.00 %),0,0,0,0,-1045276,1.73
18/09/2023,0,0,9.84(-0.10 %),0,0,0,0,0,49.05
19/09/2023,0,0,9.94(1.02 %),0,0,0,0,0,49.05
20/09/2023,0,0,9.94(0.00 %),0,0,0,0,0,49.05
21/09/2023,0,0,9.85(-0.91 %),0,0,0,0,0,49.05
22/09/2023,-500,-4900000,9.66(-1.93 %),0,0,500,4900000,-1045253,1.73
25/09/2023,0,0,9.43(-2.38 %),0,0,0,0,-1045253,1.73
26/09/2023,0,0,9.36(-0.74 %),0,0,0,0,-1044753,1.73
27/09/2023,0,0,9.39(0.32 %),0,0,0,0,0,49.05
28/09/2023,-100,-930000,9.45(0.64 %),0,0,100,930000,0,49.05
29/09/2023,0,0,9.49(0.42 %),0,0,0,0,-1044753,1.73
02/10/2023,0,0,9.55(0.63 %),0,0,0,0,-1044652,1.73
03/10/2023,0,0,9.4(-1.57 %),0,0,0,0,-1044652,1.73
04/10/2023,0,0,9.44(0.43 %),0,0,0,0,0,49.05
05/10/2023,0,0,9.43(-0.11 %),0,0,0,0,-1044652,1.73
06/10/2023,0,0,9.44(0.11 %),0,0,0,0,0,49.05
09/10/2023,0,0,9.55(1.17 %),0,0,0,0,0,49.05
10/10/2023,-100,-955000,9.62(0.73 %),0,0,100,955000,-1044614,1.73
11/10/2023,0,0,9.62(0.00 %),0,0,0,0,-1044614,1.73
12/10/2023,0,0,9.62(0.00 %),0,0,0,0,-1044514,1.73
13/10/2023,0,0,9.52(-1.04 %),0,0,0,0,-1044514,1.73
16/10/2023,0,0,9.5(-0.21 %),0,0,0,0,-1044514,1.73
17/10/2023,0,0,9.52(0.21 %),0,0,0,0,-1044514,1.73
18/10/2023,0,0,9.4(-1.26 %),0,0,0,0,-1044514,1.73
19/10/2023,0,0,8.94(-4.89 %),0,0,0,0,-1044514,1.73
20/10/2023,0,0,9(0.67 %),0,0,0,0,-1044514,1.73
23/10/2023,0,0,8.78(-2.44 %),0,0,0,0,-1044514,1.73
24/10/2023,-400,-3488000,8.84(0.68 %),0,0,400,3488000,0,49.05
25/10/2023,0,0,8.8(-0.45 %),0,0,0,0,-1044514,1.73
26/10/2023,0,0,8.7(-1.14 %),0,0,0,0,-1044114,1.73
27/10/2023,0,0,8.7(0.00 %),0,0,0,0,-1044114,1.73
30/10/2023,0,0,8.75(0.57 %),0,0,0,0,-1044114,1.73
31/10/2023,0,0,8.67(-0.91 %),0,0,0,0,-1044114,1.73
01/11/2023,0,0,8.67(0.00 %),0,0,0,0,-1044114,1.73
02/11/2023,0,0,8.75(0.92 %),0,0,0,0,0,49.05
03/11/2023,0,0,8.7(-0.57 %),0,0,0,0,0,49.05
06/11/2023,0,0,8.72(0.23 %),0,0,0,0,0,49.05
07/11/2023,0,0,8.74(0.23 %),0,0,0,0,0,49.05
08/11/2023,0,0,8.79(0.57 %),0,0,0,0,-1044114,1.73
09/11/2023,0,0,9.29(5.69 %),0,0,0,0,-1044114,1.73
10/11/2023,0,0,9.4(1.18 %),0,0,0,0,-1044114,1.73
13/11/2023,0,0,9.2(-2.13 %),0,0,0,0,-1044114,1.73
14/11/2023,0,0,9.34(1.52 %),0,0,0,0,0,49.05
15/11/2023,0,0,9.19(-1.61 %),0,0,0,0,0,49.05
16/11/2023,0,0,9.34(1.63 %),0,0,0,0,0,49.05
17/11/2023,0,0,9.35(0.11 %),0,0,0,0,-1044114,1.73
20/11/2023,0,0,9.25(-1.07 %),0,0,0,0,-1044114,1.73
21/11/2023,0,0,9.25(0.00 %),0,0,0,0,-1044114,1.73
22/11/2023,0,0,9.23(-0.22 %),0,0,0,0,-1044114,1.73
23/11/2023,0,0,9.23(0.00 %),0,0,0,0,0,49.05
24/11/2023,0,0,9.24(0.11 %),0,0,0,0,0,49.05
27/11/2023,0,0,9.19(-0.54 %),0,0,0,0,0,49.05
28/11/2023,0,0,9.17(-0.22 %),0,0,0,0,0,49.05
29/11/2023,0,0,9.17(0.00 %),0,0,0,0,0,49.05
30/11/2023,0,0,9.17(0.00 %),0,0,0,0,0,49.05
01/12/2023,0,0,9.17(0.00 %),0,0,0,0,0,49.05
04/12/2023,0,0,9.2(0.33 %),0,0,0,0,0,49.05
05/12/2023,0,0,9.15(-0.54 %),0,0,0,0,0,49.05
06/12/2023,0,0,9.2(0.55 %),0,0,0,0,0,49.05
07/12/2023,0,0,9.2(0.00 %),0,0,0,0,0,49.05
08/12/2023,0,0,9.2(0.00 %),0,0,0,0,0,49.05
11/12/2023,0,0,9.2(0.00 %),0,0,0,0,0,49.05
12/12/2023,0,0,9.04(-1.74 %),0,0,0,0,0,49.05
13/12/2023,0,0,9.15(1.22 %),0,0,0,0,0,49.05
14/12/2023,0,0,9.17(0.22 %),0,0,0,0,0,49.05
15/12/2023,0,0,9.18(0.11 %),0,0,0,0,0,49.05
18/12/2023,-2900,-26419000,9.16(-0.22 %),0,0,2900,26419000,0,49.05
19/12/2023,0,0,9.16(0.00 %),0,0,0,0,0,49.05
20/12/2023,0,0,9.15(-0.11 %),0,0,0,0,0,49.05
21/12/2023,0,0,9.15(0.00 %),0,0,0,0,0,49.05
22/12/2023,0,0,9.15(0.00 %),0,0,0,0,0,49.05
25/12/2023,0,0,9.13(-0.22 %),0,0,0,0,0,49.05
26/12/2023,0,0,9.13(0.00 %),0,0,0,0,0,49.05
27/12/2023,0,0,9.14(0.11 %),0,0,0,0,0,49.05
28/12/2023,0,0,9.17(0.33 %),0,0,0,0,0,49.05
29/12/2023,0,0,9.17(0.00 %),0,0,0,0,0,49.05
02/01/2024,0,0,9.19(0.22 %),0,0,0,0,-1041046,1.72
03/01/2024,0,0,9.19(0.00 %),0,0,0,0,0,49.05
04/01/2024,-100,-917000,9.2(0.11 %),0,0,100,917000,0,49.05
05/01/2024,-500,-4565000,9.18(-0.22 %),0,0,500,4565000,0,49.05
08/01/2024,0,0,9.2(0.22 %),0,0,0,0,0,49.05
09/01/2024,0,0,9.15(-0.54 %),0,0,0,0,-1040425,1.72
10/01/2024,0,0,9.2(0.55 %),0,0,0,0,-1040425,1.72
11/01/2024,0,0,9.18(-0.22 %),0,0,0,0,-1040425,1.72
12/01/2024,0,0,9.18(0.00 %),0,0,0,0,0,49.05
15/01/2024,0,0,9.2(0.22 %),0,0,0,0,-1040425,1.72
16/01/2024,-100,-920000,9.23(0.33 %),0,0,100,920000,-1040425,1.72
17/01/2024,-4000,-36900000,9.22(-0.11 %),0,0,4000,36900000,-1040425,1.72
18/01/2024,-45300,-427918000,9.49(2.93 %),0,0,45300,427918000,0,49.05
19/01/2024,-73700,-693150000,9.47(-0.21 %),0,0,73700,693150000,0,49.05
22/01/2024,0,0,9.4(-0.74 %),0,0,0,0,0,49.05
23/01/2024,-27400,-256805000,9.4(0.00 %),0,0,27400,256805000,0,49.05
24/01/2024,-1400,-13132000,9.34(-0.64 %),0,0,1400,13132000,0,49.05
25/01/2024,-7700,-71899000,9.34(0.00 %),0,0,7700,71899000,0,49.05
26/01/2024,-58100,-540506000,9.34(0.00 %),0,0,58100,540506000,0,49.05
29/01/2024,-4500,-42030000,9.39(0.54 %),0,0,4500,42030000,-880825,1.46
30/01/2024,0,0,9.39(0.00 %),0,0,0,0,-822723,1.36
31/01/2024,0,0,9.39(0.00 %),0,0,0,0,-818223,1.35
01/02/2024,0,0,9.39(0.00 %),0,0,0,0,0,49.05
02/02/2024,0,0,9.43(0.43 %),0,0,0,0,-818223,1.35
05/02/2024,0,0,9.44(0.11 %),0,0,0,0,0,49.05
06/02/2024,0,0,9.53(0.95 %),0,0,0,0,-818223,1.35
07/02/2024,0,0,9.54(0.10 %),0,0,0,0,-818223,1.35
15/02/2024,0,0,9.52(-0.21 %),0,0,0,0,-818223,1.35
16/02/2024,-700,-6664000,9.8(2.94 %),0,0,700,6664000,-818223,1.35
19/02/2024,0,0,9.8(0.00 %),0,0,0,0,-818223,1.35
20/02/2024,0,0,9.75(-0.51 %),0,0,0,0,-817523,1.35
21/02/2024,0,0,9.65(-1.03 %),0,0,0,0,-817523,1.35
22/02/2024,0,0,9.61(-0.41 %),0,0,0,0,-817523,1.35
23/02/2024,0,0,9.64(0.31 %),0,0,0,0,0,49.05
26/02/2024,-18801,-181053640,9.64(0.00 %),0,0,18801,181053640,-817523,1.35
27/02/2024,0,0,9.66(0.21 %),0,0,0,0,0,49.05
28/02/2024,0,0,9.66(0.00 %),0,0,0,0,0,49.05
29/02/2024,0,0,9.64(-0.21 %),0,0,0,0,-798722,1.32
01/03/2024,0,0,9.65(0.10 %),0,0,0,0,0,49.05
04/03/2024,0,0,9.65(0.00 %),0,0,0,0,0,49.05
05/03/2024,-32000,-304000000,9.65(0.00 %),0,0,32000,304000000,-798722,1.32
06/03/2024,0,0,9.85(2.07 %),0,0,0,0,0,49.05
07/03/2024,0,0,9.9(-0.20 %),0,0,0,0,0,49.05
08/03/2024,0,0,9.88(-0.20 %),0,0,0,0,0,49.05
11/03/2024,0,0,9.86(-0.20 %),0,0,0,0,0,49.05
12/03/2024,0,0,9.86(0.00 %),0,0,0,0,-766722,1.27
13/03/2024,0,0,9.85(-0.10 %),0,0,0,0,-766722,1.27
14/03/2024,0,0,9.88(0.30 %),0,0,0,0,0,49.05
15/03/2024,0,0,9.85(-0.30 %),0,0,0,0,0,49.05
18/03/2024,0,0,9.84(-0.10 %),0,0,0,0,-766700,1.27
19/03/2024,0,0,9.84(0.00 %),0,0,0,0,-766700,1.27
20/03/2024,0,0,9.85(0.10 %),0,0,0,0,0,49.05
21/03/2024,0,0,9.3(0.54 %),0,0,0,0,0,49.05
22/03/2024,0,0,9.27(-0.32 %),0,0,0,0,0,49.05
25/03/2024,0,0,9.24(-0.32 %),0,0,0,0,-766700,1.27
26/03/2024,0,0,9.1(-1.52 %),0,0,0,0,0,49.05
27/03/2024,0,0,9.1(0.00 %),0,0,0,0,-766700,1.27
28/03/2024,0,0,9(-1.10 %),0,0,0,0,-766700,1.27
29/03/2024,0,0,9.06(0.67 %),0,0,0,0,-766700,1.27
01/04/2024,-800,-7280000,9.17(1.21 %),0,0,800,7280000,-766700,1.27
02/04/2024,0,0,9.19(0.22 %),0,0,0,0,0,49.05
03/04/2024,0,0,9.19(0.00 %),0,0,0,0,-765900,1.27
04/04/2024,0,0,9.11(-0.87 %),0,0,0,0,0,49.05
05/04/2024,0,0,9.15(0.44 %),0,0,0,0,-765900,1.27
08/04/2024,0,0,9.14(-0.11 %),0,0,0,0,0,49.05
09/04/2024,0,0,9.15(0.11 %),0,0,0,0,0,49.05
10/04/2024,0,0,9.15(0.00 %),0,0,0,0,0,49.05
11/04/2024,0,0,9.13(-0.22 %),0,0,0,0,-765900,1.27
12/04/2024,0,0,9.13(0.00 %),0,0,0,0,-765900,1.27
15/04/2024,0,0,9.12(-0.11 %),0,0,0,0,0,49.05
16/04/2024,0,0,9.05(-0.77 %),0,0,0,0,0,49.05
17/04/2024,0,0,9.05(0.00 %),0,0,0,0,0,49.05
19/04/2024,0,0,8.9(-1.66 %),0,0,0,0,0,49.05
22/04/2024,0,0,9(1.12 %),0,0,0,0,-765900,1.27
23/04/2024,0,0,9(0.00 %),0,0,0,0,-765900,1.27
24/04/2024,0,0,9(0.00 %),0,0,0,0,0,49.05
25/04/2024,0,0,9.08(0.89 %),0,0,0,0,0,49.05
26/04/2024,0,0,9.07(-0.11 %),0,0,0,0,-765900,1.27
02/05/2024,0,0,9.2(1.43 %),0,0,0,0,-765900,1.27
03/05/2024,0,0,9.22(0.22 %),0,0,0,0,-765900,1.27
06/05/2024,0,0,9.32(1.08 %),0,0,0,0,-765900,1.27
07/05/2024,-5800,-53940000,9.31(-0.11 %),0,0,5800,53940000,-7659,1.27
08/05/2024,0,0,9.26(-0.54 %),0,0,0,0,-765900,1.27
09/05/2024,0,0,9.21(-0.54 %),0,0,0,0,-760100,1.26
10/05/2024,0,0,9.3(0.98 %),0,0,0,0,-760100,1.26
13/05/2024,0,0,9.62(3.44 %),0,0,0,0,-760098,1.26
14/05/2024,0,0,9.6(-0.21 %),0,0,0,0,0,49.05
15/05/2024,0,0,9.43(-1.77 %),0,0,0,0,0,49.05
16/05/2024,0,0,9.46(0.32 %),0,0,0,0,0,49.05
17/05/2024,0,0,9.45(-0.11 %),0,0,0,0,-760098,1.26
20/05/2024,0,0,9.8(3.70 %),0,0,0,0,-760098,1.26
21/05/2024,0,0,9.6(-2.04 %),0,0,0,0,-760098,1.26
22/05/2024,0,0,9.68(0.83 %),0,0,0,0,-760098,1.26
23/05/2024,0,0,9.63(-0.52 %),0,0,0,0,-760098,1.26
24/05/2024,0,0,9.68(0.52 %),0,0,0,0,0,49.05
27/05/2024,0,0,9.69(0.10 %),0,0,0,0,-760098,1.26
28/05/2024,-3000,-29100000,9.73(0.41 %),0,0,3000,29100000,-760098,1.26
29/05/2024,0,0,9.94(2.16 %),0,0,0,0,-760098,1.26
30/05/2024,0,0,9.9(-0.40 %),0,0,0,0,-757098,1.25
31/05/2024,0,0,9.85(-0.51 %),0,0,0,0,-757098,1.25
03/06/2024,0,0,9.9(0.51 %),0,0,0,0,0,49.05
04/06/2024,0,0,10(1.01 %),0,0,0,0,0,49.05
05/06/2024,0,0,9.97(-0.30 %),0,0,0,0,0,49.05
06/06/2024,0,0,10.05(0.80 %),0,0,0,0,-757098,1.25
07/06/2024,0,0,10.05(0.00 %),0,0,0,0,-757098,1.25
10/06/2024,0,0,9.92(-1.29 %),0,0,0,0,0,49.05
11/06/2024,0,0,9.94(0.20 %),0,0,0,0,0,1.25
12/06/2024,0,0,9.94(0.00 %),0,0,0,0,-757098,1.25
13/06/2024,0,0,9.96(0.20 %),0,0,0,0,-757098,1.25
14/06/2024,0,0,9.95(-0.10 %),0,0,0,0,-757098,1.25
17/06/2024,0,0,10.15(2.01 %),0,0,0,0,-757098,1.25
18/06/2024,0,0,10.55(3.94 %),0,0,0,0,-757098,1.25
19/06/2024,0,0,10.9(3.32 %),0,0,0,0,-757098,1.25
20/06/2024,0,0,10.7(-1.83 %),0,0,0,0,-757098,1.25
21/06/2024,0,0,10.45(-2.34 %),0,0,0,0,-757098,1.25
24/06/2024,-300,-3135000,11.15(6.70 %),0,0,300,3135000,-757098,1.25
25/06/2024,0,0,11.1(-0.45 %),0,0,0,0,-757098,1.25
26/06/2024,0,0,10.35(-6.76 %),0,0,0,0,-756798,1.25
27/06/2024,0,0,10.2(-1.45 %),0,0,0,0,-756798,1.25
28/06/2024,0,0,9.98(-2.16 %),0,0,0,0,-756798,1.25
04/07/2024,0,0,10.2(0.00 %),0,0,0,0,0,0.0
05/07/2024,0,0,10.2(0.00 %),0,0,0,0,0,0.0
08/07/2024,-4600,-46380000,10(-1.96 %),0,0,4600,46380000,0,0.0
09/07/2024,0,0,10.2(2.00 %),0,0,0,0,0,0.0
10/07/2024,0,0,10.2(0.00 %),0,0,0,0,0,0.0
11/07/2024,0,0,10.1(-0.98 %),0,0,0,0,0,0.0
12/07/2024,-500,-5025000,10.1(0.00 %),0,0,500,5025000,0,0.0
15/07/2024,0,0,10.05(-0.50 %),0,0,0,0,0,0.0
16/07/2024,0,0,10.15(1.00 %),0,0,0,0,0,0.0
17/07/2024,0,0,10.05(-0.99 %),0,0,0,0,0,0.0
18/07/2024,0,0,10.05(0.00 %),0,0,0,0,0,0.0
19/07/2024,0,0,10.05(0.00 %),0,0,0,0,0,0.0
22/07/2024,0,0,9.94(-1.09 %),0,0,0,0,0,0.0
23/07/2024,0,0,9.9(-0.40 %),0,0,0,0,0,0.0
24/07/2024,0,0,9.87(-0.30 %),0,0,0,0,0,0.0
25/07/2024,0,0,9.84(-0.30 %),0,0,0,0,0,0.0
26/07/2024,0,0,9.79(-0.51 %),0,0,0,0,0,0.0
29/07/2024,0,0,9.87(0.82 %),0,0,0,0,0,0.0
30/07/2024,0,0,9.95(0.81 %),0,0,0,0,0,0.0
31/07/2024,0,0,9.91(-0.40 %),0,0,0,0,0,0.0
01/08/2024,0,0,9.85(-0.61 %),0,0,0,0,0,0.0
02/08/2024,0,0,9.85(0.00 %),0,0,0,0,0,0.0
05/08/2024,0,0,9.7(-1.52 %),0,0,0,0,0,0.0
06/08/2024,0,0,9.72(0.21 %),0,0,0,0,0,0.0
07/08/2024,0,0,9.72(0.00 %),0,0,0,0,0,0.0
08/08/2024,0,0,9.72(0.00 %),0,0,0,0,0,0.0
09/08/2024,0,0,9.8(0.82 %),0,0,0,0,0,0.0
12/08/2024,0,0,9.72(-0.82 %),0,0,0,0,0,0.0
13/08/2024,0,0,9.76(0.41 %),0,0,0,0,0,0.0
14/08/2024,0,0,9.79(0.31 %),0,0,0,0,0,0.0
15/08/2024,0,0,9.79(0.00 %),0,0,0,0,0,0.0
16/08/2024,0,0,9.85(0.61 %),0,0,0,0,0,0.0
19/08/2024,0,0,9.84(-0.10 %),0,0,0,0,0,0.0
20/08/2024,0,0,9.96(1.22 %),0,0,0,0,0,0.0
21/08/2024,0,0,9.91(-0.50 %),0,0,0,0,0,0.0
22/08/2024,0,0,9.97(0.61 %),0,0,0,0,0,0.0
23/08/2024,0,0,9.9(-0.70 %),0,0,0,0,0,0.0
26/08/2024,0,0,9.9(0.00 %),0,0,0,0,0,0.0
27/08/2024,0,0,9.9(0.00 %),0,0,0,0,0,0.0
28/08/2024,0,0,9.8(-1.01 %),0,0,0,0,0,0.0
29/08/2024,0,0,9.75(-0.51 %),0,0,0,0,0,0.0
30/08/2024,0,0,9.82(0.72 %),0,0,0,0,0,0.0
04/09/2024,0,0,9.69(-1.32 %),0,0,0,0,0,0.0
05/09/2024,0,0,9.63(-0.62 %),0,0,0,0,0,0.0
06/09/2024,0,0,9.59(-0.42 %),0,0,0,0,0,0.0
09/09/2024,0,0,9.62(0.31 %),0,0,0,0,0,0.0
10/09/2024,0,0,9.6(-0.21 %),0,0,0,0,0,0.0
11/09/2024,0,0,9.6(0.00 %),0,0,0,0,0,0.0
12/09/2024,0,0,9.64(0.42 %),0,0,0,0,0,0.0
13/09/2024,0,0,9.56(-0.83 %),0,0,0,0,0,0.0
16/09/2024,0,0,9.63(0.73 %),0,0,0,0,0,0.0
17/09/2024,0,0,9.65(0.21 %),0,0,0,0,0,0.0
18/09/2024,0,0,9.67(0.21 %),0,0,0,0,0,0.0
19/09/2024,0,0,9.68(0.10 %),0,0,0,0,0,0.0
20/09/2024,0,0,9.7(0.21 %),0,0,0,0,0,0.0
23/09/2024,0,0,9.61(-0.93 %),0,0,0,0,0,0.0
24/09/2024,0,0,9.67(0.62 %),0,0,0,0,0,0.0
25/09/2024,0,0,9.66(-0.10 %),0,0,0,0,0,0.0
26/09/2024,0,0,9.66(0.00 %),0,0,0,0,0,0.0
27/09/2024,0,0,9.7(0.41 %),0,0,0,0,0,0.0
30/09/2024,0,0,9.72(0.21 %),0,0,0,0,0,0.0
01/10/2024,-300,-2985000,9.9(1.85 %),0,0,300,2985000,0,0.0
02/10/2024,0,0,9.83(-0.71 %),0,0,0,0,0,0.0
03/10/2024,0,0,9.89(0.61 %),0,0,0,0,0,0.0
04/10/2024,0,0,9.88(-0.10 %),0,0,0,0,0,0.0
07/10/2024,0,0,10.05(1.72 %),0,0,0,0,0,0.0
08/10/2024,0,0,10(-0.50 %),0,0,0,0,0,0.0
09/10/2024,0,0,9.99(-0.10 %),0,0,0,0,0,0.0
10/10/2024,0,0,9.75(-2.40 %),0,0,0,0,0,0.0
11/10/2024,0,0,9.74(-0.10 %),0,0,0,0,0,0.0
14/10/2024,0,0,9.69(-0.51 %),0,0,0,0,0,0.0
15/10/2024,0,0,9.53(-1.65 %),0,0,0,0,0,0.0
16/10/2024,0,0,9.5(-0.31 %),0,0,0,0,0,0.0
17/10/2024,0,0,9.67(1.79 %),0,0,0,0,0,0.0
18/10/2024,0,0,9.65(-0.21 %),0,0,0,0,0,0.0
21/10/2024,0,0,10.15(5.18 %),0,0,0,0,0,0.0
22/10/2024,0,0,10.1(-0.49 %),0,0,0,0,0,0.0
23/10/2024,0,0,10.15(0.50 %),0,0,0,0,0,0.0
24/10/2024,0,0,10.85(6.90 %),0,0,0,0,0,0.0
25/10/2024,0,0,11.6(6.91 %),0,0,0,0,0,0.0
28/10/2024,0,0,12.3(6.03 %),0,0,0,0,0,0.0
29/10/2024,-100,-1255000,11.95(-2.85 %),0,0,100,1255000,0,0.0
30/10/2024,0,0,12.7(6.28 %),0,0,0,0,0,0.0
31/10/2024,-2000,-25400000,12.4(-2.36 %),0,0,2000,25400000,0,0.0
01/11/2024,0,0,13.25(6.85 %),0,0,0,0,0,0.0
04/11/2024,0,0,13.9(4.91 %),0,0,0,0,0,0.0
05/11/2024,0,0,13.55(-2.52 %),0,0,0,0,0,0.0
06/11/2024,0,0,13.3(-1.85 %),0,0,0,0,0,0.0
07/11/2024,0,0,13.2(-0.75 %),0,0,0,0,0,0.0
08/11/2024,0,0,13.1(-0.76 %),0,0,0,0,0,0.0
11/11/2024,0,0,13.45(2.67 %),0,0,0,0,0,0.0
12/11/2024,0,0,13.05(-2.97 %),0,0,0,0,-764723,1.27
13/11/2024,0,0,12.55(-3.83 %),0,0,0,0,0,0.0
14/11/2024,0,0,12.65(0.80 %),0,0,0,0,0,0.0
15/11/2024,0,0,12.25(-3.16 %),0,0,0,0,0,0.0
18/11/2024,0,0,11.9(-2.86 %),0,0,0,0,0,0.0
19/11/2024,0,0,12.2(2.52 %),0,0,0,0,0,0.0
20/11/2024,0,0,12.05(-1.23 %),0,0,0,0,0,0.0
21/11/2024,0,0,12.05(0.00 %),0,0,0,0,0,0.0
22/11/2024,-2700,-32535000,12.05(0.00 %),0,0,2700,32535000,0,0.0
25/11/2024,0,0,12.85(6.64 %),0,0,0,0,-749007,1.24
26/11/2024,0,0,12.9(0.39 %),0,0,0,0,-746307,1.24
27/11/2024,0,0,12.4(-3.88 %),0,0,0,0,-746307,1.24
28/11/2024,0,0,13(4.84 %),0,0,0,0,-746307,1.24
29/11/2024,0,0,12.8(-1.54 %),0,0,0,0,-746307,1.24
02/12/2024,0,0,12.7(-0.78 %),0,0,0,0,-746307,1.24
03/12/2024,0,0,12.9(1.57 %),0,0,0,0,-746307,1.24
04/12/2024,0,0,13.05(1.16 %),0,0,0,0,-746307,1.24
05/12/2024,-300,-3945000,13.15(0.77 %),0,0,300,3945000,-765034,1.24
09/12/2024,0,0,13.7(3.01 %),0,0,0,0,-764734,1.27
10/12/2024,-900,-12240000,13.35(-2.55 %),0,0,900,12240000,-764734,1.27
16/12/2024,0,0,13.15(-1.13 %),0,0,0,0,-763808,1.26
17/12/2024,-200,-2610000,12.9(-1.90 %),0,0,200,2610000,-763808,1.26
18/12/2024,0,0,12.85(-0.39 %),0,0,0,0,-763808,1.26
19/12/2024,0,0,12.9(0.39 %),0,0,0,0,-763608,1.26
20/12/2024,-1300,-17810000,13.75(6.59 %),0,0,1300,17810000,-763608,1.26
24/12/2024,0,0,13.85(0.36 %),0,0,0,0,-762214,1.26
25/12/2024,0,0,14.25(2.89 %),0,0,0,0,-760014,1.26
26/12/2024,0,0,15.2(6.67 %),0,0,0,0,-758714,1.26
27/12/2024,0,0,15.4(1.32 %),0,0,0,0,-758714,1.26
30/12/2024,0,0,14.35(-6.82 %),0,0,0,0,-758714,1.26
31/12/2024,0,0,13.35(-6.97 %),0,0,0,0,-758714,1.26
02/01/2025,0,0,13.25(-0.75 %),0,0,0,0,-758714,1.26
03/01/2025,0,0,12.65(-4.53 %),0,0,0,0,-758714,1.26
06/01/2025,0,0,12.65(0.00 %),0,0,0,0,-758714,1.26
07/01/2025,0,0,12.55(-0.79 %),0,0,0,0,0,1.26
08/01/2025,0,0,12.9(2.79 %),0,0,0,0,-758697,1.26
09/01/2025,0,0,12.65(-1.94 %),0,0,0,0,-758697,1.26
10/01/2025,0,0,12.65(0.00 %),0,0,0,0,-758697,1.26
13/01/2025,0,0,13.2(4.35 %),0,0,0,0,-758697,1.26
14/01/2025,0,0,13.15(-0.38 %),0,0,0,0,-758697,1.26
15/01/2025,0,0,13.7(4.18 %),0,0,0,0,-758697,1.26
16/01/2025,0,0,13.8(0.73 %),0,0,0,0,0,0.0
17/01/2025,0,0,14.3(3.62 %),0,0,0,0,-758697,1.26
20/01/2025,0,0,13.3(-6.99 %),0,0,0,0,-758697,1.26
21/01/2025,0,0,12.85(-3.38 %),0,0,0,0,-758697,1.26
22/01/2025,0,0,12.8(-0.39 %),0,0,0,0,-758697,1.26
23/01/2025,0,0,13.1(2.34 %),0,0,0,0,-758697,1.26
24/01/2025,0,0,13.1(0.00 %),0,0,0,0,-758697,1.26
03/02/2025,0,0,0(0.00 %),0,0,0,0,-758697,1.26
04/02/2025,0,0,11.35(-6.97 %),0,0,0,0,-758697,1.26
05/02/2025,0,0,11.7(3.08 %),0,0,0,0,-758697,1.26
06/02/2025,0,0,11.5(-1.71 %),0,0,0,0,-758697,1.26
07/02/2025,0,0,11.45(-0.43 %),0,0,0,0,-758697,1.26
10/02/2025,0,0,11.25(-1.75 %),0,0,0,0,-758697,1.26
11/02/2025,0,0,11.3(0.44 %),0,0,0,0,-758697,1.26
12/02/2025,0,0,11.4(0.88 %),0,0,0,0,-758697,1.26
13/02/2025,0,0,11.4(0.00 %),0,0,0,0,-758697,1.26
14/02/2025,-800,-9200000,11.4(0.00 %),0,0,800,9200000,-758697,1.26
17/02/2025,0,0,11.15(-2.19 %),0,0,0,0,-758697,1.26
18/02/2025,0,0,11.35(1.79 %),0,0,0,0,-757897,1.25
19/02/2025,-200,-2270000,11.4(0.44 %),0,0,200,2270000,-757897,1.25
20/02/2025,0,0,11.2(-1.75 %),0,0,0,0,-757897,1.25
21/02/2025,0,0,11.3(0.89 %),0,0,0,0,-757695,1.25
24/02/2025,0,0,11.25(-0.44 %),0,0,0,0,-757695,1.25
25/02/2025,0,0,11.3(0.44 %),0,0,0,0,-757695,1.25
26/02/2025,0,0,11.2(-0.88 %),0,0,0,0,-757695,1.25
27/02/2025,0,0,11.05(-1.34 %),0,0,0,0,-757695,1.25
28/02/2025,0,0,11.1(0.45 %),0,0,0,0,-757695,1.25
03/03/2025,0,0,11.15(0.45 %),0,0,0,0,-757695,1.25
04/03/2025,0,0,11.1(-0.45 %),0,0,0,0,-757695,1.25
05/03/2025,0,0,10.95(-1.35 %),0,0,0,0,-757695,1.25
06/03/2025,0,0,10.95(0.00 %),0,0,0,0,-757695,1.25
07/03/2025,0,0,11(0.46 %),0,0,0,0,-757695,1.25
10/03/2025,0,0,10.95(-0.45 %),0,0,0,0,-757695,1.25
11/03/2025,0,0,11(0.46 %),0,0,0,0,-757695,1.25
12/03/2025,0,0,10.95(-0.45 %),0,0,0,0,-757670,1.25
13/03/2025,0,0,10.95(0.00 %),0,0,0,0,-757670,1.25
14/03/2025,0,0,10.9(-0.46 %),0,0,0,0,-757670,1.25
17/03/2025,0,0,10.85(-0.46 %),0,0,0,0,-757670,1.25
18/03/2025,0,0,11.4(5.07 %),0,0,0,0,-757670,1.25
19/03/2025,0,0,11.35(-0.44 %),0,0,0,0,-757670,1.25
20/03/2025,0,0,11.2(-1.32 %),0,0,0,0,-757670,1.25
21/03/2025,0,0,10.95(-2.23 %),0,0,0,0,-757670,1.25
24/03/2025,0,0,11(0.46 %),0,0,0,0,-757670,1.25
25/03/2025,0,0,10.95(-0.45 %),0,0,0,0,-757670,1.25
26/03/2025,0,0,10.9(-0.46 %),0,0,0,0,-757670,1.25
27/03/2025,0,0,10.95(0.46 %),0,0,0,0,-757670,1.25
28/03/2025,0,0,10.9(-0.46 %),0,0,0,0,-757670,1.25
31/03/2025,0,0,10.8(-0.92 %),0,0,0,0,-757670,1.25
01/04/2025,0,0,10.9(0.93 %),0,0,0,0,-757670,1.25
02/04/2025,0,0,10.9(0.00 %),0,0,0,0,-757670,1.25
03/04/2025,-4300,-44995000,10.15(-6.88 %),0,0,4300,44995000,-757670,1.25
04/04/2025,0,0,9.87(-2.76 %),0,0,0,0,-757670,1.25
08/04/2025,0,0,9.2(-6.79 %),0,0,0,0,-753370,1.25
09/04/2025,0,0,9.2(0.00 %),0,0,0,0,-753370,1.25
10/04/2025,0,0,9.84(6.96 %),0,0,0,0,-753370,1.25
11/04/2025,0,0,9.9(0.61 %),0,0,0,0,-753370,1.25
14/04/2025,0,0,9.94(0.40 %),0,0,0,0,-753363,1.25
15/04/2025,0,0,9.94(0.00 %),0,0,0,0,-753363,1.25
16/04/2025,0,0,10(0.60 %),0,0,0,0,0,1.25
17/04/2025,0,0,10(0.00 %),0,0,0,0,0,1.25
18/04/2025,0,0,10.05(0.50 %),0,0,0,0,0,1.25
21/04/2025,0,0,9.99(-0.60 %),0,0,0,0,0,1.25
22/04/2025,0,0,9.82(-1.70 %),0,0,0,0,-753362,1.25
23/04/2025,0,0,9.89(0.71 %),0,0,0,0,-753362,1.25
24/04/2025,0,0,9.91(0.20 %),0,0,0,0,-753362,1.25
25/04/2025,0,0,9.89(-0.20 %),0,0,0,0,-753362,1.25
28/04/2025,0,0,9.95(0.61 %),0,0,0,0,-753362,1.25
29/04/2025,0,0,9.97(0.20 %),0,0,0,0,-753362,1.25
05/05/2025,0,0,9.9(-0.70 %),0,0,0,0,-753362,1.25
06/05/2025,0,0,10.1(2.02 %),0,0,0,0,-753362,1.25
07/05/2025,0,0,10.25(1.49 %),0,0,0,0,-753362,1.25
08/05/2025,0,0,10.2(-0.49 %),0,0,0,0,-753362,1.25
09/05/2025,0,0,10.9(6.86 %),0,0,0,0,-753362,1.25
12/05/2025,0,0,11.25(3.21 %),0,0,0,0,-753362,1.25
13/05/2025,0,0,11.15(-0.89 %),0,0,0,0,-753362,1.25
14/05/2025,0,0,11.2(0.45 %),0,0,0,0,-753362,1.25
15/05/2025,0,0,11.25(0.45 %),0,0,0,0,-753362,1.25
16/05/2025,0,0,11.4(1.33 %),0,0,0,0,-753362,1.25
19/05/2025,0,0,11.45(0.44 %),0,0,0,0,-753342,1.25
20/05/2025,0,0,11.6(1.31 %),0,0,0,0,-753342,1.25
21/05/2025,0,0,11.75(1.29 %),0,0,0,0,-753342,1.25
22/05/2025,0,-2370000,11.75(0.00 %),0,0,0,2370000,-753342,1.25
23/05/2025,0,0,11.75(4.44 %),0,0,0,0,-753342,1.25
26/05/2025,0,0,11.75(0.00 %),0,0,0,0,0,1.25
27/05/2025,0,0,11.85(0.85 %),0,0,0,0,0,1.25
28/05/2025,0,0,11.95(0.84 %),0,0,0,0,0,1.25
29/05/2025,0,0,12(0.42 %),0,0,0,0,-753132,1.25
30/05/2025,0,0,12.05(0.42 %),0,0,0,0,-753132,1.25
02/06/2025,0,-86812200,12.25(1.66 %),0,0,0,86812200,-753132,1.25
03/06/2025,0,0,12.3(0.41 %),0,0,0,0,-753132,1.25
04/06/2025,0,0,12.35(0.41 %),0,0,0,0,-745896,1.23
05/06/2025,0,0,12.45(0.81 %),0,0,0,0,-745896,1.23
06/06/2025,0,0,12.45(0.00 %),0,0,0,0,-745896,1.23
09/06/2025,0,0,12.45(0.00 %),0,0,0,0,-745896,1.23
10/06/2025,0,0,12.45(0.00 %),0,0,0,0,-745896,1.23
11/06/2025,0,0,12.45(0.00 %),0,0,0,0,-745893,1.23
12/06/2025,0,0,12.45(0.00 %),0,0,0,0,-745893,1.23
13/06/2025,0,0,12.45(0.00 %),0,0,0,0,-745893,1.23
16/06/2025,0,0,12.5(0.40 %),0,0,0,0,-745893,1.23
17/06/2025,0,0,12.45(-0.40 %),0,0,0,0,-745893,1.23
18/06/2025,0,0,12.4(-0.40 %),0,0,0,0,-745893,1.23
19/06/2025,0,0,12.35(-0.40 %),0,0,0,0,-745893,1.23
20/06/2025,0,0,12.35(0.00 %),0,0,0,0,-745893,1.23
23/06/2025,0,0,12.15(-1.62 %),0,0,0,0,-745893,1.23
24/06/2025,0,0,12.1(-0.41 %),0,0,0,0,-745893,1.23
25/06/2025,0,0,12.1(0.00 %),0,0,0,0,-745893,1.23
26/06/2025,0,0,12.2(0.83 %),0,0,0,0,-745893,1.23
27/06/2025,0,0,12.15(-0.41 %),0,0,0,0,-745893,1.23
30/06/2025,0,0,12.15(0.00 %),0,0,0,0,-745893,1.23
01/07/2025,0,0,12.1(-0.41 %),0,0,0,0,-745893,1.23
02/07/2025,0,0,12.15(0.41 %),0,0,0,0,-745893,1.23
03/07/2025,0,0,12.1(-0.41 %),0,0,0,0,-745893,1.23
04/07/2025,0,0,12.15(0.41 %),0,0,0,0,-745893,1.23
07/07/2025,0,0,12.2(0.41 %),0,0,0,0,-745893,1.23
08/07/2025,0,0,12.15(-0.41 %),0,0,0,0,-745893,1.23
09/07/2025,0,0,12.2(0.41 %),0,0,0,0,-745893,1.23
10/07/2025,0,0,12.15(-0.41 %),0,0,0,0,-745893,1.23
11/07/2025,0,0,12.2(0.41 %),0,0,0,0,-745893,1.23
14/07/2025,0,0,12.15(-0.41 %),0,0,0,0,-745893,1.23
15/07/2025,0,0,12.2(0.41 %),0,0,0,0,-745893,1.23
16/07/2025,0,0,12.2(0.00 %),0,0,0,0,-745893,1.23
17/07/2025,0,0,13(6.56 %),0,0,0,0,-745893,1.23
18/07/2025,0,0,12.8(-1.54 %),0,0,0,0,-745893,1.23
21/07/2025,0,0,12.25(-4.30 %),0,0,0,0,-745893,1.23
22/07/2025,0,0,12.6(2.86 %),0,0,0,0,-745893,1.23
23/07/2025,-7000,-87150000,12.45(-1.19 %),0,0,7000,87150000,-745885,1.23
24/07/2025,0,0,12.4(-0.40 %),0,0,0,0,-745885,1.23
25/07/2025,0,0,12.5(0.81 %),0,0,0,0,-738885,1.22
28/07/2025,0,0,12.5(0.00 %),0,0,0,0,-738885,1.22
29/07/2025,0,0,12.1(-3.20 %),0,0,0,0,-738885,1.22
30/07/2025,0,0,12.15(0.41 %),0,0,0,0,-738885,1.22
31/07/2025,0,0,12.2(0.41 %),0,0,0,0,-738885,1.22
01/08/2025,0,0,12.3(0.82 %),0,0,0,0,-738885,1.22
04/08/2025,0,0,12.5(1.63 %),0,0,0,0,-738885,1.22
05/08/2025,0,0,12.4(-0.80 %),0,0,0,0,-738885,1.22
06/08/2025,0,0,12.4(0.00 %),0,0,0,0,-738885,1.22
07/08/2025,0,0,12.5(0.81 %),0,0,0,0,-738885,1.22
08/08/2025,0,0,12.5(0.00 %),0,0,0,0,-738885,1.22
11/08/2025,0,0,12.4(-0.80 %),0,0,0,0,-738885,1.22
12/08/2025,0,0,12.4(0.00 %),0,0,0,0,-738885,1.22
13/08/2025,0,0,12.35(-0.40 %),0,0,0,0,-738885,1.22
14/08/2025,-100,-1230000,12.4(0.40 %),0,0,100,1230000,-738885,1.22
15/08/2025,0,0,12.4(0.00 %),0,0,0,0,-738885,1.22
18/08/2025,0,0,12.4(0.00 %),0,0,0,0,-738785,1.22
19/08/2025,0,0,12.4(0.00 %),0,0,0,0,-738785,1.22
20/08/2025,0,0,12.4(0.00 %),0,0,0,0,0,1.22
21/08/2025,0,0,12.3(-0.81 %),0,0,0,0,0,1.22
22/08/2025,0,0,12.3(0.00 %),0,0,0,0,0,1.22
25/08/2025,0,0,12.3(0.00 %),0,0,0,0,-738772,1.22
