Ngay,KLGDRong,GTDGRong,ThayDoi,KLMua,GtMua,KLBan,GtBan,RoomConLai,DangSoHuu
22/12/2008,0,0,0(0.00 %),0,0,0,0,0,0.0
23/12/2008,0,0,0(0.00 %),0,0,0,0,0,0.0
24/12/2008,0,0,0(0.00 %),0,0,0,0,0,0.0
25/12/2008,1800,99000000,0(0.00 %),1800,99000000,0,0,0,0.0
26/12/2008,6800,391000000,0(0.00 %),13300,764750000,6500,373750000,0,0.0
29/12/2008,1910,114600000,0(0.00 %),1910,114600000,0,0,0,0.0
30/12/2008,-1500,-94500000,0(0.00 %),6500,409500000,8000,504000000,0,0.0
31/12/2008,2160,139580000,0(0.00 %),2640,171020000,480,31440000,0,0.0
02/01/2009,36100,2173000000,0(0.00 %),36100,2173000000,0,0,57492269,17.03
05/01/2009,15520,884640000,61(1.67 %),15520,884640000,0,0,57476749,17.04
06/01/2009,28910,1743185000,61(0.00 %),29150,1757705000,240,14520000,57447839,17.05
07/01/2009,30500,1885500000,61(0.00 %),30500,1885500000,0,0,57417339,17.07
08/01/2009,48880,2939480000,60(-1.64 %),48880,2939480000,0,0,57368459,17.1
09/01/2009,5450,331775000,61(1.67 %),5850,355575000,400,23800000,57363009,17.1
12/01/2009,1100,67000000,60.5(-0.82 %),2500,151000000,1400,84000000,57361909,17.1
13/01/2009,10900,647500000,59.5(-1.65 %),10900,647500000,0,0,57351009,17.11
14/01/2009,10120,598580000,60(0.84 %),10120,598580000,0,0,57340889,17.11
15/01/2009,0,0,59(-1.67 %),0,0,0,0,57340889,17.11
16/01/2009,2820,166430000,60(1.69 %),2820,166430000,0,0,57338069,17.11
19/01/2009,0,0,60(0.00 %),0,0,0,0,57338069,17.11
20/01/2009,0,0,60(0.00 %),40000,2280000000,40000,2280000000,57338069,17.11
21/01/2009,9000,540000000,60(0.00 %),9000,540000000,0,0,57329069,17.12
22/01/2009,10560,634150000,60.5(0.83 %),10560,634150000,0,0,57318509,17.12
23/01/2009,6450,389730000,60.5(0.00 %),6450,389730000,0,0,57312059,17.13
02/02/2009,5460,327700000,60(-0.83 %),14440,866500000,8980,538800000,57306599,17.13
03/02/2009,14900,886850000,59(-1.67 %),16400,976100000,1500,89250000,57291699,17.14
04/02/2009,4910,287040000,58(-1.69 %),5000,292350000,90,5310000,57286789,17.14
05/02/2009,18000,1019500000,55.5(-4.31 %),18000,1019500000,0,0,57268789,17.15
06/02/2009,5200,287250000,56(0.90 %),5200,287250000,0,0,57263589,17.15
09/02/2009,3610,210140000,58.5(4.46 %),3610,210140000,0,0,57259979,17.16
10/02/2009,6580,380265000,58(-0.85 %),6580,380265000,0,0,57253399,17.16
11/02/2009,3000,175750000,58(0.00 %),7000,403750000,4000,228000000,57250399,17.16
12/02/2009,97700,5875465000,60.5(4.31 %),107810,6470650000,10110,595185000,57152699,17.22
13/02/2009,0,0,58.5(-3.31 %),0,0,0,0,57152699,17.22
16/02/2009,0,0,58(-0.85 %),0,0,0,0,57152699,17.22
17/02/2009,-1980,-112850000,56(-3.45 %),20,1150000,2000,114000000,57154679,17.21
18/02/2009,1650,89700000,54(-3.57 %),1850,100700000,200,11000000,57153029,17.22
19/02/2009,-13820,-729250000,53.5(-0.93 %),4200,226800000,18020,956050000,57166849,17.21
20/02/2009,1200,63000000,52.5(-1.87 %),3000,157500000,1800,94500000,57165649,17.21
23/02/2009,-12170,-618380000,50(-4.76 %),700,36300000,12870,654680000,57177819,17.2
24/02/2009,700,33200000,47.5(-5.00 %),2700,129200000,2000,96000000,57177119,17.2
25/02/2009,0,0,49.8(4.84 %),0,0,0,0,57177119,17.2
26/02/2009,40,2453000,51(2.41 %),1100,55800000,1060,53347000,57177079,17.2
27/02/2009,2920,146000000,52(1.96 %),2920,146000000,0,0,57174159,17.2
02/03/2009,-14070,-707165000,52(1.96 %),1250,63230000,15320,770395000,57188229,17.2
03/03/2009,-140,-6890000,48.5(-3.96 %),0,0,140,6890000,57188369,17.2
04/03/2009,120,6000000,50(3.09 %),120,6000000,0,0,57188249,17.2
05/03/2009,-9620,-500540000,51.5(3.00 %),320,16340000,9940,516880000,57197869,17.19
06/03/2009,3450,177150000,51.5(0.00 %),3450,177150000,0,0,57194419,17.19
09/03/2009,420,22680000,54(4.85 %),720,38880000,300,16200000,57193999,17.19
10/03/2009,-33130,-1799020000,54(0.00 %),40,2160000,33170,1801180000,57227129,17.17
11/03/2009,1800,97200000,54(0.00 %),1800,97200000,0,0,57225329,17.18
12/03/2009,220,11430000,54(0.00 %),300,15750000,80,4320000,57225109,17.18
13/03/2009,920,48760000,53(-1.85 %),920,48760000,0,0,57224189,17.18
16/03/2009,7650,405335000,53(0.00 %),7650,405335000,0,0,57216539,17.18
17/03/2009,1660,88890000,54(1.89 %),1700,91050000,40,2160000,57214879,17.18
18/03/2009,4630,257440000,55(1.85 %),4630,257440000,0,0,57210249,17.18
19/03/2009,290,15470000,54(-1.82 %),290,15470000,0,0,57209959,17.18
20/03/2009,-130,-7305000,54(0.00 %),400,21300000,530,28605000,57210089,17.18
23/03/2009,2260,121400000,52.5(-2.78 %),2260,121400000,0,0,57207829,17.19
24/03/2009,19880,1074030000,52.5(0.00 %),19880,1074030000,0,0,57187949,17.2
25/03/2009,25960,1378250000,53(0.95 %),26970,1431785000,1010,53535000,57161989,17.21
26/03/2009,7000,374000000,53(0.00 %),7000,374000000,0,0,57154989,17.21
27/03/2009,14280,758160000,53(0.00 %),14280,758160000,0,0,57140709,17.22
30/03/2009,9190,482975000,52.5(-0.94 %),9190,482975000,0,0,57131519,17.23
31/03/2009,-43000,-2199100000,54(2.86 %),3380,169672000,46380,2368772000,57174519,17.2
01/04/2009,500,26500000,53.5(-0.93 %),500,26500000,0,0,57174019,17.2
02/04/2009,3800,204650000,53.5(0.00 %),3800,204650000,0,0,57170219,17.21
03/04/2009,-9690,-532900000,56(4.67 %),400,21800000,10090,554700000,57179909,17.2
07/04/2009,30020,1756170000,58.5(4.46 %),30020,1756170000,0,0,57149889,17.22
08/04/2009,1400,66575000,59(0.85 %),22800,1351475000,21400,1284900000,57148489,17.22
09/04/2009,700,43050000,61.5(4.24 %),700,43050000,0,0,57147789,17.22
10/04/2009,2790,179955000,64.5(4.88 %),3290,212205000,500,32250000,57144999,17.22
13/04/2009,68780,4642650000,67.5(4.65 %),68780,4642650000,0,0,57076219,17.26
14/04/2009,-84990,-5853060000,70(3.70 %),10560,731615000,95550,6584675000,57161209,17.21
15/04/2009,76220,5080425000,66.5(-5.00 %),76820,5120575000,600,40150000,57084989,17.25
16/04/2009,75600,4845600000,63.5(-4.51 %),75600,4845600000,0,0,57009389,17.3
17/04/2009,28090,1699445000,60.5(-4.72 %),28090,1699445000,0,0,56981299,17.31
20/04/2009,6890,396175000,57.5(-4.96 %),6890,396175000,0,0,56974409,17.31
21/04/2009,11200,616000000,55(-4.35 %),11200,616000000,0,0,56963209,17.32
22/04/2009,10430,576615000,57(3.64 %),26430,1458615000,16000,882000000,56952779,17.33
23/04/2009,32850,1809275000,54.5(-4.39 %),44250,2431225000,11400,621950000,56919929,17.35
24/04/2009,10910,617375000,57(4.59 %),10910,617375000,0,0,56909019,17.35
27/04/2009,-7120,-409285000,58(1.75 %),1880,105280000,9000,514565000,56916139,17.35
28/04/2009,-2000,-114600000,58(0.00 %),100,5700000,2100,120300000,56918139,17.35
29/04/2009,-82000,-4688500000,58(0.00 %),0,0,82000,4688500000,57000139,17.3
04/05/2009,-1000,-60500000,60.5(4.31 %),0,0,1000,60500000,57001139,17.3
05/05/2009,-43630,-2773440000,62.5(3.31 %),15370,973060000,59000,3746500000,57044769,17.28
06/05/2009,6440,385295000,59.5(-4.80 %),11200,671405000,4760,286110000,57038329,17.28
07/05/2009,14190,856955000,60(0.84 %),24190,1456955000,10000,600000000,57024139,17.29
08/05/2009,4820,285195000,59(-1.67 %),4820,285195000,0,0,57019319,17.29
11/05/2009,-63490,-3739730000,58.5(-0.85 %),4550,267140000,68040,4006870000,57082809,17.25
12/05/2009,-43280,-2551750000,59(0.85 %),17010,999070000,60290,3550820000,57126089,17.23
13/05/2009,-17250,-1009075000,58.5(-0.85 %),6550,384125000,23800,1393200000,57143339,17.22
14/05/2009,-3840,-220900000,57.5(-1.71 %),0,0,3840,220900000,57147179,17.22
15/05/2009,-116760,-6957115000,60(4.35 %),99640,5943585000,216400,12900700000,57263939,17.15
18/05/2009,77760,4669280000,60(0.00 %),109830,6593980000,32070,1924700000,57186179,17.2
19/05/2009,-29300,-1773950000,60(0.00 %),40700,2461050000,70000,4235000000,57215479,17.18
20/05/2009,1580,93775000,60(0.00 %),1580,93775000,0,0,57213899,17.18
21/05/2009,-195140,-12288900000,62.5(4.17 %),6600,392400000,201740,12681300000,57409039,17.07
22/05/2009,-17870,-1127235000,60(-4.00 %),3330,203265000,21200,1330500000,57426909,17.06
25/05/2009,-161000,-10056000000,62.5(4.17 %),37000,2311500000,198000,12367500000,57587909,16.97
26/05/2009,77180,4875410000,64(2.40 %),315380,19974250000,238200,15098840000,57510729,17.02
27/05/2009,-1786940,-119684980000,67(4.69 %),8860,593620000,1795800,120278600000,59297669,16.02
28/05/2009,-69100,-4465150000,64(-4.48 %),1000,64000000,70100,4529150000,59366769,15.98
29/05/2009,-103120,-6334370000,61.5(-3.91 %),36960,2260240000,140080,8594610000,59469889,15.93
01/06/2009,22610,1384960000,63(2.44 %),103610,6467960000,81000,5083000000,59447279,15.94
02/06/2009,-59980,-3772360000,62(-1.59 %),14010,897510000,73990,4669870000,59507259,15.91
03/06/2009,-171500,-10927250000,64(3.23 %),129600,8137150000,301100,19064400000,59678759,15.81
04/06/2009,-451500,-30145500000,67(4.69 %),0,0,451500,30145500000,60130259,15.56
05/06/2009,-1174700,-82230020000,70(4.48 %),24000,1678980000,1198700,83909000000,61304959,14.91
08/06/2009,-114650,-8426775000,73.5(5.00 %),24850,1826475000,139500,10253250000,61419609,14.84
09/06/2009,-40490,-3004800000,76(3.40 %),55300,4176350000,95790,7181150000,61460099,14.82
10/06/2009,-43450,-3149375000,72.5(-4.61 %),7050,511875000,50500,3661250000,61503549,14.8
11/06/2009,-181440,-13226350000,72.5(0.00 %),20560,1506150000,202000,14732500000,61684989,14.7
12/06/2009,-50500,-3964250000,72.5(0.00 %),53250,3911750000,103750,7876000000,61735489,14.67
15/06/2009,83040,5733125000,69(-4.83 %),135900,9415000000,52860,3681875000,61652449,14.71
16/06/2009,337550,22336300000,67(-2.90 %),364750,24133500000,27200,1797200000,61314899,14.9
17/06/2009,-7400,-518150000,70(4.48 %),1600,111850000,9000,630000000,61322299,14.9
18/06/2009,8080,594090000,73.5(5.00 %),11680,857140000,3600,263050000,61314219,14.9
19/06/2009,177000,13068800000,74(0.68 %),177000,13068800000,0,0,61137219,15.0
22/06/2009,147070,10412560000,71(-4.05 %),147070,10412560000,0,0,60990149,15.08
23/06/2009,245300,16703050000,68(-4.23 %),245700,16730050000,400,27000000,60744849,15.22
24/06/2009,17700,1256700000,71(4.41 %),27700,1966700000,10000,710000000,60727149,15.23
25/06/2009,465300,34314550000,72(1.41 %),516300,38113050000,51000,3798500000,60261849,15.49
26/06/2009,98730,7108330000,72.5(0.69 %),101730,7322830000,3000,214500000,60163119,15.54
29/06/2009,112910,8102020000,71.5(-1.38 %),112910,8102020000,0,0,60050209,15.6
30/06/2009,357480,24842685000,68(-4.90 %),392350,27263585000,34870,2420900000,59692729,15.8
01/07/2009,376490,24458860000,65(-4.41 %),474830,30864100000,98340,6405240000,59316239,16.01
02/07/2009,800,52100000,66.5(2.31 %),1300,84850000,500,32750000,59315439,16.01
03/07/2009,20680,1374895000,67.5(1.50 %),20680,1374895000,0,0,59294759,16.02
06/07/2009,13700,940150000,70.5(4.44 %),13700,940150000,0,0,59137159,16.11
07/07/2009,130200,9113750000,70(-0.71 %),130200,9113750000,0,0,59150859,16.1
08/07/2009,110680,7727165000,70(0.00 %),111680,7797165000,1000,70000000,59040179,16.17
09/07/2009,202000,14200000000,73(4.29 %),202000,14200000000,0,0,58838179,16.28
10/07/2009,56120,4065310000,71.5(-2.05 %),56120,4065310000,0,0,58782059,16.31
13/07/2009,62950,4549330000,72(0.70 %),77950,5659330000,15000,1110000000,58719109,16.34
14/07/2009,8150,578700000,71(-1.39 %),10150,720700000,2000,142000000,58710959,16.35
15/07/2009,103850,7388210000,70.5(-0.70 %),103850,7388210000,0,0,58607109,16.41
16/07/2009,6240,435870000,70(-0.71 %),24080,1688940000,17840,1253070000,58600869,16.41
17/07/2009,120330,8379130000,69.5(-0.71 %),120330,8379130000,0,0,58480539,16.48
20/07/2009,243880,16441395000,67(-3.60 %),293880,19796865000,50000,3355470000,58236659,16.61
21/07/2009,175730,12010345000,69(2.99 %),175730,12010345000,0,0,58060929,16.71
22/07/2009,173910,12040050000,69(0.00 %),173910,12040050000,0,0,57887019,16.81
23/07/2009,254400,17823100000,71.5(3.62 %),254400,17823100000,0,0,57632619,16.95
24/07/2009,213670,16023950000,75(4.90 %),213670,16023950000,0,0,57418949,17.07
27/07/2009,272070,20461830000,75(0.00 %),272370,20484330000,300,22500000,57146879,17.22
28/07/2009,227380,16639430000,72.5(-3.33 %),258880,18939680000,31500,2300250000,56919499,17.35
29/07/2009,247400,17772740000,71.5(-1.38 %),254140,18256770000,6740,484030000,56672099,17.48
30/07/2009,80410,5700475000,71(-0.70 %),126070,8896675000,45660,3196200000,56591689,17.53
31/07/2009,252390,18237425000,73(2.82 %),252390,18237425000,0,0,56339299,17.67
03/08/2009,117850,8497040000,72(-1.37 %),118510,8544560000,660,47520000,56221449,17.73
04/08/2009,211500,15296250000,72.5(0.69 %),211500,15296250000,0,0,56009949,17.85
05/08/2009,91710,6678200000,73(0.69 %),99910,7274300000,8200,596100000,55918239,17.9
06/08/2009,190650,14100600000,73.5(0.68 %),190650,14100600000,0,0,55727589,18.01
07/08/2009,27180,1999495000,73.5(0.00 %),27180,1999495000,0,0,55700409,18.02
10/08/2009,-5240,-387710000,75(2.04 %),4760,352290000,10000,740000000,55705649,18.02
11/08/2009,101380,7577175000,75(0.00 %),102250,7641990000,870,64815000,55604269,18.08
12/08/2009,72090,5441250000,76(1.33 %),73090,5516250000,1000,75000000,55532179,18.12
13/08/2009,13470,1062630000,79.5(4.61 %),14470,1141630000,1000,79000000,55518709,18.12
14/08/2009,74360,6014435000,81(1.89 %),132950,10812275000,58590,4797840000,55444349,18.17
17/08/2009,5900,475330000,79.5(-1.85 %),7900,638330000,2000,163000000,55438449,18.17
18/08/2009,25400,2020000000,79.5(0.00 %),30000,2385000000,4600,365000000,55413049,18.18
19/08/2009,2820,230710000,82(3.14 %),2840,232350000,20,1640000,55410229,18.18
20/08/2009,5920,511760000,84.5(3.05 %),26620,2246260000,20700,1734500000,55404309,18.19
21/08/2009,104280,8972390000,87(2.96 %),144280,12419730000,40000,3447340000,55300029,18.25
24/08/2009,15130,1326860000,91(4.60 %),125630,11299860000,110500,9973000000,55284899,18.25
25/08/2009,279710,24831095000,88.5(-2.75 %),281710,25008095000,2000,177000000,54764699,18.54
26/08/2009,240490,21218385000,88(-0.56 %),243010,21441595000,2520,223210000,55044409,18.39
27/08/2009,49830,4364415000,88(0.00 %),75030,6587015000,25200,2222600000,54994579,18.42
28/08/2009,1380,-65960000,92(4.55 %),120350,10821450000,118970,10887410000,54993199,18.42
31/08/2009,1854570,168965355000,96.5(4.89 %),1963260,179447595000,108690,10482240000,53138629,19.45
01/09/2009,312930,30901175000,101(4.66 %),315930,31200975000,3000,299800000,52825699,19.62
03/09/2009,374900,38906640000,105(3.96 %),387100,40187040000,12200,1280400000,52450799,19.83
04/09/2009,222730,22468150000,100(-4.76 %),222930,22489150000,200,21000000,52228069,19.95
07/09/2009,52050,5000165000,99.5(-0.50 %),57600,5557565000,5550,557400000,52176019,19.98
08/09/2009,-19910,-2031020000,101(1.51 %),120,12040000,20030,2043060000,52195929,19.97
09/09/2009,1550,157500000,100(-0.99 %),1550,157500000,0,0,52194379,19.97
10/09/2009,-46300,-4874400000,105(5.00 %),5800,596100000,52100,5470500000,52240679,19.95
11/09/2009,-1680,-207120000,110(4.76 %),28320,3092880000,30000,3300000000,52242359,19.95
14/09/2009,-49550,-5698250000,115(4.55 %),20000,2300000000,69550,7998250000,52291909,19.92
15/09/2009,-101590,-12189840000,120(4.35 %),4070,484360000,105660,12674200000,52393499,19.86
16/09/2009,27250,3200450000,115(-4.17 %),36780,4314260000,9530,1113810000,52366249,19.88
17/09/2009,73190,8517450000,119(3.48 %),74390,8655450000,1200,138000000,52293059,19.92
18/09/2009,82920,9945630000,123(3.36 %),83820,10053230000,900,107600000,52210139,19.96
21/09/2009,39020,5003120000,129(4.88 %),58820,7537020000,19800,2533900000,52171119,19.99
22/09/2009,55480,7288870000,132(2.33 %),55480,7288870000,0,0,52115639,20.02
23/09/2009,58780,7513600000,126(-4.55 %),62960,8054360000,4180,540760000,52056859,20.05
24/09/2009,-38150,-4679540000,123(-2.38 %),57900,7080760000,96050,11760300000,52095009,20.03
25/09/2009,750,7727000,124(0.81 %),750,7727000,0,0,52094259,32.56
28/09/2009,5000,52500000,121(-2.42 %),5000,52500000,0,0,52070849,32.57
29/09/2009,-563560,-70989060000,127(4.96 %),1730,216810000,565290,71205870000,52591319,19.75
30/09/2009,87700,11134880000,126(-0.79 %),107760,13659380000,20060,2524500000,52503619,19.8
01/10/2009,47390,5878240000,124(-1.59 %),78090,9685740000,30700,3807500000,52456229,19.83
02/10/2009,-44080,-5247400000,120(-3.23 %),1620,194400000,45700,5441800000,52500309,19.8
05/10/2009,-145480,-17249850000,120(0.00 %),3710,436760000,149190,17686610000,52645789,19.72
06/10/2009,-1910,-235720000,118(-1.67 %),3900,469100000,5810,704820000,52647699,19.72
07/10/2009,9050,1081800000,121(2.54 %),11050,1321800000,2000,240000000,52638649,19.73
08/10/2009,56610,6833340000,121(0.00 %),58210,7025340000,1600,192000000,52582039,19.76
09/10/2009,51660,6331080000,123(1.65 %),52190,6396270000,530,65190000,52530379,19.79
12/10/2009,35580,4461220000,127(3.25 %),36600,4592800000,1020,131580000,52494799,19.81
13/10/2009,127650,16046200000,124(-2.36 %),129150,16234800000,1500,188600000,52367149,19.88
14/10/2009,116520,14448480000,124(0.00 %),119720,14845280000,3200,396800000,52250629,19.94
15/10/2009,251550,31467680000,125(0.81 %),253490,31710180000,1940,242500000,51999079,20.08
16/10/2009,5640,700560000,123(-1.60 %),5840,725560000,200,25000000,51910649,20.13
19/10/2009,38060,4712720000,126(2.44 %),39130,4845600000,1070,132880000,51955379,20.11
20/10/2009,-163870,-21754610000,132(4.76 %),39870,5124070000,203740,26878680000,52119249,20.01
21/10/2009,36670,4899400000,132(0.00 %),38170,5096400000,1500,197000000,52082579,20.04
22/10/2009,65700,8535600000,131(-0.76 %),66350,8619150000,650,83550000,52016879,20.07
23/10/2009,21460,2767320000,125(-4.58 %),21460,2767320000,0,0,51995419,20.08
26/10/2009,79130,9668800000,122(-2.40 %),83220,10168050000,4090,499250000,51916289,20.13
27/10/2009,39660,4732400000,120(-1.64 %),41960,5008400000,2300,276000000,51876629,20.15
28/10/2009,18670,2251700000,121(0.83 %),25960,3140080000,7290,888380000,51857959,20.16
29/10/2009,-68160,-7950600000,119(-1.65 %),49520,5869830000,117680,13820430000,51926119,20.12
30/10/2009,25840,3182990000,119(0.00 %),82840,10022990000,57000,6840000000,51900279,20.14
02/11/2009,69510,7924140000,114(-4.20 %),69510,7924140000,0,0,51830769,20.18
03/11/2009,72210,7926900000,109(-4.39 %),77610,8520300000,5400,593400000,51758559,20.22
04/11/2009,8580,932040000,110(0.92 %),19920,2170760000,11340,1238720000,51749979,20.22
05/11/2009,-3010,-333460000,113(2.73 %),1670,183640000,4680,517100000,51752989,20.22
06/11/2009,-33680,-2662555000,79(5.33 %),185770,14673995000,219450,17336550000,51786669,20.2
09/11/2009,51320,3883750000,75.5(-4.43 %),51820,3922500000,500,38750000,51735349,29.76
10/11/2009,25360,1861640000,72(-4.64 %),75360,5482615000,50000,3620975000,51709989,29.77
11/11/2009,151830,10968200000,73.5(2.08 %),151830,10968200000,0,0,51558159,29.83
12/11/2009,-147830,-10878975000,73(-0.68 %),77670,5781125000,225500,16660100000,51705989,29.78
13/11/2009,60790,4370195000,72(-1.37 %),60790,4370195000,0,0,51645199,29.8
16/11/2009,13650,986650000,71(-1.39 %),15150,1095750000,1500,109100000,51631549,29.8
17/11/2009,43710,3138410000,71.5(0.70 %),62750,4490250000,19040,1351840000,51587839,29.82
18/11/2009,-59820,-4599390000,75(4.90 %),40180,2900610000,100000,7500000000,51647659,29.8
19/11/2009,-18980,-1502930000,78.5(4.67 %),61500,4814750000,80480,6317680000,51666639,29.79
20/11/2009,161240,12462710000,76(-3.18 %),205740,15872650000,44500,3409940000,51505399,29.85
23/11/2009,6390,472680000,72.5(-4.61 %),9310,691680000,2920,219000000,51499009,29.85
24/11/2009,37030,2624040000,71(-2.07 %),55500,3972350000,18470,1348310000,51461979,29.87
25/11/2009,99430,6737690000,67.5(-4.93 %),102430,6940190000,3000,202500000,51362549,29.9
26/11/2009,277450,17895525000,64.5(-4.44 %),414250,26719125000,136800,8823600000,51085099,30.01
27/11/2009,-18440,-1331190000,65(0.78 %),181360,11683940000,199800,13015130000,51103539,30.0
30/11/2009,-4710,-301915000,67.5(3.85 %),25290,1680335000,30000,1982250000,51108249,30.0
01/12/2009,67710,4643965000,68(0.74 %),68710,4713465000,1000,69500000,51040539,30.02
02/12/2009,83770,5510720000,65(-4.41 %),83770,5510720000,0,0,50956769,30.05
03/12/2009,42800,2712300000,64(-1.54 %),45800,2904300000,3000,192000000,50913969,30.07
04/12/2009,195940,12694035000,65(1.56 %),195940,12694035000,0,0,50718029,30.25
07/12/2009,192400,12846250000,68(4.62 %),192400,12846250000,0,0,50525629,30.32
08/12/2009,186770,12488600000,66.5(-2.21 %),207770,13880500000,21000,1391900000,50338859,30.39
09/12/2009,180840,11521635000,64(-3.76 %),182640,11637585000,1800,115950000,50158019,30.45
10/12/2009,94970,5817790000,61(-4.69 %),106950,6576750000,11980,758960000,50063049,30.49
11/12/2009,59550,3483425000,58(-4.92 %),104050,6074675000,44500,2591250000,50003499,30.51
14/12/2009,1770,90160000,60.5(4.31 %),16870,996210000,15100,906050000,50001729,30.51
15/12/2009,603470,37471690000,62.5(3.31 %),665400,41301920000,61930,3830230000,49398259,30.74
16/12/2009,446280,27632345000,59.5(-4.80 %),536990,33201975000,90710,5569630000,48951979,30.9
17/12/2009,193800,11330150000,60(0.84 %),398440,23289130000,204640,11958980000,48758179,30.97
18/12/2009,470,-81960000,63(5.00 %),536820,33642740000,536350,33724700000,48757709,30.97
21/12/2009,100050,6592800000,66(4.76 %),100800,6642300000,750,49500000,48657659,31.01
22/12/2009,413890,28409330000,69(4.55 %),524070,36011725000,110180,7602395000,48243769,31.16
23/12/2009,180970,12962530000,72(4.35 %),233770,16761330000,52800,3798800000,48062799,31.23
24/12/2009,271950,19703405000,73(1.39 %),299930,21715095000,27980,2011690000,47790849,31.33
25/12/2009,137520,10398495000,76.5(4.79 %),158980,12014140000,21460,1615645000,47653329,31.38
28/12/2009,292080,22177975000,76.5(0.00 %),298080,22630975000,6000,453000000,47361249,31.49
29/12/2009,189340,14106150000,74(-3.27 %),208130,15526175000,18790,1420025000,47171909,31.56
30/12/2009,317300,22829225000,77(4.05 %),340620,24599875000,23320,1770650000,46854609,31.68
31/12/2009,-12150,-951925000,78(1.30 %),8150,636775000,20300,1588700000,46866759,31.67
04/01/2010,65990,5353495000,81.5(4.49 %),108990,8857995000,43000,3504500000,46800769,31.7
05/01/2010,-10310,-882005000,85.5(4.91 %),83070,7101985000,93380,7983990000,46811079,31.69
06/01/2010,-31930,-2722385000,84.5(-1.17 %),29470,2501085000,61400,5223470000,46843009,31.68
07/01/2010,-88800,-7381065000,82.5(-2.37 %),73410,6139440000,162210,13520505000,46931809,31.65
08/01/2010,106480,8648920000,80(-3.03 %),166030,13483520000,59550,4834600000,46825329,31.69
11/01/2010,-15490,-1204665000,78.5(-1.88 %),41510,3269835000,57000,4474500000,46840819,31.68
12/01/2010,106770,8425560000,77(-1.91 %),114770,9044560000,8000,619000000,46734049,31.72
13/01/2010,76420,5909005000,80.5(4.55 %),97680,7536945000,21260,1627940000,46657629,31.75
14/01/2010,42010,3410955000,82(1.86 %),77010,6268445000,35000,2857490000,46615619,31.76
15/01/2010,270570,21963290000,81.5(-0.61 %),271620,22048340000,1050,85050000,46345049,31.86
18/01/2010,77670,6150440000,77.5(-4.91 %),78170,6189690000,500,39250000,46267379,31.89
19/01/2010,67140,5317645000,80.5(3.87 %),77740,6156495000,10600,838850000,46200239,31.92
20/01/2010,60000,4763720000,79.5(-1.24 %),60500,4803470000,500,39750000,46140239,31.94
21/01/2010,176970,13936155000,77.5(-2.52 %),226670,17801555000,49700,3865400000,45963269,32.01
22/01/2010,85170,6586885000,78.5(1.29 %),118670,9172685000,33500,2585800000,45878099,32.04
25/01/2010,30170,2335590000,78(-0.64 %),30770,2381790000,600,46200000,45847929,32.05
26/01/2010,176400,14204645000,81.5(4.49 %),180600,14540895000,4200,336250000,45671529,32.11
27/01/2010,71970,5769120000,79(-3.07 %),79960,6411430000,7990,642310000,45599559,32.14
28/01/2010,53210,4150080000,78(-1.27 %),63700,4968600000,10490,818520000,45546349,32.16
29/01/2010,80320,6257260000,79(1.28 %),111560,8704980000,31240,2447720000,45466029,32.19
01/02/2010,73200,5838600000,80(1.27 %),73200,5838600000,0,0,45392829,32.22
02/02/2010,136100,10940040000,80(0.00 %),136100,10940040000,0,0,45256729,32.27
03/02/2010,239570,19267385000,80(0.00 %),273970,22036385000,34400,2769000000,45017159,32.36
04/02/2010,153990,12410790000,81(1.25 %),168990,13618290000,15000,1207500000,44863169,32.41
05/02/2010,193760,15467790000,80(-1.23 %),228810,18275540000,35050,2807750000,44669409,32.48
08/02/2010,81230,6485800000,80(0.00 %),153880,12280050000,72650,5794250000,44588179,32.51
09/02/2010,163450,13025950000,80(0.00 %),165500,13189700000,2050,163750000,44424729,32.57
10/02/2010,17810,1420070000,80(0.00 %),29810,2377070000,12000,957000000,44406919,32.58
11/02/2010,-1690,-136700000,80(0.00 %),38310,3063300000,40000,3200000000,44408609,32.58
12/02/2010,49310,3961915000,80.5(0.62 %),59660,4795840000,10350,833925000,44359299,32.6
22/02/2010,36170,2959970000,82(1.86 %),94250,7674530000,58080,4714560000,44323129,32.61
23/02/2010,-13140,-1083880000,79.5(-3.05 %),27070,2168340000,40210,3252220000,44336269,32.61
24/02/2010,-148870,-11697865000,79(-0.63 %),131050,10323080000,279920,22020945000,44485139,32.55
25/02/2010,-205850,-16255285000,79.5(0.63 %),94570,7492850000,300420,23748135000,44690989,32.48
26/02/2010,-454190,-35723460000,79(-0.63 %),104500,8254320000,558690,43977780000,69864091,32.31
01/03/2010,54660,4323075000,79(0.00 %),54660,4323075000,0,0,69809431,23.19
02/03/2010,-28310,-2229655000,79(0.00 %),15860,1241145000,44170,3470800000,69837741,23.18
03/03/2010,119960,9496755000,79(0.00 %),120460,9536505000,500,39750000,69717781,23.22
04/03/2010,-8140,-671550000,82.5(4.43 %),2860,235950000,11000,907500000,69725921,23.22
05/03/2010,6090,515690000,84(1.82 %),50590,4278190000,44500,3762500000,69719831,23.22
08/03/2010,52660,4457020000,84(0.00 %),52660,4457020000,0,0,69667171,23.24
09/03/2010,210470,17631620000,84(0.00 %),220100,18438350000,9630,806730000,69456701,23.32
10/03/2010,96170,8073280000,84(0.00 %),103270,8669680000,7100,596400000,69360531,23.36
11/03/2010,108270,9215915000,86(2.38 %),109620,9330490000,1350,114575000,69252261,23.4
12/03/2010,-21930,-2143280000,89.5(4.07 %),271320,23882595000,293250,26025875000,69274191,23.39
15/03/2010,63670,5699665000,88.5(-1.12 %),77920,6980040000,14250,1280375000,69210521,23.41
16/03/2010,102490,8876190000,86(-2.82 %),106180,9200910000,3690,324720000,69108031,23.45
17/03/2010,501370,43244130000,85.5(-0.58 %),508380,43847000000,7010,602870000,68606661,23.63
18/03/2010,266750,22802340000,87(1.75 %),269190,23013860000,2440,211520000,68339911,23.73
19/03/2010,451690,39292775000,87(0.00 %),452190,39336525000,500,43750000,67888221,23.9
22/03/2010,47980,4110140000,85.5(-1.72 %),68910,5906085000,20930,1795945000,67840241,23.92
23/03/2010,148580,12623460000,83.5(-2.34 %),148880,12649110000,300,25650000,67691661,23.97
24/03/2010,78230,6576770000,84(0.60 %),90830,7641220000,12600,1064450000,67613431,24.0
25/03/2010,56970,4650860000,81(-3.57 %),62970,5146110000,6000,495250000,67556461,24.02
26/03/2010,67780,5556720000,82(1.23 %),139790,11417040000,72010,5860320000,67488681,24.05
29/03/2010,143460,11840750000,82.5(0.61 %),163460,13490750000,20000,1650000000,67345221,24.1
30/03/2010,33620,2716950000,80(-3.03 %),76720,6236150000,43100,3519200000,67311601,24.11
31/03/2010,45970,3761810000,81(1.25 %),101970,8283310000,56000,4521500000,67265631,24.13
01/04/2010,170580,13959765000,83(2.47 %),297910,24477910000,127330,10518145000,67095051,24.19
02/04/2010,199500,16707670000,83.5(0.60 %),326940,27383910000,127440,10676240000,66895551,24.27
05/04/2010,83390,6971525000,84(0.60 %),135950,11386565000,52560,4415040000,66812161,24.3
06/04/2010,133970,11314825000,83.5(-0.60 %),282220,23739100000,148250,12424275000,66678191,24.35
07/04/2010,47550,3968655000,84(0.60 %),137550,11481155000,90000,7512500000,66630641,24.36
08/04/2010,25330,2116415000,83(-1.19 %),115640,9647805000,90310,7531390000,66605311,24.37
09/04/2010,404180,33902850000,83.5(0.60 %),447020,37490410000,42840,3587560000,66201131,24.52
12/04/2010,53810,4536595000,84(0.60 %),53810,4536595000,0,0,66147321,24.54
13/04/2010,-14110,-1204370000,83.5(-0.60 %),52500,4410000000,66610,5614370000,66161431,24.54
14/04/2010,121950,10189840000,83(-0.60 %),131950,11024840000,10000,835000000,66039481,24.58
15/04/2010,480280,40293530000,84(1.20 %),482890,40512770000,2610,219240000,65559201,24.76
16/04/2010,-82390,-6965850000,83.5(-0.60 %),27610,2320650000,110000,9286500000,65641591,24.73
19/04/2010,206740,17220515000,83(-0.60 %),206740,17220515000,0,0,65434851,24.81
20/04/2010,242290,20110425000,83(0.00 %),253210,21015785000,10920,905360000,65192561,24.9
21/04/2010,148440,12341860000,83(0.00 %),149440,12425360000,1000,83500000,65044121,24.95
22/04/2010,630660,53972900000,85.5(3.01 %),744410,63488075000,113750,9515175000,64413461,25.18
26/04/2010,544520,46493545000,84.5(-1.17 %),550450,46995630000,5930,502085000,63868941,25.39
27/04/2010,253980,21465920000,85(0.59 %),299690,25309510000,45710,3843590000,63614961,25.48
28/04/2010,125410,10630340000,85(0.00 %),138910,11777840000,13500,1147500000,63489551,25.53
04/05/2010,204770,17354300000,85(0.59 %),237270,20126800000,32500,2772500000,63284781,25.6
05/05/2010,85010,7177035000,84.5(-0.59 %),85010,7177035000,0,0,63199771,25.63
06/05/2010,33150,2786600000,84(-0.59 %),58850,4944900000,25700,2158300000,63166621,25.65
07/05/2010,60820,4975060000,81(-3.57 %),86550,7071920000,25730,2096860000,63105801,25.67
10/05/2010,-56050,-4501775000,80(-1.23 %),71490,5739175000,127540,10240950000,63161851,25.65
11/05/2010,64300,5156610000,80.5(0.62 %),109190,8787700000,44890,3631090000,63097551,25.67
12/05/2010,-107410,-8527740000,79(-1.86 %),119900,9558920000,227310,18086660000,63204961,25.63
13/05/2010,35450,2834250000,79.5(0.63 %),47450,3788250000,12000,954000000,63169511,25.64
14/05/2010,28340,2266200000,79.5(0.00 %),61340,4889700000,33000,2623500000,63141171,25.65
17/05/2010,-122390,-9582355000,78(-1.89 %),5770,456715000,128160,10039070000,63263561,25.61
18/05/2010,-89510,-6975080000,78(0.00 %),12300,956100000,101810,7931180000,63353071,25.58
19/05/2010,-89420,-6826440000,76(-2.56 %),47310,3621275000,136730,10447715000,63442491,25.54
20/05/2010,-67380,-5037470000,77.5(1.97 %),29740,2235060000,97120,7272530000,63509871,25.52
21/05/2010,-17460,-1303190000,74(-4.52 %),83090,6156810000,100550,7460000000,63527331,25.51
24/05/2010,-30160,-2267460000,75.5(2.03 %),13000,974050000,43160,3241510000,63557491,25.5
25/05/2010,114290,8586750000,75(-0.66 %),161800,12165000000,47510,3578250000,63443201,25.54
26/05/2010,72130,5399750000,74.5(-0.67 %),92130,6899750000,20000,1500000000,63371071,25.57
27/05/2010,371150,27664575000,75(0.67 %),468390,34914675000,97240,7250100000,62999921,25.71
28/05/2010,198130,15219095000,77(2.67 %),219430,16849045000,21300,1629950000,62801791,25.78
31/05/2010,202790,15633300000,77.5(0.65 %),213050,16424950000,10260,791650000,67005334,22.4
01/06/2010,272630,21267130000,79(1.94 %),306880,23924380000,34250,2657250000,66732704,26.19
02/06/2010,94120,7433160000,79.5(0.63 %),166470,13126135000,72350,5692975000,66638584,26.22
03/06/2010,143490,11373470000,79(-0.63 %),257020,20399280000,113530,9025810000,66495094,26.27
04/06/2010,4710,371120000,78.5(-0.63 %),74600,5864000000,69890,5492880000,66490384,26.27
07/06/2010,165570,12654025000,77(-1.91 %),269230,20582980000,103660,7928955000,66324814,26.33
08/06/2010,29330,2240670000,77(0.00 %),119600,9156825000,90270,6916155000,66295484,26.34
09/06/2010,165680,12863030000,77.5(0.65 %),229010,17784270000,63330,4921240000,66129804,26.39
10/06/2010,29030,2260365000,78(0.65 %),57800,4497215000,28770,2236850000,66100774,26.4
11/06/2010,355140,28453000000,80.5(3.21 %),633155,49808618000,278015,21355618000,65745634,26.52
14/06/2010,302170,24489145000,81.5(1.24 %),313410,25405205000,11240,916060000,65443464,26.63
15/06/2010,148810,12114365000,81.5(0.00 %),153540,12499860000,4730,385495000,65294654,26.68
16/06/2010,129680,10748280000,83(1.84 %),269550,22296005000,139870,11547725000,65164974,26.72
17/06/2010,368540,30542010000,83(0.00 %),567525,46366440000,198985,15824430000,64796434,26.85
18/06/2010,418750,34658635000,82.5(-0.60 %),418750,34658635000,0,0,63947124,27.14
21/06/2010,289820,24080615000,83(0.61 %),304610,25308185000,14790,1227570000,64506614,26.95
22/06/2010,140740,11539240000,82(-1.20 %),165690,13597755000,24950,2058515000,64365874,27.0
23/06/2010,76640,6262465000,81.5(-0.61 %),76640,6262465000,0,0,64289234,27.02
24/06/2010,6090,515725000,81(-0.61 %),70440,5746375000,64350,5230650000,64283144,27.02
25/06/2010,1420,165080000,79(-2.47 %),71430,5699370000,70010,5534290000,64281724,27.02
28/06/2010,140300,11160750000,79.5(0.63 %),145700,11590050000,5400,429300000,64141424,27.07
29/06/2010,182850,14682865000,80(0.63 %),184970,14851405000,2120,168540000,63958574,27.14
30/06/2010,42180,3344190000,79.5(-0.62 %),46080,3649740000,3900,305550000,63916394,27.15
01/07/2010,12230,966050000,79(-0.63 %),20210,1596590000,7980,630540000,63904164,27.15
02/07/2010,2350,191200000,78.5(-0.63 %),30630,2412020000,28280,2220820000,63901814,27.15
05/07/2010,204650,16231970000,79.5(1.27 %),216200,17149995000,11550,918025000,63697164,27.22
06/07/2010,7990,634970000,78.5(-1.26 %),15950,1260600000,7960,625630000,63689174,27.23
07/07/2010,18910,1493805000,78(-0.64 %),82410,6466940000,63500,4973135000,63670264,27.23
08/07/2010,18650,1467300000,79.5(1.92 %),22650,1785300000,4000,318000000,63651614,27.24
09/07/2010,8500,673425000,79.5(0.00 %),8660,686065000,160,12640000,63643114,27.24
12/07/2010,5780,443780000,80(0.63 %),30080,2385220000,24300,1941440000,63637334,27.25
13/07/2010,146500,11734100000,80.5(0.62 %),151000,12095850000,4500,361750000,63490834,27.3
14/07/2010,61560,4947625000,81(0.62 %),71560,5752605000,10000,804980000,63429274,27.32
15/07/2010,57550,4659875000,81(0.00 %),62400,5054400000,4850,394525000,63371724,27.34
16/07/2010,4990,396690000,81.5(0.62 %),94990,7711690000,90000,7315000000,63366734,27.34
19/07/2010,107450,8722825000,81.5(0.00 %),170000,13807100000,62550,5084275000,63259284,27.37
20/07/2010,8730,706495000,82(0.61 %),50350,4098525000,41620,3392030000,63250554,27.38
21/07/2010,21260,1726160000,81.5(-0.61 %),24660,2003260000,3400,277100000,63229294,27.38
22/07/2010,32470,2605225000,80.5(-1.23 %),51830,4160300000,19360,1555075000,63196824,27.4
23/07/2010,6640,536570000,81(0.62 %),6640,536570000,0,0,63190184,27.4
26/07/2010,12610,1010330000,81(0.00 %),14640,1174150000,2030,163820000,63177574,27.4
27/07/2010,213670,17306535000,80.5(-0.62 %),235200,19039700000,21530,1733165000,62963904,27.48
28/07/2010,-107490,-8624990000,80.5(0.00 %),234550,18729355000,342040,27354345000,63071394,27.44
29/07/2010,207510,16690525000,81(0.62 %),213700,17190740000,6190,500215000,62863884,27.51
30/07/2010,-15270,-1228745000,81.5(0.62 %),6730,541755000,22000,1770500000,62879154,27.5
02/08/2010,9270,740720000,80(-1.84 %),110140,8817320000,100870,8076600000,62869884,27.51
03/08/2010,252090,20194295000,80.5(1.90 %),258640,20721570000,6550,527275000,62617794,27.59
04/08/2010,40760,3225335000,79(-1.86 %),187910,14882525000,147150,11657190000,62577034,27.61
05/08/2010,129750,10282170000,79(0.00 %),363450,28798750000,233700,18516580000,62447284,27.65
06/08/2010,30740,2423140000,79(0.00 %),88740,6982640000,58000,4559500000,62416544,27.66
09/08/2010,53260,4195320000,77.5(-1.90 %),106160,8333627000,52900,4138307000,62363284,27.68
10/08/2010,112640,8503210000,76.5(-1.29 %),161670,12244005000,49030,3740795000,62250644,27.72
11/08/2010,-55030,-4107005000,76(-0.65 %),4630,346495000,59660,4453500000,61984834,27.81
12/08/2010,45890,3345880000,76(0.00 %),99810,7346500000,53920,4000620000,62204754,27.73
13/08/2010,75520,5689255000,76(0.00 %),75520,5689255000,0,0,62129234,27.76
16/08/2010,24090,1830250000,77.5(1.97 %),30410,2314050000,6320,483800000,62105144,27.77
17/08/2010,118180,8955730000,75(-3.23 %),118280,8963230000,100,7500000,61785164,27.88
18/08/2010,87580,6517915000,75(0.00 %),107580,7972915000,20000,1455000000,61899384,27.84
19/08/2010,48300,3574600000,74(-1.33 %),48800,3611700000,500,37100000,61851084,27.86
20/08/2010,-52260,-3835960000,73.5(-0.68 %),162840,11970890000,215100,15806850000,61903344,27.84
23/08/2010,-26460,-1942650000,74(0.68 %),6960,504750000,33420,2447400000,61929804,27.83
24/08/2010,-96900,-6909250000,71(-4.05 %),20740,1493330000,117640,8402580000,62026704,27.8
25/08/2010,157790,10950935000,71(0.00 %),227890,15882735000,70100,4931800000,61868914,27.85
26/08/2010,-9140,-634545000,71(0.00 %),109160,7733160000,118300,8367705000,61878054,27.85
27/08/2010,-59380,-4160220000,70.5(-0.70 %),5920,410480000,65300,4570700000,61937434,27.83
30/08/2010,-60110,-4380225000,73.5(4.26 %),49420,3600930000,109530,7981155000,61997544,27.81
31/08/2010,718180,53791765000,75.5(2.72 %),850180,63654765000,132000,9863000000,61279364,28.05
01/09/2010,140630,10641535000,75.5(0.00 %),197420,14907680000,56790,4266145000,61138734,28.1
06/09/2010,61330,4672425000,75.5(0.00 %),85330,6486925000,24000,1814500000,60713684,28.24
07/09/2010,136770,10321610000,74(-1.99 %),208660,15701660000,71890,5380050000,60576914,28.29
08/09/2010,189510,13999800000,74(0.00 %),200710,14828600000,11200,828800000,60387404,28.36
09/09/2010,92400,7034685000,74.5(0.68 %),144820,10927475000,52420,3892790000,60295004,28.39
10/09/2010,48330,3699740000,72(-3.36 %),108330,8019740000,60000,4320000000,60246674,28.4
13/09/2010,76900,5524005000,72(0.00 %),116900,8396505000,40000,2872500000,60169774,28.43
14/09/2010,-26550,-1906590000,71.5(-0.69 %),19770,1431615000,46320,3338205000,60196324,28.42
15/09/2010,304420,22003320000,72.5(1.40 %),328290,23725460000,23870,1722140000,59891904,28.53
16/09/2010,40430,2930600000,72(-0.69 %),55280,4004375000,14850,1073775000,59851474,28.54
17/09/2010,124930,9197800000,74(2.78 %),177380,13053600000,52450,3855800000,59726544,28.58
20/09/2010,152860,11289785000,74(0.00 %),155580,11491065000,2720,201280000,59573684,28.63
21/09/2010,32270,2382475000,74(0.00 %),37270,2752475000,5000,370000000,59541414,28.65
22/09/2010,250780,18554248000,74(0.00 %),253780,18776248000,3000,222000000,59290634,28.73
23/09/2010,79640,5848540000,73.5(-0.68 %),79640,5848540000,0,0,59210994,28.76
24/09/2010,-4620,-338415000,73(-0.68 %),19520,1425465000,24140,1763880000,59215614,28.76
27/09/2010,-11260,-810915000,72(-1.37 %),34140,2482485000,45400,3293400000,59226874,28.75
28/09/2010,122720,8997525000,73.5(2.08 %),148720,10902390000,26000,1904865000,59104154,28.79
29/09/2010,-1760,-128580000,72.5(-1.36 %),18490,1350295000,20250,1478875000,59105914,28.79
30/09/2010,419560,30800040000,73(0.69 %),421560,30948040000,2000,148000000,58686354,28.94
01/10/2010,245990,18132555000,74(1.37 %),310590,22872960000,64600,4740405000,58440364,29.02
04/10/2010,294390,21771645000,74.5(0.68 %),296410,21922135000,2020,150490000,58145974,29.12
05/10/2010,296210,22196010000,75.5(1.34 %),333060,24931885000,36850,2735875000,57849764,29.22
06/10/2010,284050,21761980000,77.5(2.65 %),328550,25138730000,44500,3376750000,57565714,29.32
07/10/2010,464600,36105360000,78(0.65 %),465450,36171410000,850,66050000,57101114,29.48
08/10/2010,86320,6711685000,78(0.00 %),150420,11688665000,64100,4976980000,57014794,29.51
11/10/2010,21460,1675915000,78.5(0.64 %),22460,1753915000,1000,78000000,56993334,29.52
12/10/2010,45280,3531465000,78(-0.64 %),61780,4812715000,16500,1281250000,56948054,29.53
13/10/2010,175970,13562105000,77(-1.28 %),190670,14698855000,14700,1136750000,56772084,29.59
14/10/2010,146670,11322590000,78(1.30 %),147670,11400340000,1000,77750000,56625414,29.64
15/10/2010,213510,16673925000,78.5(0.64 %),293910,22901925000,80400,6228000000,56411904,29.72
18/10/2010,-10320,-794160000,80(1.91 %),107450,8521290000,117770,9315450000,56422224,29.71
19/10/2010,120840,9712725000,80(0.00 %),230840,18451735000,110000,8739010000,56301384,29.75
20/10/2010,-143150,-11157050000,78(-2.50 %),91360,7142010000,234510,18299060000,56444534,29.7
21/10/2010,70940,5592060000,79(1.28 %),111440,8788710000,40500,3196650000,56373594,29.73
22/10/2010,110360,8825910000,80(1.27 %),181840,14472830000,71480,5646920000,56263234,29.77
25/10/2010,16700,1337520000,80(0.00 %),213950,17089520000,197250,15752000000,56246534,29.77
26/10/2010,278740,22412900000,80(0.00 %),319390,25667400000,40650,3254500000,55967794,29.87
27/10/2010,-1510,-97215000,79.5(-0.62 %),95530,7593910000,97040,7691125000,55969304,29.87
28/10/2010,82480,6549735000,79.5(0.00 %),118680,9427635000,36200,2877900000,55886824,29.89
29/10/2010,-113030,-8838755000,79(-0.63 %),733220,58226085000,846250,67064840000,55999854,29.86
01/11/2010,221430,17478600000,79(0.00 %),222110,17532320000,680,53720000,55778424,29.93
02/11/2010,235380,18579495000,79(0.00 %),236510,18668765000,1130,89270000,55543044,30.01
03/11/2010,250800,19700750000,78.5(-0.63 %),251800,19779250000,1000,78500000,55292244,30.1
04/11/2010,223960,17539275000,78(-0.64 %),223960,17539275000,0,0,55068284,30.17
05/11/2010,433190,34079510000,78(0.00 %),457590,35982710000,24400,1903200000,54635094,30.32
08/11/2010,75110,5824840000,77(-1.28 %),107830,8364420000,32720,2539580000,54559984,30.35
09/11/2010,116410,8963570000,77(0.00 %),814310,62701870000,697900,53738300000,54443574,30.39
10/11/2010,72500,5611265000,77.5(0.65 %),92940,7191045000,20440,1579780000,54371074,30.41
11/11/2010,147220,11371210000,77(-0.65 %),168170,12989835000,20950,1618625000,54223854,30.46
12/11/2010,190530,14684520000,77.5(0.65 %),201530,15526520000,11000,842000000,54033324,30.53
15/11/2010,80590,6226290000,77(-0.65 %),116530,9008170000,35940,2781880000,53952734,30.56
16/11/2010,147120,11277675000,76.5(-0.65 %),319450,24429310000,172330,13151635000,53805614,30.61
17/11/2010,-89760,-6599630000,73.5(-3.92 %),793560,60490930000,883320,67090560000,53895374,30.58
18/11/2010,103800,7787045000,77(4.76 %),133620,10082435000,29820,2295390000,53791574,30.61
19/11/2010,34490,2676330000,77(0.00 %),77090,5920805000,42600,3244475000,53757084,30.62
22/11/2010,99240,7633855000,77(0.00 %),156410,11981650000,57170,4347795000,53657844,30.66
23/11/2010,215550,16679785000,78(1.30 %),246550,19057785000,31000,2378000000,53442294,30.73
24/11/2010,154620,11983970000,77.5(-0.64 %),154620,11983970000,0,0,0,0.0
25/11/2010,112460,8710585000,77(-0.65 %),137110,10631025000,24650,1920440000,0,49.04
26/11/2010,-30190,-2291120000,77(0.00 %),687710,52937390000,717900,55228510000,0,49.03
29/11/2010,285740,21934755000,77(0.00 %),415510,31916999000,129770,9982244000,0,49.13
30/11/2010,146220,11316400000,76.5(-0.65 %),219580,16949905000,73360,5633505000,0,49.18
01/12/2010,2780,207580000,76.5(0.00 %),205880,15650755000,203100,15443175000,0,49.18
02/12/2010,29920,2275420000,77(0.65 %),29920,2275420000,0,0,0,49.19
03/12/2010,-29330,-2256670000,78(1.30 %),36780,2879445000,66110,5136115000,0,49.18
06/12/2010,210920,16197450000,76.5(-1.92 %),868920,67476450000,658000,51279000000,0,49.25
07/12/2010,107100,8193165000,77(0.65 %),226800,17353015000,119700,9159850000,0,49.29
08/12/2010,145680,11162740000,76.5(-0.65 %),166580,12761840000,20900,1599100000,0,49.34
09/12/2010,35940,2748385000,77(0.65 %),66940,5124885000,31000,2376500000,0,49.35
10/12/2010,209110,16173110000,78(1.30 %),221050,17097490000,11940,924380000,0,49.42
13/12/2010,340920,27234835000,80.5(3.21 %),423230,33794290000,82310,6559455000,0,49.54
14/12/2010,323130,25973005000,80.5(0.00 %),938320,75429680000,615190,49456675000,0,49.65
15/12/2010,-15440,-1233830000,80.5(0.00 %),116290,9337300000,131730,10571130000,0,49.64
16/12/2010,-84640,-6657250000,78.5(-2.48 %),117060,9242590000,201700,15899840000,0,49.61
17/12/2010,-363130,-27999250000,79.5(1.27 %),191740,14987075000,554870,42986325000,0,49.49
20/12/2010,137390,10834615000,78.5(-1.26 %),264180,20821130000,126790,9986515000,0,49.53
21/12/2010,33110,2634465000,76.5(-2.55 %),645563,49644185000,612453,47009720000,0,0.0
22/12/2010,29110,2234710000,76.5(0.00 %),60980,4683870000,31870,2449160000,0,49.01
23/12/2010,184250,14113840000,77(0.65 %),325720,24964220000,141470,10850380000,0,49.07
24/12/2010,406020,29983995000,77.5(0.65 %),467220,34671250000,61200,4687255000,0,49.21
27/12/2010,52540,4048765000,77(-0.65 %),99170,7642475000,46630,3593710000,0,49.23
28/12/2010,41740,3204005000,77(0.00 %),136500,10461075000,94760,7257070000,0,49.24
29/12/2010,162960,12214975000,77.5(0.65 %),342370,25941835000,179410,13726860000,0,49.3
30/12/2010,-53210,-3881315000,77.5(0.00 %),266400,20403645000,319610,24284960000,0,49.28
31/12/2010,80050,6679090000,81(4.52 %),216320,17423460000,136270,10744370000,0,49.31
04/01/2011,75740,6031705000,79.5(-1.85 %),173850,13943210000,98110,7911505000,0,49.33
05/01/2011,139610,11138660000,79.5(0.00 %),223780,17872260000,84170,6733600000,0,49.38
06/01/2011,220410,17607430000,80(0.63 %),228280,18237030000,7870,629600000,0,49.46
07/01/2011,233720,18697600000,80(0.00 %),285400,22832000000,51680,4134400000,0,49.54
10/01/2011,290760,23264280000,80(0.00 %),369980,29582880000,79220,6318600000,0,49.64
11/01/2011,58590,4648265000,79(-1.25 %),285710,22658095000,227120,18009830000,0,49.66
12/01/2011,-1180,-101070000,79(0.00 %),61790,4882295000,62970,4983365000,26307350,37.57
13/01/2011,66730,5266400000,78.5(-0.63 %),164330,12977550000,97600,7711150000,26240620,40.58
14/01/2011,114000,9034290000,79.5(1.27 %),218830,17317315000,104830,8283025000,26126620,38.12
17/01/2011,114340,9104700000,80(0.63 %),114340,9104700000,0,0,26012280,38.14
18/01/2011,115460,9183750000,79.5(-0.62 %),180840,14374095000,65380,5190345000,25896820,40.69
19/01/2011,452700,25124670000,55.5(4.72 %),494600,27449120000,41900,2324450000,25444120,40.83
20/01/2011,81670,4525680000,55(-0.90 %),122570,6784930000,40900,2259250000,25362450,40.86
21/01/2011,154710,8509210000,55(0.00 %),232880,12806100000,78170,4296890000,25207740,40.91
24/01/2011,78480,4255190000,54(-1.82 %),87280,4733090000,8800,477900000,25129260,40.93
25/01/2011,166640,8915940000,53(-1.85 %),199950,10697750000,33310,1781810000,24962620,40.99
26/01/2011,82130,4419775000,54(1.89 %),142300,7622785000,60170,3203010000,24880490,39.43
27/01/2011,465550,25453515000,55(1.85 %),495840,27107820000,30290,1654305000,24414940,41.16
28/01/2011,401950,22386325000,56(1.82 %),509180,28343590000,107230,5957265000,24012990,41.29
08/02/2011,176250,10157300000,58.5(4.46 %),245090,14073560000,68840,3916260000,23836740,41.35
09/02/2011,-45700,-2676990000,57(-2.56 %),131110,7606385000,176810,10283375000,23882440,38.6
10/02/2011,-11500,-642475000,56(-1.75 %),76810,4344040000,88310,4986515000,23893940,41.33
11/02/2011,-3970,-207305000,56(0.00 %),106830,5862495000,110800,6069800000,23897910,38.6
14/02/2011,-124690,-6909040000,55(-1.79 %),42420,2354170000,167110,9263210000,24022600,41.29
15/02/2011,-22360,-1145865000,56(1.82 %),148300,8141000000,170660,9286865000,24044960,41.28
16/02/2011,-58690,-3232490000,54.5(-2.68 %),57260,3160275000,115950,6392765000,24103650,41.26
17/02/2011,86590,4719155000,54.5(0.00 %),104690,5705605000,18100,986450000,24017060,41.29
18/02/2011,-40820,-2220465000,53(-2.75 %),72800,3922315000,113620,6142780000,24057880,41.28
21/02/2011,-134130,-6758820000,50.5(-4.72 %),41870,2133610000,176000,8892430000,24192010,41.23
22/02/2011,70650,3490721000,49.5(-1.98 %),293690,14378703000,223040,10887982000,24121360,41.26
23/02/2011,12730,647845000,50.5(2.02 %),79280,3997945000,66550,3350100000,24108630,41.26
24/02/2011,-70340,-3428136000,49(-2.97 %),207710,10173775000,278050,13601911000,24178970,41.24
25/02/2011,46810,2308650000,49.2(0.41 %),60310,2969950000,13500,661300000,24132160,41.25
28/02/2011,-18050,-810622000,48(-2.44 %),221390,10910385000,239440,11721007000,24150210,41.25
01/03/2011,33900,1624300000,47.8(-0.42 %),54530,2610360000,20630,986060000,24116310,41.26
02/03/2011,12790,592438000,45.5(-4.81 %),62260,2862090000,49470,2269652000,24103520,41.26
03/03/2011,15080,662179000,43.6(-4.18 %),48870,2144849000,33790,1482670000,0,0.0
04/03/2011,3520,147751000,43.3(-0.69 %),39610,1719688000,36090,1571937000,0,0.0
07/03/2011,-89690,-3894584000,44(1.62 %),208980,9076087000,298670,12970671000,0,0.0
08/03/2011,-48280,-2190814000,46.2(5.00 %),278820,12673606000,327100,14864420000,0,0.0
09/03/2011,50130,2341263000,48.1(4.11 %),132430,6144770000,82300,3803507000,0,0.0
10/03/2011,-4380,-212401000,50(3.95 %),179020,8909542000,183400,9121943000,0,0.0
11/03/2011,-194590,-9924200000,52(4.00 %),162810,8403850000,357400,18328050000,0,0.0
14/03/2011,-47420,-2350160000,49.4(-5.00 %),25890,1280934000,73310,3631094000,0,0.0
15/03/2011,-467030,-22022133000,47(-4.86 %),179910,8455770000,646940,30477903000,0,0.0
16/03/2011,-800250,-35871826000,44.7(-4.89 %),289360,12942891000,1089610,48814717000,36688806,35.86
17/03/2011,-779600,-34599320000,45.5(1.79 %),230680,10183809000,1010280,44783129000,37468406,35.69
18/03/2011,-1667510,-73177686000,44.5(-2.20 %),902540,40038197000,2570050,113215883000,39135916,35.33
21/03/2011,-241590,-11227335000,46.7(4.94 %),10900,502080000,252490,11729415000,39377506,35.28
22/03/2011,-118450,-5391313000,45.3(-3.00 %),21170,966854000,139620,6358167000,39495956,35.26
23/03/2011,110220,5029972000,46.7(3.09 %),220720,10139596000,110500,5109624000,39385736,35.28
24/03/2011,-98940,-4632779000,46.5(-0.43 %),12810,599332000,111750,5232111000,39484676,35.26
25/03/2011,-31630,-1405016000,45.4(-2.37 %),69610,3210854000,101240,4615870000,39516306,35.25
28/03/2011,245060,11225188000,45.8(0.88 %),338890,15534796000,93830,4309608000,39271246,35.31
29/03/2011,164130,7505322000,45.7(-0.22 %),234380,10722749000,70250,3217427000,39107116,35.34
30/03/2011,103710,4689373000,45.3(-0.88 %),105810,4784380000,2100,95007000,39003406,35.36
31/03/2011,168290,7620695000,45.1(-0.44 %),176190,7978565000,7900,357870000,38835116,53.1
01/04/2011,171530,7685235000,44.7(-0.89 %),185230,8300033000,13700,614798000,40514331,52.56
04/04/2011,64300,2855048000,44.2(-1.12 %),66060,2933436000,1760,78388000,40450031,52.58
05/04/2011,81670,3604080000,44(-0.45 %),84730,3739150000,3060,135070000,40368361,52.61
06/04/2011,20050,900561000,45.4(3.18 %),39300,1759800000,19250,859239000,40348311,52.61
07/04/2011,218010,10019176000,45.5(0.22 %),232470,10687182000,14460,668006000,40130301,52.68
08/04/2011,149420,6781316000,45.3(-0.44 %),161570,7333041000,12150,551725000,39980881,52.73
13/04/2011,74110,3342627000,44.7(-1.32 %),74840,3375597000,730,32970000,39906771,52.75
14/04/2011,51380,2283869000,44.2(-1.12 %),79930,3548190000,28550,1264321000,39855391,52.77
15/04/2011,-18100,-779144000,43.8(-0.90 %),107180,4733920000,125280,5513064000,39873491,52.77
18/04/2011,74140,3246846000,45.8(4.57 %),120160,5268940000,46020,2022094000,39799351,52.79
19/04/2011,4290,214883000,44(-3.93 %),117370,5222460000,113080,5007577000,39795061,35.19
20/04/2011,-3000,-126473000,44(0.00 %),204870,9003640000,207870,9130113000,39798061,35.19
21/04/2011,-77820,-3352441000,43.6(-0.91 %),130980,5651330000,208800,9003771000,39875881,35.18
22/04/2011,-73980,-3102969000,43(-1.38 %),38870,1651196000,112850,4754165000,39949861,35.16
25/04/2011,1300,57355000,43.7(1.63 %),15630,680550000,14330,623195000,39948561,35.16
26/04/2011,88560,3829004000,43.3(-0.92 %),291500,12595718000,202940,8766714000,39860001,35.18
27/04/2011,10030,442217000,42.6(-1.62 %),132620,5682177000,122590,5239960000,39849971,35.18
28/04/2011,-18930,-796611000,41.5(-2.58 %),41850,1744054000,60780,2540665000,39868901,35.18
29/04/2011,-25870,-1091221000,42.1(1.45 %),250080,10539679000,275950,11630900000,39894771,35.17
04/05/2011,161420,6908752000,42.8(1.66 %),204820,8770167000,43400,1861415000,39394171,35.28
05/05/2011,149060,6341924000,42.3(-1.17 %),156060,6639724000,7000,297800000,39245111,35.31
06/05/2011,97400,4110645000,42.2(-0.24 %),103400,4364945000,6000,254300000,39147711,35.33
09/05/2011,-14040,-591807000,42.2(0.00 %),127640,5382314000,141680,5974121000,39161751,35.33
10/05/2011,90810,3838224000,42.2(0.00 %),113630,4800568000,22820,962344000,39070941,35.35
11/05/2011,131760,5593030000,42.5(0.71 %),227300,9647080000,95540,4054050000,38939181,35.38
12/05/2011,74210,3126852000,42(-1.18 %),104400,4401996000,30190,1275144000,38864971,35.39
13/05/2011,60470,2544540000,42.1(0.24 %),153470,6458390000,93000,3913850000,38804501,35.41
16/05/2011,13060,541417000,40.7(-3.33 %),101980,4241600000,88920,3700183000,38791441,35.41
17/05/2011,-131840,-5143497000,38.7(-4.91 %),27450,1090207000,159290,6233704000,38923281,35.38
18/05/2011,-224750,-8253021000,36.8(-4.91 %),134410,4989741000,359160,13242762000,39148031,35.33
19/05/2011,316830,11156844000,35(-4.89 %),414430,14595920000,97600,3439076000,38831201,35.4
20/05/2011,-76300,-2671192000,34.5(-1.43 %),184270,6410462000,260570,9081654000,38907501,35.38
23/05/2011,-167380,-5466600000,32.8(-4.93 %),257150,8666447000,424530,14133047000,39074881,35.35
24/05/2011,-15000,-458758000,31.2(-4.88 %),179910,5635517000,194910,6094275000,39089881,35.34
25/05/2011,-19410,-579275000,29.7(-4.81 %),260960,7750512000,280370,8329787000,39109291,35.34
26/05/2011,112220,3054682000,31.1(4.71 %),229250,6575351000,117030,3520669000,38997071,35.36
27/05/2011,-11270,-364183000,32.6(4.82 %),88550,2880265000,99820,3244448000,39008341,35.36
30/05/2011,-169020,-5694022000,34.1(4.60 %),122630,4143844000,291650,9837866000,39177361,35.33
31/05/2011,74630,2565062000,35(2.64 %),116030,4015062000,41400,1450000000,39102731,35.34
01/06/2011,-131450,-4604360000,36.7(4.86 %),228680,8358727000,360130,12963087000,38895586,35.39
02/06/2011,19360,712211000,38.5(4.90 %),231850,8884293000,212490,8172082000,38876226,35.39
03/06/2011,147240,5769622000,38.5(0.00 %),384690,14838980000,237450,9069358000,38728986,35.42
06/06/2011,94070,3555340000,38.5(0.00 %),111850,4218180000,17780,662840000,38634916,35.44
07/06/2011,-189560,-7655460000,40.4(4.94 %),68510,2734085000,258070,10389545000,38824476,35.4
08/06/2011,-33930,-1343931000,40.3(-0.25 %),46270,1846685000,80200,3190616000,38858406,35.39
09/06/2011,29900,1189065000,40(-0.74 %),53930,2151873000,24030,962808000,38828506,35.4
10/06/2011,-48470,-1949140000,39.7(-0.75 %),17170,686300000,65640,2635440000,38876976,35.39
13/06/2011,131600,5212533000,39.6(-0.25 %),161900,6412270000,30300,1199737000,38745376,35.42
14/06/2011,45100,1798670000,40(1.01 %),130820,5234318000,85720,3435648000,38700276,35.43
15/06/2011,132140,5261047000,39.7(-0.75 %),256220,10190170000,124080,4929123000,38568136,35.46
16/06/2011,217610,8698345000,40.2(1.26 %),300210,12004575000,82600,3306230000,38350526,35.5
17/06/2011,658320,27171255000,42(4.48 %),1014090,41867954000,355770,14696699000,37692206,35.64
20/06/2011,-63870,-2610793000,41(-2.38 %),6900,285580000,70770,2896373000,37756076,35.63
21/06/2011,88110,3691622000,42.8(4.39 %),177570,7446577000,89460,3754955000,37667966,35.65
22/06/2011,89210,3824333000,42.9(0.23 %),256950,11020603000,167740,7196270000,37578756,35.67
23/06/2011,14060,589297000,42(-2.10 %),61540,2573195000,47480,1983898000,37564696,35.67
24/06/2011,-35200,-1460091000,41.3(-1.67 %),5830,243717000,41030,1703808000,37599896,35.66
27/06/2011,-31580,-1290165000,40(-3.15 %),11100,447110000,42680,1737275000,37631476,35.66
28/06/2011,-88380,-3502177000,39.6(-1.00 %),25820,1021326000,114200,4523503000,37719856,35.64
29/06/2011,-77030,-3049572000,39.6(0.00 %),154800,6133278000,231830,9182850000,37796886,35.62
30/06/2011,-5890,-223647000,39(-1.52 %),54910,2161540000,60800,2385187000,37802776,35.62
01/07/2011,-45330,-1723898000,38.1(-2.31 %),10400,400050000,55730,2123948000,37982446,35.58
04/07/2011,35750,1354733000,37.7(-1.05 %),128660,4844640000,92910,3489907000,37946696,35.59
05/07/2011,21490,838086000,39(3.45 %),42090,1640706000,20600,802620000,37925206,35.59
06/07/2011,125750,4870074000,38(-2.56 %),128000,4957234000,2250,87160000,37799456,35.62
07/07/2011,-46190,-1771170000,38.2(0.53 %),3810,145782000,50000,1916952000,37845646,35.61
08/07/2011,-84160,-3175424000,37.4(-2.09 %),7070,268856000,91230,3444280000,37929806,35.59
11/07/2011,-13930,-499028000,35.6(-4.81 %),12570,459132000,26500,958160000,37943736,35.59
12/07/2011,-31910,-1106892000,34.4(-3.37 %),14260,493913000,46170,1600805000,37975646,35.58
13/07/2011,114810,3998932000,36(4.65 %),185320,6457418000,70510,2458486000,37860836,35.61
14/07/2011,6180,224278000,36.5(1.39 %),40500,1469950000,34320,1245672000,37854656,35.61
15/07/2011,-25740,-943227000,36.7(0.55 %),24380,893797000,50120,1837024000,37880396,35.6
18/07/2011,49630,1798234000,36.3(-1.09 %),50330,1823714000,700,25480000,37830766,35.61
19/07/2011,-290,-14413000,35(-3.58 %),7810,277187000,8100,291600000,37831056,40.9
20/07/2011,12430,580373000,36.7(4.86 %),162230,5896608000,149800,5316235000,37818626,35.62
21/07/2011,-50450,-1829078000,36(-1.91 %),100,3600000,50550,1832678000,37869076,35.61
22/07/2011,20500,741005000,36.2(0.56 %),60500,2186615000,40000,1445610000,37848576,35.61
25/07/2011,35980,1322607000,36.1(-0.28 %),108720,3966489000,72740,2643882000,37812596,35.62
26/07/2011,-16750,-598427000,35.9(-0.55 %),2100,74190000,18850,672617000,37829346,35.61
27/07/2011,-3830,-131763000,35.9(0.00 %),162950,5640595000,166780,5772358000,37833176,35.61
28/07/2011,86120,3090257000,35.9(0.00 %),167040,5995734000,80920,2905477000,37747056,35.63
29/07/2011,-169560,-5892892000,34.5(-3.90 %),35150,1251575000,204710,7144467000,37916616,35.6
01/08/2011,-224530,-7781357000,34.7(0.58 %),49100,1703760000,273630,9485117000,38034496,35.57
02/08/2011,-156610,-5361737000,34(-2.02 %),75750,2591595000,232360,7953332000,38191106,35.54
03/08/2011,-10020,-330661000,33.9(-0.29 %),46480,1567185000,56500,1897846000,38201126,35.53
04/08/2011,-144900,-4967033000,34(0.29 %),5300,182632000,150200,5149665000,38346026,35.5
05/08/2011,-14520,-494515000,34.2(0.59 %),0,0,14520,494515000,38360546,35.5
08/08/2011,-95140,-3192540000,33.3(-2.63 %),6590,221560000,101730,3414100000,38455686,35.48
09/08/2011,63430,2061104000,32(-3.90 %),125000,4032222000,61570,1971118000,38392256,35.49
10/08/2011,-260910,-8466960000,32.3(0.94 %),23000,744495000,283910,9211455000,38653166,35.44
11/08/2011,-11450,-366168000,32.1(-0.62 %),13300,424218000,24750,790386000,38664616,35.44
12/08/2011,-69730,-2227101000,31.9(-0.62 %),14240,457786000,83970,2684887000,38734346,35.42
15/08/2011,-29480,-943203000,32.1(0.63 %),4300,137270000,33780,1080473000,38763826,35.41
16/08/2011,44390,1446057000,32.4(0.93 %),56980,1849819000,12590,403762000,38719436,35.42
17/08/2011,4210,146986000,34(4.94 %),46160,1534461000,41950,1387475000,38715226,35.42
18/08/2011,59080,2059091000,35.1(3.24 %),298970,10461674000,239890,8402583000,38656146,35.44
19/08/2011,-11720,-408367000,34.8(-0.85 %),69480,2415543000,81200,2823910000,38667866,35.43
22/08/2011,-63410,-2244538000,35.2(1.15 %),1170,41184000,64580,2285722000,38731276,35.42
23/08/2011,5140,175629000,34.9(-0.85 %),97600,3420714000,92460,3245085000,38726136,35.42
24/08/2011,-206620,-6891361000,33.4(-4.30 %),79380,2767962000,286000,9659323000,38932756,35.38
25/08/2011,-95910,-3214498000,33.5(0.30 %),7600,256790000,103510,3471288000,39028666,35.36
26/08/2011,-42160,-1436356000,34(1.49 %),1800,60300000,43960,1496656000,39070826,35.35
29/08/2011,-35010,-1214217000,35.7(5.00 %),16770,595350000,51780,1809567000,39105836,35.34
30/08/2011,31150,1133650000,35.9(0.56 %),51200,1859085000,20050,725435000,39074686,35.35
31/08/2011,23070,823197000,35.8(-0.28 %),211770,7545207000,188700,6722010000,39051616,35.35
01/09/2011,-227660,-8014589000,35.6(-0.56 %),103450,3633524000,331110,11648113000,39344346,35.29
05/09/2011,-245470,-8677401000,34.8(-2.25 %),22050,774660000,267520,9452061000,39589816,35.24
06/09/2011,-69390,-2368052000,34.1(-2.01 %),74870,2557204000,144260,4925256000,39659206,35.22
07/09/2011,-66950,-2323609000,34.9(2.35 %),15860,552170000,82810,2875779000,39726156,35.21
08/09/2011,-245480,-8871051000,35.9(2.87 %),82970,2993753000,328450,11864804000,39971636,35.16
09/09/2011,-59830,-2153882000,36.4(1.39 %),122250,4429633000,182080,6583515000,40031466,35.14
12/09/2011,-94350,-3532916000,37.1(1.92 %),51840,1938111000,146190,5471027000,40125816,35.12
13/09/2011,-518190,-19239529000,36.9(-0.54 %),38180,1426422000,556370,20665951000,40644006,35.01
14/09/2011,-247740,-8996205000,35.9(-2.71 %),13200,487630000,260940,9483835000,40891746,34.96
15/09/2011,-898370,-31208338000,34.8(-3.06 %),135540,4725934000,1033910,35934272000,41790116,34.77
16/09/2011,-963410,-32208225000,33.1(-4.89 %),334200,11276947000,1297610,43485172000,42753526,34.56
19/09/2011,-218240,-7472996000,34.7(4.83 %),5460,185374000,223700,7658370000,42971766,34.51
20/09/2011,-352400,-12399650000,34.7(0.00 %),43210,1518765000,395610,13918415000,43324166,34.44
21/09/2011,29110,1068740000,34.1(-1.73 %),232100,8070008000,202990,7001268000,43295056,34.44
22/09/2011,-419000,-14240426000,34.5(1.17 %),111750,3816062000,530750,18056488000,43714056,34.36
23/09/2011,62180,2114286000,34(-1.45 %),88680,3015336000,26500,901050000,43651876,34.37
26/09/2011,-134590,-4517827000,33.6(-1.18 %),21860,733360000,156450,5251187000,43786466,34.34
27/09/2011,-94680,-3167785000,33.4(-0.60 %),66740,2246883000,161420,5414668000,43881146,34.32
28/09/2011,-398130,-13203954000,32.9(-1.50 %),60610,2003539000,458740,15207493000,44279276,34.23
29/09/2011,12270,387334000,32.2(-2.13 %),97120,3142604000,84850,2755270000,44267006,34.24
30/09/2011,-183350,-5915233000,32.3(0.31 %),126000,4060485000,309350,9975718000,44450356,34.2
03/10/2011,-11110,-360701000,31.8(-1.55 %),72140,2304603000,83250,2665304000,44085606,34.28
04/10/2011,30800,960280000,31.5(-0.94 %),81670,2572605000,50870,1612325000,44054806,34.28
05/10/2011,-110500,-3489983000,31.4(-0.32 %),20050,631575000,130550,4121558000,44165306,34.26
06/10/2011,-243710,-7687730000,31.6(0.64 %),75000,2355000000,318710,10042730000,44409016,34.21
07/10/2011,-114740,-3597546000,31.2(-1.27 %),64420,2014142000,179160,5611688000,44523756,34.18
10/10/2011,41930,1311306000,31.2(0.00 %),41930,1311306000,0,0,44481826,34.19
11/10/2011,-33690,-1057596000,31.2(0.00 %),44620,1396244000,78310,2453840000,44515516,34.18
12/10/2011,83010,2556350000,30.5(-2.24 %),88310,2718590000,5300,162240000,44432506,34.2
13/10/2011,11020,335971000,30.5(0.00 %),21170,645666000,10150,309695000,44421486,34.2
14/10/2011,-1800,-54750000,30.7(0.66 %),1200,37200000,3000,91950000,44423286,34.2
17/10/2011,44190,1352423000,30.6(-0.33 %),50290,1537873000,6100,185450000,44379096,34.21
18/10/2011,-128870,-3865988000,30(-1.96 %),72630,2190296000,201500,6056284000,44507966,34.19
19/10/2011,-303660,-9089886000,29.9(-0.33 %),3680,110350000,307340,9200236000,44811626,34.12
20/10/2011,-192920,-5750575000,29.7(-0.67 %),36100,1067570000,229020,6818145000,45004546,34.08
21/10/2011,-392290,-11714302000,29.8(0.34 %),21170,629849000,413460,12344151000,45396836,33.99
24/10/2011,-60810,-1813902000,29.7(-0.34 %),1380,41124000,62190,1855026000,45457646,33.98
25/10/2011,-47770,-1418209000,29.4(-1.01 %),77890,2300595000,125660,3718804000,45505416,33.97
26/10/2011,-152530,-4395080000,28.5(-3.06 %),113550,3274988000,266080,7670068000,45657946,33.94
27/10/2011,-108530,-3115688000,29(1.75 %),15380,440682000,123910,3556370000,45766476,33.92
28/10/2011,-203010,-6148848000,30.4(4.83 %),12080,355420000,215090,6504268000,45969486,33.87
31/10/2011,7580,228137000,29.5(-2.96 %),19110,577391000,11530,349254000,45961906,33.87
01/11/2011,-14040,-410209000,29.2(-1.02 %),32520,957194000,46560,1367403000,46430262,33.77
02/11/2011,-36800,-1057430000,28.3(-3.08 %),25200,720920000,62000,1778350000,46467062,33.77
03/11/2011,-59000,-1642509000,27.9(-1.41 %),6400,177950000,65400,1820459000,46526062,33.75
04/11/2011,6040,172054000,27.8(-0.36 %),15340,432054000,9300,260000000,46520022,33.75
07/11/2011,-412850,-11092078000,26.5(-4.68 %),54540,1456905000,467390,12548983000,46932872,33.67
08/11/2011,-400970,-10243889000,25.8(-2.64 %),250,6500000,401220,10250389000,47333842,33.58
09/11/2011,-75010,-1891299000,25.4(-1.55 %),43500,1116960000,118510,3008259000,47408852,33.56
10/11/2011,-27960,-690316000,24.6(-3.15 %),115690,2855574000,143650,3545890000,47436812,33.56
11/11/2011,-80380,-1921779000,23.4(-4.88 %),6190,149958000,86570,2071737000,47517192,33.54
14/11/2011,-28860,-650632000,22.6(-3.42 %),64560,1480016000,93420,2130648000,47546052,33.53
15/11/2011,-310370,-6951010000,22(-2.65 %),53680,1202537000,364050,8153547000,47856422,33.47
16/11/2011,-767190,-17043579000,23.1(5.00 %),179630,3973966000,946820,21017545000,48623612,33.3
17/11/2011,-131820,-3118412000,23.5(1.73 %),110040,2606724000,241860,5725136000,48755432,33.28
18/11/2011,-86340,-1938874000,22.9(-2.55 %),53400,1225245000,139740,3164119000,48841772,33.26
21/11/2011,1670,38521000,22.5(-1.75 %),33000,744366000,31330,705845000,48840102,33.26
22/11/2011,26260,588307000,22.5(0.00 %),80800,1807348000,54540,1219041000,48813842,33.26
23/11/2011,-82370,-1884195000,22.8(1.33 %),9490,217271000,91860,2101466000,48896212,33.25
24/11/2011,-284150,-6393976000,22.3(-2.19 %),4000,91200000,288150,6485176000,49180362,33.19
25/11/2011,-45630,-1018287000,22.3(0.00 %),12200,272060000,57830,1290347000,49225992,33.18
28/11/2011,-243800,-5512221000,22.4(0.45 %),3330,74592000,247130,5586813000,49469792,33.12
29/11/2011,-73790,-1659516000,22.4(0.00 %),18000,403200000,91790,2062716000,49543582,33.11
30/11/2011,25710,579413000,22.3(-0.45 %),60370,1352379000,34660,772966000,49517872,33.11
01/12/2011,-15810,-351625000,22.2(-0.45 %),0,0,15810,351625000,49353192,33.15
02/12/2011,-79920,-1843111000,23(3.60 %),150700,3412794000,230620,5255905000,49433112,33.13
05/12/2011,-386870,-9259216000,24.1(4.78 %),21700,519691000,408570,9778907000,49819982,33.05
06/12/2011,18240,436820000,24(-0.41 %),34990,843845000,16750,407025000,49801742,33.05
07/12/2011,38450,920484000,23.8(-0.83 %),38450,920484000,0,0,49763292,33.06
08/12/2011,-113380,-2586456000,22.8(-4.20 %),55000,1284500000,168380,3870956000,49876672,33.04
09/12/2011,-116080,-2567321000,22(-3.51 %),94970,2102030000,211050,4669351000,49992752,33.01
12/12/2011,198180,4374898000,22(0.00 %),198180,4374898000,0,0,49794572,33.05
13/12/2011,185090,4121341000,22(0.00 %),207160,4617465000,22070,496124000,49609482,33.09
14/12/2011,489370,10813647000,21.6(-1.82 %),559770,12340146000,70400,1526499000,49120112,33.2
15/12/2011,432930,9115935000,21.2(-1.85 %),437330,9210235000,4400,94300000,48687182,33.29
16/12/2011,434120,9584197000,22.2(4.72 %),579780,12813849000,145660,3229652000,48253062,33.38
19/12/2011,353340,8037551000,22.3(0.45 %),416010,9452312000,62670,1414761000,47899722,33.46
20/12/2011,2390,55770000,21.6(-3.14 %),35750,787165000,33360,731395000,47897332,33.46
21/12/2011,-343560,-7335244000,21(-2.78 %),36350,781389000,379910,8116633000,48240892,33.39
22/12/2011,-360700,-7258979000,20(-4.76 %),46960,949068000,407660,8208047000,48601592,33.31
23/12/2011,-118320,-2278386000,19.1(-4.50 %),120430,2293072000,238750,4571458000,48719912,33.28
26/12/2011,-240280,-4384073000,18.2(-4.71 %),37560,696351000,277840,5080424000,48960192,33.23
27/12/2011,-11950,-208543000,17.3(-4.95 %),41060,711121000,53010,919664000,48972142,33.23
28/12/2011,-329370,-5961597000,18.1(4.62 %),37730,682913000,367100,6644510000,49301512,33.16
29/12/2011,-133970,-2545430000,19(4.97 %),23020,437380000,156990,2982810000,49435482,33.13
30/12/2011,65820,1315255000,19.5(2.63 %),155480,3082375000,89660,1767120000,49369662,33.14
03/01/2012,-15650,-311390000,19(-2.56 %),31090,598640000,46740,910030000,49411329,33.14
04/01/2012,63150,1198278000,19(0.00 %),63150,1198278000,0,0,49348179,33.15
05/01/2012,-88260,-1643956000,18.2(-4.21 %),2260,42040000,90520,1685996000,49436439,33.13
06/01/2012,18690,329357000,17.5(-3.85 %),19690,346977000,1000,17620000,49417749,33.13
09/01/2012,-125670,-2261393000,18(2.86 %),128320,2290185000,253990,4551578000,49543419,33.11
10/01/2012,-212530,-3879164000,18.3(1.67 %),190920,3475828000,403450,7354992000,49755949,33.06
11/01/2012,-231970,-4212567000,18.3(0.00 %),22910,419397000,254880,4631964000,49987919,33.01
12/01/2012,-279590,-5014998000,17.8(-2.73 %),90510,1620951000,370100,6635949000,50267509,32.95
13/01/2012,52060,947948000,18.3(2.81 %),76060,1380748000,24000,432800000,50215449,32.96
16/01/2012,187390,3485726000,18.6(1.64 %),201490,3746356000,14100,260630000,50028059,33.0
17/01/2012,153590,2838127000,18.3(-1.61 %),154430,2853751000,840,15624000,49874469,33.04
18/01/2012,97430,1787062000,18.3(0.00 %),97430,1787062000,0,0,49777039,33.06
19/01/2012,165060,3160167000,19.2(4.92 %),177560,3391217000,12500,231050000,49611979,33.09
20/01/2012,84300,1663990000,19.8(3.12 %),84850,1674920000,550,10930000,49527679,33.11
30/01/2012,286920,5851172000,20.7(4.55 %),297120,6054172000,10200,203000000,49240759,33.17
31/01/2012,388760,8432825000,21.7(4.83 %),617170,13386218000,228410,4953393000,48851999,33.26
01/02/2012,403720,9010331000,22.7(4.61 %),467220,10400441000,63500,1390110000,48656451,33.3
02/02/2012,84200,1985960000,23.8(4.85 %),84750,1998950000,550,12990000,48572251,33.32
03/02/2012,627160,15543426000,24.9(4.62 %),657660,16302876000,30500,759450000,47945091,33.45
06/02/2012,-19920,-467789000,24(-3.61 %),58830,1455150000,78750,1922939000,47965011,33.45
07/02/2012,75200,1781708000,23.5(-2.08 %),142190,3369534000,66990,1587826000,47889811,33.46
08/02/2012,109610,2676564000,24.6(4.68 %),127550,3116306000,17940,439742000,47780201,33.48
09/02/2012,11670,300295000,24.5(-0.41 %),50780,1261727000,39110,961432000,47768531,33.49
10/02/2012,96970,2334257000,23.4(-4.49 %),97470,2346357000,500,12100000,47671561,33.51
13/02/2012,63620,1467953000,22.4(-4.27 %),63620,1467953000,0,0,47607941,33.52
14/02/2012,-227030,-5089821000,23.5(4.91 %),113770,2619317000,340800,7709138000,47834971,33.47
15/02/2012,-75670,-1777344000,23.5(0.00 %),64330,1516634000,140000,3293978000,47910641,33.46
16/02/2012,-237080,-5544669000,23.2(-1.28 %),66180,1542016000,303260,7086685000,48147721,33.41
17/02/2012,-21120,-495132000,23.9(3.02 %),626480,14796877000,647600,15292009000,48168841,33.4
20/02/2012,-383420,-9576600000,25(4.60 %),65600,1625900000,449020,11202500000,48552261,33.32
21/02/2012,122210,3218278000,25.1(0.40 %),458140,11727311000,335930,8509033000,48430051,33.35
22/02/2012,-93910,-2453908000,26.3(4.78 %),258400,6649702000,352310,9103610000,48523961,33.33
23/02/2012,33150,888844000,27.6(4.94 %),392990,10718886000,359840,9830042000,48490811,33.33
24/02/2012,-330260,-8579941000,27.6(0.00 %),761040,21722639000,1091300,30302580000,48821071,33.26
27/02/2012,-635000,-18368668000,28.9(4.71 %),291680,8297928000,926680,26666596000,49456071,33.13
28/02/2012,188790,5360719000,28.6(-1.04 %),268190,7608389000,79400,2247670000,49267281,33.17
29/02/2012,1730790,48913702000,29(1.40 %),2164720,61336850000,433930,12423148000,47536491,33.54
01/03/2012,256960,7721967000,30.2(4.14 %),354660,10572181000,97700,2850214000,46905261,33.67
02/03/2012,-126440,-3981024000,31.5(4.30 %),76160,2330866000,202600,6311890000,47031701,33.65
05/03/2012,-12722054,-382396800000,33(4.76 %),53190,1738170000,12775244,384134970000,59753755,30.92
06/03/2012,81010,2902645000,32.9(-0.30 %),470200,16029195000,389190,13126550000,59672745,30.94
07/03/2012,231990,7640531000,33.8(2.74 %),396390,13060562000,164400,5420031000,59440755,30.99
08/03/2012,344250,11027507000,32.2(-4.73 %),618960,20005450000,274710,8977943000,59096505,31.06
09/03/2012,-97800,-2973940000,30.6(-4.97 %),105770,3280274000,203570,6254214000,59194305,31.04
12/03/2012,88130,2570545000,29.1(-4.90 %),369950,10824497000,281820,8253952000,59106175,31.06
13/03/2012,-184740,-5097011000,29.2(0.34 %),185760,5257939000,370500,10354950000,59290915,31.02
14/03/2012,437320,12558924000,28.9(-1.03 %),741150,21296103000,303830,8737179000,58853595,31.12
15/03/2012,10451400,292584464000,29.7(2.77 %),11315300,316844834000,863900,24260370000,48402195,33.35
16/03/2012,-1041970,-29938942000,28.3(-4.71 %),200460,5909979000,1242430,35848921000,49444165,33.13
19/03/2012,-291950,-8259427000,28.1(-0.71 %),24650,687415000,316600,8946842000,49736115,33.07
20/03/2012,-221300,-6355167000,29.1(3.56 %),47040,1339292000,268340,7694459000,49957415,33.02
21/03/2012,-116450,-3410809000,29.1(0.00 %),76670,2287799000,193120,5698608000,50073865,32.99
22/03/2012,-26980,-800436000,30(3.09 %),130700,3891920000,157680,4692356000,50100845,32.99
23/03/2012,259170,7913465000,30.3(1.00 %),341600,10415304000,82430,2501839000,49841675,33.04
26/03/2012,149390,4456160000,29.6(-2.31 %),171620,5124664000,22230,668504000,49692285,33.08
27/03/2012,130980,3817708000,28.2(-4.73 %),146390,4268814000,15410,451106000,49561305,33.1
28/03/2012,88730,2489405000,28.2(0.00 %),90230,2531655000,1500,42250000,49472575,33.12
29/03/2012,-516950,-14296876000,27.3(-3.19 %),31150,865440000,548100,15162316000,49989525,33.01
30/03/2012,179340,4847313000,26.9(-1.47 %),303740,8204642000,124400,3357329000,49810185,33.05
03/04/2012,-250410,-6890847000,28.1(4.46 %),80720,2215199000,331130,9106046000,49574880,33.1
04/04/2012,36000,993574000,27.7(-1.42 %),216450,6015320000,180450,5021746000,49538880,33.11
05/04/2012,-101920,-2846982000,29(4.69 %),72600,2012460000,174520,4859442000,49640800,33.09
06/04/2012,121840,3638393000,30.4(4.83 %),179610,5388456000,57770,1750063000,49518960,33.11
09/04/2012,-84910,-2637756000,31.1(2.30 %),35110,1088619000,120020,3726375000,49603870,33.09
10/04/2012,-131650,-4072835000,30.2(-2.89 %),99900,3103903000,231550,7176738000,49735520,33.07
11/04/2012,-287950,-8821934000,31.7(4.97 %),31420,964328000,319370,9786262000,50023470,33.0
12/04/2012,20720,625003000,31.3(-1.26 %),93020,2929229000,72300,2304226000,50002750,33.01
13/04/2012,59420,1867744000,30.7(-1.92 %),126170,3924977000,66750,2057233000,49943330,33.02
16/04/2012,52920,1668848000,32(4.23 %),58920,1858748000,6000,189900000,49890410,33.03
17/04/2012,-8890,-273411000,31.8(-0.62 %),74900,2403676000,83790,2677087000,49899300,33.03
18/04/2012,-25510,-805800000,31.7(-0.31 %),68150,2178020000,93660,2983820000,49924810,33.03
19/04/2012,-169620,-5271042000,30.2(-4.73 %),130050,3978048000,299670,9249090000,50094430,32.99
20/04/2012,101300,3092363000,30.8(1.99 %),103550,3161588000,2250,69225000,49993130,33.01
23/04/2012,33110,1034295000,31.5(2.27 %),34250,1069635000,1140,35340000,49960020,33.02
24/04/2012,-55490,-1593313000,28.7(4.74 %),27700,791740000,83190,2385053000,50015510,33.01
25/04/2012,19370,570215000,29.4(2.44 %),66870,1978615000,47500,1408400000,49996140,33.01
26/04/2012,10730,327180000,28.3(-3.74 %),74260,2140134000,63530,1812954000,49985410,33.01
27/04/2012,38550,1098676000,28.5(0.71 %),44550,1267876000,6000,169200000,49946860,33.02
02/05/2012,399140,11362404000,28.1(-1.40 %),414500,11795082000,15360,432678000,50566950,32.89
03/05/2012,28330,798086000,28.2(0.36 %),59980,1686126000,31650,888040000,50538620,32.89
04/05/2012,105770,3020593000,28.3(0.35 %),105920,3024838000,150,4245000,50432850,32.92
07/05/2012,228460,6452862000,28.4(0.35 %),236060,6666702000,7600,213840000,50204390,32.97
08/05/2012,658710,19180981000,29.8(4.93 %),829410,24183618000,170700,5002637000,49545680,33.11
09/05/2012,328960,10208247000,31.2(4.70 %),380310,11807237000,51350,1598990000,49216720,33.18
10/05/2012,187410,6062215000,32.1(2.88 %),269440,8649796000,82030,2587581000,49029310,33.22
11/05/2012,369400,11835924000,30.6(-4.67 %),481600,15366689000,112200,3530765000,48659910,33.3
14/05/2012,-91660,-2669801000,29.1(-4.90 %),72340,2155224000,164000,4825025000,48751570,33.28
15/05/2012,-314070,-8946713000,28.2(-3.09 %),93810,2675472000,407880,11622185000,49065640,33.21
16/05/2012,30940,857209000,28.7(1.77 %),108090,3071174000,77150,2213965000,49034700,33.22
17/05/2012,-321680,-9106037000,28(-2.44 %),181090,5189588000,502770,14295625000,49356380,33.15
18/05/2012,-938160,-25777125000,27.7(-1.07 %),11990,327280000,950150,26104405000,50294540,32.95
21/05/2012,-422500,-11977613000,29(4.69 %),0,0,422500,11977613000,50717040,32.86
22/05/2012,-247370,-7058715000,28.2(-2.76 %),1430,41008000,248800,7099723000,50964410,32.8
23/05/2012,-387250,-10594273000,27.6(-2.13 %),35930,989600000,423180,11583873000,51351660,32.72
24/05/2012,-1018650,-27947976000,27.4(-0.72 %),915000,25246700000,1933650,53194676000,52370310,32.5
25/05/2012,-700660,-19627501000,27.9(1.82 %),57600,1610410000,758260,21237911000,53070970,32.35
28/05/2012,12190,362716000,27.8(-0.36 %),45400,1295118000,33210,932402000,53058780,32.36
29/05/2012,-262950,-7246606000,27.3(-1.80 %),112100,3027735000,375050,10274341000,53321730,32.3
30/05/2012,-24600,-672696000,27.3(0.00 %),460400,12834500000,485000,13507196000,53346330,38.85
31/05/2012,47960,1309624000,26.7(-2.20 %),60000,1639400000,12040,329776000,53298370,38.86
01/06/2012,2570,70326000,26.6(-0.37 %),1148230,31078348000,1145660,31008022000,60475687,37.32
04/06/2012,-820430,-20947763000,25.4(-4.51 %),12270,312885000,832700,21260648000,61296117,32.3
05/06/2012,-519330,-13498624000,26.6(4.72 %),280070,7442987000,799400,20941611000,60995017,32.36
06/06/2012,-718840,-19737440000,27.7(4.14 %),95490,2651952000,814330,22389392000,61713857,32.23
07/06/2012,-118860,-3303424000,27.8(0.36 %),10000,280000000,128860,3583424000,61832717,32.2
08/06/2012,231690,6473002000,27.8(0.00 %),267840,7482075000,36150,1009073000,61601027,32.25
11/06/2012,36980,1033410000,27.9(0.36 %),42220,1180218000,5240,146808000,61564047,32.25
12/06/2012,-11850,-330986000,28(0.36 %),34830,968400000,46680,1299386000,61575897,32.25
13/06/2012,-280420,-7813587000,28(0.00 %),52990,1479980000,333410,9293567000,61856317,32.2
14/06/2012,65860,1835860000,28(0.00 %),191990,5355350000,126130,3519490000,61790457,32.21
15/06/2012,1241750,36089177000,29.2(4.29 %),1327450,38508867000,85700,2419690000,60548707,32.44
18/06/2012,151120,4409722000,29.2(0.00 %),173100,5051452000,21980,641730000,60397587,32.47
19/06/2012,109220,3140427000,28.9(-1.03 %),901418,25211777000,792198,22071350000,60288367,32.49
20/06/2012,-830,-22491000,28.8(-0.35 %),17150,492335000,17980,514826000,60289197,32.49
21/06/2012,101230,2914199000,28.5(-1.04 %),172980,4953899000,71750,2039700000,60187967,32.51
22/06/2012,831370,23638661000,28.4(-0.35 %),882370,25088986000,51000,1450325000,59356597,32.66
25/06/2012,-26630,-736231000,27.4(-3.52 %),7370,204869000,34000,941100000,59383227,32.66
26/06/2012,-2880,-74668000,26.9(-1.82 %),40000,1095600000,42880,1170268000,59386107,32.66
27/06/2012,-129690,-3549770000,27.4(1.86 %),5000,138670000,134690,3688440000,59515797,32.63
28/06/2012,1610,45531000,27.8(1.46 %),458021,12362915000,456411,12317384000,59514187,32.63
29/06/2012,117740,3316285000,27.8(0.00 %),151740,4272285000,34000,956000000,59396447,32.66
02/07/2012,-81830,-2257897000,27.8(0.00 %),35350,979788000,117180,3237685000,60413652,32.47
03/07/2012,22910,642270000,27.6(-0.72 %),36780,1021988000,13870,379718000,60390742,32.47
04/07/2012,-4970,-137186000,27.6(0.00 %),1260,34816000,6230,172002000,60395712,32.47
05/07/2012,-106560,-2936456000,27.8(0.72 %),24000,660000000,130560,3596456000,60502272,32.45
06/07/2012,126490,3574964000,28.5(2.52 %),128600,3634633000,2110,59669000,60375782,32.47
09/07/2012,38750,1090802000,28(-1.75 %),130000,3653702000,91250,2562900000,60337032,32.48
10/07/2012,-66150,-1831280000,28(0.00 %),135890,3834966000,202040,5666246000,60403182,32.47
11/07/2012,-66330,-1874561000,28.4(1.43 %),5730,162586000,72060,2037147000,60469512,32.46
12/07/2012,-69460,-1969570000,28.4(0.00 %),0,0,69460,1969570000,60538972,32.44
13/07/2012,51390,1475970000,29(2.11 %),55070,1582018000,3680,106048000,60487582,32.45
16/07/2012,-46010,-1335645000,29(0.00 %),19100,551745000,65110,1887390000,60533592,32.45
17/07/2012,29890,869994000,29.5(1.72 %),185960,5439182000,156070,4569188000,60503702,32.45
18/07/2012,78050,2317120000,29.7(0.68 %),267250,7919576000,189200,5602456000,60425652,32.47
19/07/2012,726710,22084771000,31.1(4.71 %),829260,25217140000,102550,3132369000,59698942,32.6
20/07/2012,98910,3473758000,29.6(-4.82 %),263100,8372053000,164190,4898295000,59600032,32.62
23/07/2012,-144500,-4200485000,29.5(-0.34 %),2810,81209000,147310,4281694000,59744532,32.59
24/07/2012,222280,6550266000,29.5(0.00 %),269350,7943028000,47070,1392762000,59522252,32.63
25/07/2012,2230,89490000,29.4(-0.34 %),156230,4533140000,154000,4443650000,59520022,32.63
26/07/2012,-95980,-2820582000,29.5(0.34 %),60000,1782000000,155980,4602582000,59616002,32.62
27/07/2012,373520,11234851000,29.6(0.34 %),387460,11651679000,13940,416828000,59242482,32.69
30/07/2012,-57900,-1697635000,29.6(0.00 %),14290,420129000,72190,2117764000,59300382,32.67
31/07/2012,-22680,-672122000,29.2(-1.35 %),24900,733188000,47580,1405310000,59323062,32.67
01/08/2012,-48440,-1403432000,29.1(-0.34 %),34130,990091000,82570,2393523000,59507235,32.64
02/08/2012,-15140,-442420000,28.9(-0.69 %),2440,70516000,17580,512936000,59522375,32.63
03/08/2012,5700,164460000,28.8(-0.35 %),15700,454460000,10000,290000000,59516675,32.63
06/08/2012,-38170,-1110439000,29.1(1.04 %),65040,1896892000,103210,3007331000,59554845,32.63
07/08/2012,-13350,-388485000,29(-0.34 %),12690,369279000,26040,757764000,59568195,32.62
08/08/2012,10050,292577000,29.4(1.38 %),17000,495622000,6950,203045000,59558145,32.63
09/08/2012,-16200,-468441000,29.9(1.70 %),35290,1054613000,51490,1523054000,59574345,32.62
10/08/2012,-5730,-170710000,29.7(-0.67 %),26600,794278000,32330,964988000,59580075,32.62
13/08/2012,-7560,-222447000,29.3(-1.35 %),510,15147000,8070,237594000,59587635,32.62
14/08/2012,-36940,-1080964000,29.2(-0.34 %),0,0,36940,1080964000,59624575,32.61
15/08/2012,-32610,-952576000,29.2(0.00 %),0,0,32610,952576000,59657185,32.61
16/08/2012,-51250,-1490600000,29(-0.68 %),3000,87300000,54250,1577900000,59708435,32.6
17/08/2012,50280,1479688000,29.7(2.41 %),52000,1530428000,1720,50740000,59658155,32.61
20/08/2012,-4720,-140632000,30.4(2.36 %),141802,4112958000,146522,4253590000,59662875,32.61
21/08/2012,103470,2992433000,28.9(-4.93 %),104590,3024801000,1120,32368000,59559405,32.63
22/08/2012,133890,3777284000,28.7(-0.69 %),181970,5143097000,48080,1365813000,59425515,32.65
23/08/2012,105750,2925000000,27.3(-4.88 %),132000,3660000000,26250,735000000,59319765,32.67
24/08/2012,-118310,-3045908000,27.2(-0.37 %),144250,3888125000,262560,6934033000,59438075,32.65
27/08/2012,-33860,-887616000,25.9(-4.78 %),200,5200000,34060,892816000,59471935,32.64
28/08/2012,-122230,-3027060000,24.7(-4.63 %),44080,1103182000,166310,4130242000,59594165,32.62
29/08/2012,-93220,-2302634000,24.8(0.40 %),2780,68966000,96000,2371600000,59687385,32.6
30/08/2012,428490,11072080000,26(4.84 %),439000,11344287000,10510,272207000,59258895,32.68
31/08/2012,518500,14023943000,26.7(2.69 %),626200,16929520000,107700,2905577000,58740395,32.78
04/09/2012,117390,3171384000,26.5(-0.75 %),131900,3556131000,14510,384747000,58636065,32.8
05/09/2012,635000,16622655000,26.3(-0.75 %),833190,21835716000,198190,5213061000,58001065,32.92
06/09/2012,177390,4656143000,26(-1.14 %),205270,5388899000,27880,732756000,57823675,32.95
07/09/2012,57220,1489689000,25.9(-0.38 %),90220,2347289000,33000,857600000,57766455,32.96
10/09/2012,-21100,-528823000,24.7(-4.63 %),145100,3604690000,166200,4133513000,57787555,32.96
11/09/2012,154600,3694483000,23.6(-4.45 %),331130,7858989000,176530,4164506000,57632955,32.99
12/09/2012,30550,733000000,23.8(0.85 %),30550,733000000,0,0,57602405,32.99
13/09/2012,-16600,-392157000,23.7(-0.42 %),26550,629055000,43150,1021212000,57619005,32.99
14/09/2012,-281850,-6779688000,24(1.27 %),5300,127700000,287150,6907388000,57900855,32.94
17/09/2012,52130,1241084000,23.9(-0.42 %),122130,2916584000,70000,1675500000,57848725,32.94
18/09/2012,182510,4302322000,23.5(-1.67 %),183940,4336299000,1430,33977000,57666215,32.98
19/09/2012,241950,5645944000,23.3(-0.85 %),266650,6216238000,24700,570294000,57424265,33.02
20/09/2012,117070,2651742000,22.6(-3.00 %),158080,3566125000,41010,914383000,57307195,33.05
21/09/2012,273950,6473419000,23.5(3.98 %),615450,14379785000,341500,7906366000,57033245,33.1
24/09/2012,-96840,-2185086000,22.4(-4.68 %),8400,189830000,105240,2374916000,57130085,33.08
25/09/2012,38450,880208000,21.7(-3.12 %),66000,1491600000,27550,611392000,57091635,33.09
26/09/2012,-99870,-2161292000,21.8(0.46 %),3150,68340000,103020,2229632000,57191505,33.07
27/09/2012,-204330,-4349026000,20.9(-4.13 %),10250,219525000,214580,4568551000,57395835,33.03
28/09/2012,-75390,-1545322000,20.4(-2.39 %),10650,218461000,86040,1763783000,57471225,33.02
01/10/2012,-15880,-317989000,20.3(-0.49 %),20050,408890000,35930,726879000,57250755,33.06
02/10/2012,-33780,-678547000,20.3(0.00 %),1220,24453000,35000,703000000,57284535,33.05
03/10/2012,41400,851828000,20.9(2.96 %),49150,1013838000,7750,162010000,57243135,33.06
04/10/2012,13530,279694000,20.7(-0.96 %),14100,291550000,570,11856000,57229605,33.06
05/10/2012,455990,9538758000,21.2(2.42 %),505990,10580858000,50000,1042100000,56773615,33.14
08/10/2012,315500,6975583000,22.2(4.72 %),315820,6982367000,320,6784000,56458115,33.2
09/10/2012,20310,453873000,22.4(0.90 %),44170,988908000,23860,535035000,56437805,33.21
10/10/2012,-1470,-32856000,22.3(-0.45 %),250,5500000,1720,38356000,56439275,33.21
11/10/2012,-14510,-323523000,22.5(0.90 %),500,11050000,15010,334573000,56453785,33.2
12/10/2012,90770,2038013000,22.6(0.44 %),101500,2277600000,10730,239587000,56363015,33.22
15/10/2012,-480,-10704000,22.5(-0.44 %),0,0,480,10704000,56363495,33.22
16/10/2012,-24490,-548078000,22.8(1.33 %),1000,22700000,25490,570778000,56387985,33.22
17/10/2012,91450,2082568000,22.7(-0.44 %),92850,2114488000,1400,31920000,56296535,33.23
18/10/2012,16320,368690000,22.3(-1.76 %),23910,539465000,7590,170775000,56280215,33.24
19/10/2012,-7990,-155746000,21.3(-4.48 %),24650,546865000,32640,702611000,56288205,33.24
22/10/2012,-34800,-736544000,21.3(0.00 %),23310,489725000,58110,1226269000,56323005,33.23
23/10/2012,10080,215641000,21.3(0.00 %),23010,489711000,12930,274070000,56312925,33.23
24/10/2012,27930,594217000,21.1(-0.94 %),28930,615617000,1000,21400000,56284995,33.24
25/10/2012,-250,-5380000,20.8(-1.42 %),200,4160000,450,9540000,56285245,33.24
26/10/2012,79560,1661992000,21(0.96 %),80020,1671606000,460,9614000,56205685,19.27
29/10/2012,-57240,-1181840000,20.8(-0.95 %),0,0,57240,1181840000,56262925,33.24
30/10/2012,-660,-14375000,20.7(-0.48 %),6500,134553000,7160,148928000,56263585,33.24
31/10/2012,-3310,-49510000,20.8(0.48 %),90290,1857370000,93600,1906880000,56266895,33.24
01/11/2012,-34080,-710298000,20.9(0.48 %),100,2080000,34180,712378000,56548369,33.19
02/11/2012,47580,947349000,19.9(-4.78 %),76280,1523472000,28700,576123000,56500789,33.2
05/11/2012,-1220,-24413000,20(0.50 %),80,1587000,1300,26000000,56502009,33.2
06/11/2012,-380,-7540000,19.9(-0.50 %),350,7000000,730,14540000,56502389,33.2
07/11/2012,-65530,-1321386000,20.3(2.01 %),87640,1773673000,153170,3095059000,56567919,33.18
08/11/2012,237320,4951970000,21(3.45 %),348320,7242100000,111000,2290130000,56330599,33.23
09/11/2012,-391700,-7937215000,20.1(-4.29 %),127150,2583050000,518850,10520265000,56722299,33.15
12/11/2012,-72430,-1464507000,20.7(2.99 %),289230,5858981000,361660,7323488000,56794729,33.14
13/11/2012,-40510,-831636000,20.3(-1.93 %),0,0,40510,831636000,56835239,33.13
14/11/2012,-399980,-8051296000,19.9(-1.97 %),8070,161716000,408050,8213012000,57235219,33.06
15/11/2012,168220,3403613000,20.2(1.51 %),251020,5079975000,82800,1676362000,57066999,33.09
16/11/2012,-16240,-327612000,20.2(0.00 %),143020,2889004000,159260,3216616000,57083239,33.09
19/11/2012,-553390,-10775234000,19.2(-4.95 %),200,3870000,553590,10779104000,57636629,32.98
20/11/2012,-332490,-6528941000,20(4.17 %),0,0,332490,6528941000,57969119,32.92
21/11/2012,-339880,-6882158000,20.3(1.50 %),34230,689021000,374110,7571179000,58308999,32.86
22/11/2012,9330,187586000,20.3(0.00 %),11050,222330000,1720,34744000,58299669,32.86
23/11/2012,-104450,-2091723000,20.1(-0.99 %),400,7970000,104850,2099693000,58404119,32.84
26/11/2012,-301160,-5869097000,20.3(1.00 %),23950,465636000,325110,6334733000,58705279,32.79
27/11/2012,-86640,-1737016000,20.1(-0.99 %),2050,40990000,88690,1778006000,58791919,32.77
28/11/2012,-68000,-1347744000,19.8(-1.49 %),65254,1250081000,133254,2597825000,58859919,32.76
29/11/2012,-48960,-969777000,19.8(0.00 %),29000,574200000,77960,1543977000,58908879,32.75
30/11/2012,-358850,-7040161000,19.8(0.00 %),155490,3102654000,514340,10142815000,59267729,32.68
03/12/2012,-124190,-2412625000,19.4(-2.02 %),180810,3515175000,305000,5927800000,58613451,32.8
04/12/2012,-487490,-9406735000,19.5(0.52 %),39550,768242000,527040,10174977000,59100941,32.71
05/12/2012,23800,468687000,19.7(1.03 %),24300,478537000,500,9850000,59077141,32.72
06/12/2012,2000,39200000,19.8(0.51 %),2000,39200000,0,0,59075141,32.72
07/12/2012,-99200,-1954676000,19.8(0.00 %),27250,538060000,126450,2492736000,59174341,32.7
10/12/2012,-37160,-734852000,19.8(0.00 %),0,0,37160,734852000,59211501,32.69
11/12/2012,321030,6562602000,20.5(3.54 %),331630,6774147000,10600,211545000,58890471,32.75
12/12/2012,102020,2113560000,20.8(1.46 %),168160,3470784000,66140,1357224000,58788451,32.77
13/12/2012,150100,3196562000,21.4(2.88 %),167910,3575652000,17810,379090000,58638351,32.8
14/12/2012,-6560,-139552000,21.1(-1.40 %),198160,4240640000,204720,4380192000,58795011,32.77
17/12/2012,136770,3041950000,21.9(3.79 %),305870,6672295000,169100,3630345000,58658241,32.79
18/12/2012,276600,6040488000,21.7(-0.91 %),765520,16726044000,488920,10685556000,58381641,32.85
19/12/2012,874420,19179494000,21.9(0.92 %),904410,19837805000,29990,658311000,57507221,33.01
20/12/2012,660540,14393696000,21.7(-0.91 %),661040,14404646000,500,10950000,56846681,33.13
21/12/2012,1150770,24931459000,21.7(0.00 %),1307310,28311037000,156540,3379578000,55695911,33.35
24/12/2012,117990,2596705000,21.8(0.46 %),232800,5058202000,114810,2461497000,55577921,33.37
25/12/2012,97180,2116196000,21.7(-0.46 %),99730,2171614000,2550,55418000,55480741,33.39
26/12/2012,-219370,-4643965000,21.6(-0.46 %),33210,711821000,252580,5355786000,55700111,33.34
27/12/2012,73420,1593292000,21.7(0.46 %),74110,1608265000,690,14973000,55626691,33.36
28/12/2012,65750,1426775000,21.6(-0.46 %),66250,1437625000,500,10850000,55560941,33.37
02/01/2013,35730,791434000,22.3(3.24 %),35730,791434000,0,0,56091991,33.27
03/01/2013,164420,3733300000,22.6(1.35 %),271520,6130556000,107100,2397256000,55927571,33.3
04/01/2013,106200,2442448000,23.5(3.98 %),242920,5575447000,136720,3132999000,55821371,33.32
07/01/2013,742440,18205938000,24.6(4.68 %),1016080,24818599000,273640,6612661000,55078931,33.46
08/01/2013,288230,7385641000,25.8(4.88 %),507580,13003088000,219350,5617447000,54790701,33.51
09/01/2013,1197960,31779866000,24.8(-3.88 %),1198770,31801504000,810,21638000,53592741,33.74
10/01/2013,233800,5994798000,26(4.84 %),256250,6560993000,22450,566195000,53358941,33.78
11/01/2013,137190,3774981000,26.9(3.46 %),687590,18532429000,550400,14757448000,53221751,33.81
14/01/2013,184890,4880207000,26.3(-2.23 %),209570,5532791000,24680,652584000,53036861,33.84
15/01/2013,235050,6377536000,27.3(3.80 %),630120,16914388000,395070,10536852000,52801811,33.88
16/01/2013,537480,15159369000,28.6(4.76 %),610390,17258082000,72910,2098713000,52264331,33.98
17/01/2013,316540,9064420000,27.7(-3.15 %),357860,10247869000,41320,1183449000,51947791,34.04
18/01/2013,357890,9979587000,28(1.08 %),545420,15190196000,187530,5210609000,51589901,34.11
21/01/2013,-129250,-3569061000,27.3(-2.50 %),2000,56000000,131250,3625061000,51719151,34.09
22/01/2013,-1240,8151000,26.3(-3.66 %),107580,2915439000,108820,2907288000,51720391,34.09
23/01/2013,-195020,-5082046000,25.7(-2.28 %),67840,1756966000,262860,6839012000,51915411,34.05
24/01/2013,107550,2907244000,27.3(6.23 %),140640,3782743000,33090,875499000,51807861,34.07
25/01/2013,709660,20172282000,28.9(5.86 %),847830,24082076000,138170,3909794000,51098201,34.2
28/01/2013,48480,1467288000,29(0.35 %),167870,4939516000,119390,3472228000,51049721,34.21
29/01/2013,485820,14368834000,29.6(2.07 %),682600,20065125000,196780,5696291000,50563901,34.3
30/01/2013,349590,10380203000,29.7(0.34 %),572170,17011106000,222580,6630903000,50214311,34.37
31/01/2013,305000,8850195000,28.8(-3.03 %),577510,16773161000,272510,7922966000,49909311,34.42
01/02/2013,-27300,-631526000,28.9(0.35 %),482670,13832791000,509970,14464317000,49150244,34.56
04/02/2013,-515010,-14713603000,28.2(-2.42 %),121880,3495127000,636890,18208730000,49665254,34.47
05/02/2013,-411250,-11516143000,28(-0.71 %),288760,8067235000,700010,19583378000,50076504,34.39
06/02/2013,462470,13540492000,29.6(5.71 %),588650,17227690000,126180,3687198000,49614034,34.48
07/02/2013,241000,7454991000,30.5(3.04 %),334920,10343223000,93920,2888232000,49373034,34.52
08/02/2013,52990,1616021000,30.4(-0.33 %),82070,2502365000,29080,886344000,49320044,34.53
18/02/2013,-78910,-2386385000,30(-1.32 %),31730,960179000,110640,3346564000,49398954,34.52
19/02/2013,76290,2204635000,30.3(1.00 %),642540,19603756000,566250,17399121000,49322664,34.53
20/02/2013,161490,4975081000,30.8(1.65 %),244760,7518010000,83270,2542929000,49161174,34.56
21/02/2013,253920,7934358000,29(-5.84 %),307150,9599626000,53230,1665268000,48907254,34.61
22/02/2013,184330,5464437000,29.4(1.38 %),225420,6701336000,41090,1236899000,48722924,34.64
25/02/2013,111430,3335640000,29.9(1.70 %),118440,3545411000,7010,209771000,48611494,34.66
26/02/2013,-123990,-3591149000,27.9(-6.69 %),79710,2296593000,203700,5887742000,48735484,34.64
27/02/2013,-255120,-7035960000,27.6(-1.08 %),88830,2446635000,343950,9482595000,48990604,34.59
28/02/2013,-67400,-1885653000,27.9(1.09 %),119210,3346772000,186610,5232425000,49058004,34.58
01/03/2013,48250,1359085000,28(0.36 %),115900,3266196000,67650,1907111000,49362625,34.52
04/03/2013,-78260,-1959588000,26.2(-6.43 %),78880,2157480000,157140,4117068000,49440885,34.51
05/03/2013,57450,1534831000,25.5(-2.67 %),121000,3170500000,63550,1635669000,49383435,34.52
06/03/2013,9830,264648000,26.7(4.71 %),63320,1660975000,53490,1396327000,49373605,34.52
07/03/2013,-30190,-793182000,26.4(-1.12 %),146500,3952830000,176690,4746012000,49403795,34.52
08/03/2013,36400,977243000,26.8(1.52 %),61800,1656011000,25400,678768000,49367395,34.52
11/03/2013,-237290,-6424128000,27.5(2.61 %),60800,1628336000,298090,8052464000,49604685,34.48
12/03/2013,-74800,-2089374000,27.4(-0.36 %),126770,3482593000,201570,5571967000,49679485,34.47
13/03/2013,121330,3324894000,27.3(-0.36 %),228160,6237638000,106830,2912744000,49558155,34.49
14/03/2013,176600,4815091000,27.4(0.37 %),277780,7568538000,101180,2753447000,49381555,34.52
15/03/2013,324440,8944922000,27.6(0.73 %),750550,20685302000,426110,11740380000,49057115,34.58
18/03/2013,-15240,-416279000,27.2(-1.45 %),84800,2311895000,100040,2728174000,49072355,34.58
19/03/2013,71110,1919299000,27(-0.74 %),115680,3120928000,44570,1201629000,49001245,34.59
20/03/2013,-183580,-4961874000,27.1(0.37 %),221850,5991479000,405430,10953353000,49184825,34.56
21/03/2013,-100940,-2784952000,27.6(1.85 %),65100,1800682000,166040,4585634000,49285765,34.54
22/03/2013,17230,493463000,27.4(-0.72 %),67180,1860868000,49950,1367405000,49268535,34.54
25/03/2013,266850,7413964000,27.9(1.82 %),315150,8744600000,48300,1330636000,49001685,34.59
26/03/2013,107900,3041284000,28.1(0.72 %),154610,4359020000,46710,1317736000,48893785,34.61
27/03/2013,-11420,-293802000,27.7(-1.42 %),119760,3353084000,131180,3646886000,48905205,34.61
28/03/2013,93190,2611296000,27.5(-0.72 %),183700,5127200000,90510,2515904000,48812015,34.63
29/03/2013,-39360,-1054268000,27.1(-1.45 %),1460,39708000,40820,1093976000,48851375,34.62
01/04/2013,268370,7375813000,28.2(4.06 %),324820,8926582000,56450,1550769000,48951335,34.6
02/04/2013,29670,871866000,28.3(0.35 %),214840,6086825000,185170,5214959000,48921665,34.61
03/04/2013,-26490,-675580000,27.6(-2.47 %),147000,4117385000,173490,4792965000,48948155,34.6
04/04/2013,-113550,-2914640000,25.5(3.24 %),101800,2642740000,215350,5557380000,49061705,34.58
05/04/2013,100690,2591318000,25.8(1.18 %),108160,2783497000,7470,192179000,48961015,34.6
08/04/2013,-300970,-7819442000,26(0.78 %),152320,3985330000,453290,11804772000,49261985,34.54
09/04/2013,-418130,-10749325000,25.6(-1.54 %),103400,2686950000,521530,13436275000,49680115,34.46
10/04/2013,-882130,-21978611000,24.2(-5.47 %),27700,709820000,909830,22688431000,50562245,34.3
11/04/2013,-85040,-2059784000,24.6(1.65 %),122030,3001888000,207070,5061672000,50647285,34.28
12/04/2013,-247780,-5866082000,23.7(-3.66 %),13100,322540000,260880,6188622000,50895065,34.24
15/04/2013,-48020,-1108541000,22.5(-5.06 %),105310,2405898000,153330,3514439000,50943085,34.23
16/04/2013,-201710,-4448290000,22.2(-1.33 %),55800,1230358000,257510,5678648000,51144795,34.19
17/04/2013,-139870,-3125265000,22.3(0.45 %),42500,957250000,182370,4082515000,51284665,34.17
18/04/2013,-31030,-693910000,22.1(-0.90 %),717090,15818074000,748120,16511984000,51315695,28.27
22/04/2013,59350,1296310000,21.6(-2.26 %),212670,4637753000,153320,3341443000,51256345,28.28
23/04/2013,-288470,-6188699000,21.2(-1.85 %),54000,1154650000,342470,7343349000,51544815,28.23
24/04/2013,-405150,-8631937000,21.1(-0.47 %),31380,664148000,436530,9296085000,51949965,28.15
25/04/2013,-191710,-4091832000,21.6(2.37 %),200,4280000,191910,4096112000,52141675,28.12
26/04/2013,-101610,-2308184000,22.6(4.63 %),117070,2602640000,218680,4910824000,52243285,28.1
02/05/2013,-337570,-7551415000,22(-2.65 %),12980,295160000,350550,7846575000,20050998,34.09
03/05/2013,-188720,-4163988000,22.1(0.45 %),101280,2231160000,290000,6395148000,20239718,34.05
06/05/2013,101620,2301934000,23.2(4.98 %),156550,3542845000,54930,1240911000,20138098,34.07
07/05/2013,-84880,-1922524000,22.7(-2.16 %),125000,2883000000,209880,4805524000,20222978,34.06
08/05/2013,837750,19520109000,23.5(3.52 %),1167790,27188043000,330040,7667934000,19385228,34.21
09/05/2013,-29910,-700243000,23.3(-0.85 %),110700,2576820000,140610,3277063000,19415138,34.21
10/05/2013,57500,1325239000,22.7(-2.58 %),60500,1394539000,3000,69300000,19357638,34.22
13/05/2013,3400,94860000,22.8(0.44 %),68400,1559460000,65000,1464600000,19354238,34.22
14/05/2013,-1007280,-21867881000,21.4(-6.14 %),159130,3457200000,1166410,25325081000,20361518,34.03
15/05/2013,97740,2064701000,21.2(-0.93 %),246430,5171949000,148690,3107248000,20263778,34.05
16/05/2013,49380,1087220000,21.9(3.30 %),60560,1328272000,11180,241052000,20214398,34.06
17/05/2013,-193340,-4206255000,21.8(-0.46 %),106680,2321269000,300020,6527524000,20407738,34.02
20/05/2013,31090,681529000,22.1(1.38 %),85770,1870957000,54680,1189428000,20376648,34.03
21/05/2013,-43050,-961197000,23(4.07 %),1000,22500000,44050,983697000,20419698,34.02
22/05/2013,24340,562512000,22.9(-0.43 %),29290,675390000,4950,112878000,20395358,34.02
23/05/2013,-221350,-4971056000,22(-3.93 %),153160,3410670000,374510,8381726000,20616708,33.98
24/05/2013,-405270,-8875839000,21.7(-1.36 %),44010,974622000,449280,9850461000,21021978,33.91
27/05/2013,76610,1845716000,23(5.99 %),209000,4782556000,132390,2936840000,20945368,33.92
28/05/2013,-296760,-6738540000,22.9(-0.43 %),50460,1146600000,347220,7885140000,21242128,33.87
29/05/2013,-441330,-10052615000,22.8(-0.44 %),94770,2147545000,536100,12200160000,21683458,33.78
30/05/2013,-70480,-1576418000,22.8(0.00 %),133900,3032130000,204380,4608548000,21753938,33.77
31/05/2013,-1599440,-36968083000,22.8(0.00 %),93460,2144532000,1692900,39112615000,23353378,33.47
03/06/2013,-439990,-9928159000,22.5(-1.32 %),159490,3620422000,599480,13548581000,21958203,33.73
04/06/2013,-692480,-15862115000,22.6(0.44 %),402420,9095750000,1094900,24957865000,22650683,33.6
05/06/2013,-640750,-14428209000,22.7(0.44 %),158450,3579160000,799200,18007369000,23291433,33.49
06/06/2013,-254220,-5954492000,23.7(4.41 %),0,0,254220,5954492000,23545653,33.44
07/06/2013,-901360,-21401970000,23.5(-0.84 %),69600,1656274000,970960,23058244000,24447013,33.27
10/06/2013,-1176750,-27181888000,22.7(-3.40 %),7000,160550000,1183750,27342438000,25623763,33.05
11/06/2013,-229910,-5209397000,22.4(-1.32 %),252190,5693384000,482100,10902781000,25853673,33.01
12/06/2013,-1771650,-40291755000,22.5(0.45 %),242310,5463585000,2013960,45755340000,27625323,32.68
13/06/2013,-11030,-249881000,22.8(1.33 %),5000,114000000,16030,363881000,27636353,32.68
14/06/2013,-738330,-16731436000,22.5(-1.32 %),80500,1850110000,818830,18581546000,28374683,32.54
17/06/2013,-1441330,-31610204000,21.5(-4.44 %),34110,753321000,1475440,32363525000,29816013,32.27
18/06/2013,-836120,-17795331000,21.5(0.00 %),2050,43655000,838170,17838986000,30652133,32.12
19/06/2013,-1043730,-22591598000,21.7(0.93 %),9100,196110000,1052830,22787708000,31695863,31.92
20/06/2013,-857380,-18622478000,21.7(0.00 %),100,2180000,857480,18624658000,32553243,31.76
21/06/2013,-4826920,-108512761000,22.6(4.15 %),358300,8085020000,5185220,116597781000,37380163,30.86
24/06/2013,-710730,-15573201000,21.8(-3.54 %),29500,652070000,740230,16225271000,38090893,30.73
25/06/2013,-500470,-10402024000,20.6(-5.50 %),18490,389683000,518960,10791707000,38591363,38.2
26/06/2013,-1165680,-23802601000,20.4(-0.97 %),56040,1133346000,1221720,24935947000,39757043,37.99
27/06/2013,-298480,-6174835000,20.9(2.45 %),21200,436720000,319680,6611555000,40055523,37.93
28/06/2013,-190900,-3990026000,20.7(-0.96 %),9100,191870000,200000,4181896000,40246423,37.89
01/07/2013,-654710,-13260369000,20.4(-1.45 %),22740,462870000,677450,13723239000,47496963,30.45
02/07/2013,-405770,-8335411000,20.7(1.47 %),72430,1494091000,478200,9829502000,47902733,30.39
03/07/2013,-158880,-3323758000,20.9(0.97 %),61420,1280612000,220300,4604370000,48061613,30.37
04/07/2013,-240200,-5002220000,20.8(-0.48 %),0,0,240200,5002220000,48301813,30.33
05/07/2013,67150,1384368000,20.5(-1.44 %),87840,1816720000,20690,432352000,48234663,30.34
08/07/2013,-430150,-8743562000,20.3(-0.98 %),23660,481655000,453810,9225217000,48664813,30.27
09/07/2013,-42590,-864958000,20.4(0.49 %),100,2020000,42690,866978000,48707403,30.27
10/07/2013,-77780,-1597308000,20.6(0.98 %),6000,124200000,83780,1721508000,48785183,30.25
11/07/2013,-81110,-1659656000,21.1(2.43 %),300,6150000,81410,1665806000,48866293,30.24
12/07/2013,-22680,-489138000,21.6(2.37 %),2500,52750000,25180,541888000,48888973,30.24
15/07/2013,950360,20738327000,21.9(1.39 %),984190,21475564000,33830,737237000,47938613,30.39
16/07/2013,362424,8043671000,22.4(2.28 %),692990,15371520000,330566,7327849000,47576189,30.44
17/07/2013,-44450,-991175000,22.3(-0.45 %),460,10292000,44910,1001467000,47620639,30.44
18/07/2013,190890,4229470000,22(-1.35 %),203720,4513213000,12830,283743000,47429749,30.46
19/07/2013,104910,2321745000,21.9(-0.45 %),119080,2633468000,14170,311723000,47324839,30.48
22/07/2013,93010,2016375000,21.6(-1.37 %),93010,2016375000,0,0,47231829,30.5
23/07/2013,200300,4335906000,21.6(0.00 %),814330,17639062000,614030,13303156000,47031529,30.53
24/07/2013,-443980,-9501844000,21.2(-1.85 %),321280,6878786000,765260,16380630000,47475509,30.46
25/07/2013,-204670,-4304279000,20.6(-2.83 %),500,10420000,205170,4314699000,47680179,30.43
26/07/2013,-37790,-782653000,20.8(0.97 %),0,0,37790,782653000,47717969,30.42
29/07/2013,100,2060000,20.6(-0.96 %),100,2060000,0,0,47717869,30.42
30/07/2013,-20810,-428676000,20.6(0.00 %),100,2070000,20910,430746000,47738679,30.42
31/07/2013,-94560,-1945637000,20.5(-0.49 %),110,2265000,94670,1947902000,47833239,35.92
01/08/2013,-9400,-190275000,20.7(0.98 %),33280,688896000,42680,879171000,38703595,37.19
02/08/2013,8630,179046000,20.8(0.48 %),13610,282630000,4980,103584000,38694965,37.19
05/08/2013,-56950,-1175158000,20.6(-0.96 %),63490,1310894000,120440,2486052000,38751915,37.18
06/08/2013,74450,1536259000,20.7(0.49 %),158780,3270824000,84330,1734565000,38677465,37.19
07/08/2013,-114360,-2369671000,20.6(-0.48 %),7400,153820000,121760,2523491000,38791825,37.18
08/08/2013,4380,91196000,20.6(0.00 %),6100,126800000,1720,35604000,38787445,37.18
09/08/2013,-59390,-1227889000,20.6(0.00 %),0,0,59390,1227889000,38846835,37.17
12/08/2013,-77760,-1586304000,20.6(0.00 %),1800,36720000,79560,1623024000,38924595,37.16
13/08/2013,136350,2806285000,20.4(-0.97 %),154000,3167400000,17650,361115000,38788245,37.18
14/08/2013,114650,2346860000,20.7(1.47 %),114990,2353796000,340,6936000,38673595,37.19
15/08/2013,471080,9981867000,21.8(5.31 %),519610,11004953000,48530,1023086000,38202515,37.26
16/08/2013,7000,152510000,21.7(-0.46 %),7000,152510000,0,0,38195515,37.26
19/08/2013,-444300,-9669522000,21.6(-0.46 %),39570,854713000,483870,10524235000,38639815,37.2
20/08/2013,952720,20745324000,21.8(0.93 %),1604410,34803657000,651690,14058333000,37687095,37.33
21/08/2013,-304010,-6588416000,21.6(-0.92 %),196000,4233800000,500010,10822216000,37991105,37.29
22/08/2013,-29810,-634764000,21(-2.78 %),0,0,29810,634764000,38020915,37.29
23/08/2013,-57190,-1187090000,20.7(-1.43 %),24290,508090000,81480,1695180000,38078105,37.28
26/08/2013,-99590,-2060144000,20.9(0.97 %),100,2070000,99690,2062214000,38177695,37.26
27/08/2013,-41330,-856845000,20.6(-1.44 %),0,0,41330,856845000,38219025,37.26
28/08/2013,-173320,-3525957000,20.3(-1.46 %),10810,218493000,184130,3744450000,38392345,37.23
29/08/2013,-595900,-12076433000,20.1(-0.99 %),14790,298279000,610690,12374712000,38988245,37.15
30/08/2013,81200,1646831000,20.3(1.00 %),81200,1646831000,0,0,38907045,37.16
03/09/2013,-26030,-525509000,20.1(-0.99 %),0,0,26030,525509000,38270497,37.25
04/09/2013,-12630,-252431000,19.7(-1.99 %),10100,198980000,22730,451411000,38283127,37.25
05/09/2013,2960,59002000,20(1.52 %),5160,102562000,2200,43560000,38280167,37.25
06/09/2013,233030,4783062000,20.5(2.50 %),237160,4866701000,4130,83639000,38047137,37.28
09/09/2013,-11740,-236170000,20(-2.44 %),7580,152162000,19320,388332000,38058877,37.28
10/09/2013,1020,20702000,20.1(0.50 %),2100,42410000,1080,21708000,38057857,37.28
11/09/2013,213480,4312668000,20.2(0.50 %),217200,4387440000,3720,74772000,37844377,37.31
12/09/2013,-29870,-600665000,20.2(0.00 %),58660,1184392000,88530,1785057000,37874247,37.31
13/09/2013,6800,137790000,20.1(-0.50 %),13700,276480000,6900,138690000,37867447,37.31
16/09/2013,80000,1630000000,20.3(1.00 %),100000,2036500000,20000,406500000,37787447,37.32
17/09/2013,78480,1599884000,20.1(-0.99 %),80200,1634800000,1720,34916000,37708967,37.33
18/09/2013,-85590,-1714603000,19.8(-1.49 %),34760,695546000,120350,2410149000,37794557,37.32
19/09/2013,105960,2126450000,20(1.01 %),111860,2245430000,5900,118980000,37688597,37.33
20/09/2013,2787770,57126180000,20.5(2.50 %),2801570,57402180000,13800,276000000,34900827,37.72
23/09/2013,200,4000000,20.5(0.00 %),200,4000000,0,0,34900627,37.72
24/09/2013,282780,5819993000,20.6(0.49 %),314520,6471508000,31740,651515000,34617847,37.76
25/09/2013,13590,280057000,20.9(1.46 %),27260,563356000,13670,283299000,34604257,37.76
26/09/2013,18990,396422000,20.9(0.00 %),18990,396422000,0,0,34585267,37.76
27/09/2013,33850,701752000,20.8(-0.48 %),46780,970646000,12930,268894000,34551417,37.77
30/09/2013,84900,1764440000,20.8(0.00 %),88500,1839680000,3600,75240000,34466517,37.78
01/10/2013,180600,3788980000,21(0.96 %),200000,4192500000,19400,403520000,35070846,37.7
02/10/2013,251000,5284899000,21.1(0.48 %),251970,5305269000,970,20370000,34819846,37.73
03/10/2013,-19600,-406994000,20.9(-0.95 %),12390,260190000,31990,667184000,34839446,37.73
04/10/2013,88230,1844184000,20.8(-0.48 %),100000,2090000000,11770,245816000,34751216,37.74
07/10/2013,331200,7007385000,21.4(2.88 %),342650,7246328000,11450,238943000,34420016,37.79
08/10/2013,687860,14865183000,21.8(1.87 %),716000,15470409000,28140,605226000,33732156,37.88
09/10/2013,-18390,-400694000,21.5(-1.38 %),2400,51970000,20790,452664000,33750546,37.88
10/10/2013,85800,1816750000,21.2(-1.40 %),103000,2183900000,17200,367150000,33664746,37.89
11/10/2013,42950,912331000,21.2(0.00 %),48120,1022452000,5170,110121000,33621796,37.9
14/10/2013,122880,2601966000,21.1(-0.47 %),122880,2601966000,0,0,33498916,37.92
15/10/2013,91810,1956791000,21.4(1.42 %),100000,2130000000,8190,173209000,33407106,37.93
16/10/2013,236030,5228526000,22.2(3.74 %),488530,10845326000,252500,5616800000,33171076,37.96
17/10/2013,140440,3147391000,22.4(0.90 %),166270,3740731000,25830,593340000,33030636,37.98
18/10/2013,120720,2697682000,22.4(0.00 %),120720,2697682000,0,0,32909916,38.0
21/10/2013,597040,13563890000,22.6(0.89 %),649340,14761300000,52300,1197410000,32312876,38.08
22/10/2013,37590,847687000,22.4(-0.88 %),59810,1345775000,22220,498088000,32275286,38.09
23/10/2013,1282300,29124882000,22.8(1.79 %),1287850,29250472000,5550,125590000,30992986,38.26
24/10/2013,-359200,-8279714000,22.6(-0.88 %),193280,4430885000,552480,12710599000,31352186,38.21
25/10/2013,800190,18206266000,22.8(0.88 %),825770,18787990000,25580,581724000,30551996,38.33
28/10/2013,2010,45628000,22.6(-0.88 %),2010,45628000,0,0,30549986,38.33
29/10/2013,6330,142125000,22.5(-0.44 %),6330,142125000,0,0,30543656,38.33
30/10/2013,462680,10467028000,22.6(0.44 %),462680,10467028000,0,0,30080976,38.39
31/10/2013,324220,7333774000,22.7(0.44 %),435090,9841600000,110870,2507826000,29756756,38.44
01/11/2013,23420,531332000,22.6(-0.44 %),123620,2799472000,100200,2268140000,29725196,38.44
04/11/2013,-11500,-259380000,22.6(0.00 %),100,2260000,11600,261640000,29736696,38.44
05/11/2013,-20210,-459674000,22.8(0.88 %),0,0,20210,459674000,29756906,38.44
06/11/2013,-788410,-18318386000,23.2(1.75 %),26270,607013000,814680,18925399000,30545316,38.33
07/11/2013,144090,3321989000,23(-0.86 %),155100,3576320000,11010,254331000,30401226,38.35
08/11/2013,20650,478066000,23.1(0.43 %),129270,2987188000,108620,2509122000,30380576,38.35
11/11/2013,60830,1406903000,23.2(0.43 %),104000,2404630000,43170,997727000,30319746,38.36
12/11/2013,-257750,-5892373000,22.6(-2.59 %),18740,428468000,276490,6320841000,30577496,38.32
13/11/2013,-80850,-1821432000,22.4(-0.88 %),3400,76500000,84250,1897932000,30658346,38.31
14/11/2013,-877140,-19096014000,21.8(-2.68 %),513530,11169238000,1390670,30265252000,31535486,38.19
15/11/2013,-530430,-11385404000,21.5(0.94 %),5430,116542000,535860,11501946000,32065916,38.11
18/11/2013,-430840,-9389704000,21.8(1.40 %),5370,116518000,436210,9506222000,32496756,38.05
19/11/2013,-302370,-6523996000,21.5(-1.38 %),38560,834635000,340930,7358631000,32799126,38.01
20/11/2013,-403540,-8658008000,21.6(0.47 %),328880,7086220000,732420,15744228000,33202666,37.96
21/11/2013,335259,7304825000,21.5(-0.46 %),420260,9141806000,85001,1836981000,32867407,38.0
22/11/2013,-73590,-1585986000,21.5(0.00 %),277920,5983630000,351510,7569616000,32940997,37.99
25/11/2013,-321450,-6872630000,21.2(-1.40 %),1000,21300000,322450,6893930000,33262447,37.95
26/11/2013,-779570,-16463248000,21(-0.94 %),0,0,779570,16463248000,34042017,37.84
27/11/2013,-801440,-16972192000,21.1(0.48 %),29420,622596000,830860,17594788000,34843457,37.73
28/11/2013,-53820,-1135602000,21.1(0.00 %),500,10550000,54320,1146152000,34897277,37.72
29/11/2013,40620,855742000,21.3(0.95 %),54760,1156236000,14140,300494000,34856657,37.73
02/12/2013,-1811580,-38115110000,21(-1.41 %),918160,19281480000,2729740,57396590000,33083253,37.97
03/12/2013,-1909320,-40166284000,21(0.00 %),139030,2929732000,2048350,43096016000,34992573,37.71
04/12/2013,-1924110,-40439582000,21(0.00 %),227200,4771552000,2151310,45211134000,36916683,37.44
05/12/2013,-1229650,-25793438000,20.9(-0.48 %),11580,243180000,1241230,26036618000,38146333,37.27
06/12/2013,-65750,-1379490000,21(0.48 %),5000,104000000,70750,1483490000,38212083,37.26
09/12/2013,-3459310,-73149627000,21(0.00 %),45870,969506000,3505180,74119133000,41671393,36.78
10/12/2013,-438640,-9217312000,21(0.00 %),12500,262500000,451140,9479812000,42110033,36.72
11/12/2013,-98550,-2059277000,20.7(-1.43 %),4900,102138000,103450,2161415000,42208583,36.7
12/12/2013,-45840,-953511000,20.6(-0.48 %),19610,404666000,65450,1358177000,42254423,36.7
13/12/2013,150650,3138045000,20.9(1.46 %),171700,3576500000,21050,438455000,42103773,36.72
16/12/2013,-1262870,-26402126000,20.7(-0.96 %),3610,75210000,1266480,26477336000,43366643,36.54
17/12/2013,-800810,-16663627000,20.9(0.97 %),190000,3961600000,990810,20625227000,44167453,36.43
18/12/2013,21770,462610000,20.9(0.00 %),103800,2169040000,82030,1706430000,44145683,36.43
19/12/2013,-1746720,-36736864000,21(0.48 %),88730,1867340000,1835450,38604204000,45892403,36.19
20/12/2013,-3721590,-77898799000,20.9(-0.48 %),262560,5495000000,3984150,83393799000,49613993,35.67
23/12/2013,-1462130,-31019769000,21.2(1.44 %),0,0,1462130,31019769000,51076123,35.47
24/12/2013,-324740,-6813635000,20.9(-1.42 %),610,12810000,325350,6826445000,51400863,35.42
25/12/2013,102350,2138255000,20.7(-0.96 %),320450,6696545000,218100,4558290000,51298513,35.44
26/12/2013,-2230,-46331000,20.7(0.00 %),250,5185000,2480,51516000,51300743,35.44
27/12/2013,21050,435903000,20.7(0.00 %),22770,471679000,1720,35776000,51279693,35.44
30/12/2013,-380,-5426000,20.2(-2.42 %),11100,228860000,11480,234286000,51280073,35.44
31/12/2013,64300,1307973000,20.5(1.49 %),221824,4537215000,157524,3229242000,51215773,35.45
02/01/2014,-560,-11480000,20.4(-0.49 %),0,0,560,11480000,54766638,34.95
03/01/2014,15000,308700000,20.5(0.49 %),15000,308700000,0,0,54751638,34.96
06/01/2014,199590,4140128000,20.9(1.95 %),200000,4148574000,410,8446000,54552048,34.98
07/01/2014,69190,1454301000,20.8(-0.48 %),232200,4876200000,163010,3421899000,54482858,34.99
08/01/2014,-207350,-4310064000,20.8(0.00 %),0,0,207350,4310064000,54690208,34.96
09/01/2014,185320,3876611000,20.9(0.48 %),305490,6380947000,120170,2504336000,54504888,34.99
10/01/2014,-134780,-2839699000,20.8(-0.48 %),20250,424700000,155030,3264399000,54639668,34.97
13/01/2014,-169100,-3511470000,20.7(-0.48 %),30900,640730000,200000,4152200000,54808768,34.95
14/01/2014,-299490,-6328332000,21.2(2.42 %),19800,414460000,319290,6742792000,55108258,34.91
15/01/2014,-78400,-1658094000,21(-0.94 %),140300,2979906000,218700,4638000000,55186658,34.9
16/01/2014,48480,1030360000,21.8(3.81 %),50040,1063370000,1560,33010000,55138178,34.9
17/01/2014,-1629850,-35998599000,21.8(0.00 %),1368760,30190825000,2998610,66189424000,56768028,34.68
20/01/2014,348480,7787131000,21.8(0.00 %),775480,17128901000,427000,9341770000,56419548,34.72
21/01/2014,621840,13605977000,22.1(1.38 %),1070970,23350511000,449130,9744534000,55797708,34.81
22/01/2014,43800,975458000,21.7(-1.81 %),100800,2213058000,57000,1237600000,55753908,34.82
23/01/2014,277280,6021058000,21.6(-0.46 %),284980,6188148000,7700,167090000,55476628,34.86
24/01/2014,340130,7526469000,22.1(2.31 %),566500,12534368000,226370,5007899000,55136498,34.9
27/01/2014,-315340,-6942653000,21.9(-0.90 %),39580,871960000,354920,7814613000,55451838,34.86
06/02/2014,-1159270,-25597433000,22.1(0.91 %),274580,6057144000,1433850,31654577000,54827035,34.95
07/02/2014,-506740,-11366005000,22.8(3.17 %),244280,5517637000,751020,16883642000,55333775,34.88
10/02/2014,325710,7780706000,24.3(6.58 %),347120,8285108000,21410,504402000,55008065,34.92
11/02/2014,453350,11121919000,24(-1.23 %),466890,11458498000,13540,336579000,54554715,34.98
12/02/2014,330380,8042196000,24.7(2.92 %),332380,8090896000,2000,48700000,54224335,35.03
13/02/2014,82430,2062057000,24.8(0.40 %),109100,2720960000,26670,658903000,54141905,35.04
14/02/2014,979380,24334514000,24.9(0.40 %),980530,24363149000,1150,28635000,53162525,35.18
17/02/2014,-4434340,-115684724000,25.9(4.02 %),551730,14276572000,4986070,129961296000,57596865,34.56
18/02/2014,-274100,-7081260000,25.9(0.00 %),56780,1467786000,330880,8549046000,57870965,34.52
19/02/2014,26180,670067000,26.2(1.16 %),406200,10599120000,380020,9929053000,57844785,34.53
20/02/2014,-1220540,-31655875000,25(-4.58 %),219550,5476480000,1440090,37132355000,59065325,34.36
21/02/2014,147450,3670836000,24.8(-0.80 %),237010,5889656000,89560,2218820000,58917875,34.38
24/02/2014,-3614270,-90532034000,25.1(1.21 %),106580,2667494000,3720850,93199528000,62532145,33.87
25/02/2014,58480,1495701000,26.2(4.38 %),126570,3240368000,68090,1744667000,62473665,33.88
26/02/2014,-1384150,-38109650000,28(6.87 %),244510,6679245000,1628660,44788895000,63857815,33.69
27/02/2014,597550,16724515000,27.5(-1.79 %),633650,17737565000,36100,1013050000,63260265,33.77
28/02/2014,-588780,-15995113000,27.2(-1.09 %),154410,4196468000,743190,20191581000,63849045,33.69
03/03/2014,-269790,-7143395000,26(-4.41 %),164060,4355140000,433850,11498535000,63099887,33.79
04/03/2014,-1598910,-40972894000,25.6(-1.54 %),59230,1514705000,1658140,42487599000,64698797,33.57
05/03/2014,-1606130,-42012963000,26.2(2.34 %),55560,1456497000,1661690,43469460000,66304927,33.35
06/03/2014,-1766390,-47523166000,26.9(2.67 %),397690,10643119000,2164080,58166285000,68071317,33.1
07/03/2014,-804380,-21392228000,26.5(-1.49 %),672480,17954423000,1476860,39346651000,68875697,32.99
10/03/2014,-703330,-18770637000,26.7(0.75 %),1195850,31724475000,1899180,50495112000,69579027,32.89
11/03/2014,567100,15171828000,27(1.12 %),1391060,37389968000,823960,22218140000,69011927,32.97
12/03/2014,-335970,-9083242000,26.9(-0.37 %),218330,5925239000,554300,15008481000,69347897,32.92
13/03/2014,-1306710,-35106481000,27(0.37 %),49200,1320251000,1355910,36426732000,70654607,32.74
14/03/2014,-1272400,-34724790000,27.1(0.37 %),55460,1511717000,1327860,36236507000,71927007,32.56
17/03/2014,412510,11438043000,28.2(4.06 %),1575140,44017749000,1162630,32579706000,71514497,32.62
18/03/2014,1436020,40364453000,28.1(-0.35 %),2376680,66893214000,940660,26528761000,70078477,32.82
19/03/2014,867280,24554336000,28.4(1.07 %),1512340,42767632000,645060,18213296000,69211197,32.94
20/03/2014,1128180,32878547000,29(2.11 %),3163910,91807604000,2035730,58929057000,68083017,33.1
21/03/2014,715770,21206520000,29.5(1.72 %),2384070,70324285000,1668300,49117765000,67367247,33.2
24/03/2014,-776880,-22853851000,29.6(0.34 %),46330,1365219000,823210,24219070000,68144127,33.09
25/03/2014,-1103670,-32198389000,28.6(-3.38 %),270130,7919406000,1373800,40117795000,69247797,32.94
26/03/2014,200940,5758822000,27.8(-2.80 %),815280,23093336000,614340,17334514000,69046857,32.97
27/03/2014,-164950,-4571320000,28.4(2.16 %),18150,508840000,183100,5080160000,69211807,32.94
28/03/2014,-454660,-12823643000,28(-1.41 %),8440,239079000,463100,13062722000,69666467,32.88
31/03/2014,189450,5326504000,28.1(0.36 %),585680,16465848000,396230,11139344000,69477017,32.91
01/04/2014,1579470,45613995000,28.4(1.07 %),1596550,46105047000,17080,491052000,69679843,32.88
02/04/2014,-69480,-1943188000,28.2(-0.70 %),89370,2530292000,158850,4473480000,69749323,32.87
03/04/2014,-172850,-4912011000,28.4(0.71 %),37150,1056136000,210000,5968147000,69922173,32.84
04/04/2014,41780,1198502000,28.8(1.41 %),66310,1902984000,24530,704482000,69880393,32.85
07/04/2014,-503570,-14600702000,28.9(0.35 %),80020,2326402000,583590,16927104000,70383963,32.78
08/04/2014,-436940,-12646006000,28.7(-0.69 %),56220,1625160000,493160,14271166000,70820903,32.72
10/04/2014,-946170,-27195790000,28.5(-0.70 %),267430,7676266000,1213600,34872056000,71767073,32.59
11/04/2014,-1309540,-36795679000,28.2(-1.05 %),93860,2646974000,1403400,39442653000,73076613,32.4
14/04/2014,-770630,-21630604000,27.9(-1.06 %),52430,1474657000,823060,23105261000,73847243,32.3
15/04/2014,-754610,-20922121000,27.4(-1.79 %),254680,7068520000,1009290,27990641000,74601853,32.19
16/04/2014,158400,4246349000,26.5(-3.28 %),249860,6697550000,91460,2451201000,74443453,32.21
17/04/2014,-1537080,-41151034000,26.9(1.51 %),157320,4216508000,1694400,45367542000,75980533,32.0
18/04/2014,-94530,-2497495000,26.3(-2.23 %),18000,476950000,112530,2974445000,76075063,31.99
21/04/2014,15730,406879000,25.5(-3.04 %),32400,843900000,16670,437021000,76059333,31.99
22/04/2014,365920,9457757000,26.8(5.10 %),477780,12427005000,111860,2969248000,75693413,32.04
23/04/2014,115820,3087208000,26.4(-1.49 %),115820,3087208000,0,0,75577593,32.06
24/04/2014,252520,6695967000,26.5(0.38 %),326020,8644865000,73500,1948898000,75325073,32.09
25/04/2014,-1439040,-38063257000,26.4(-0.38 %),671330,17756328000,2110370,55819585000,76764113,31.89
28/04/2014,-436830,-11460027000,26(-1.52 %),98400,2586960000,535230,14046987000,77200943,31.83
29/04/2014,-716630,-18624248000,26(0.00 %),296520,7692542000,1013150,26316790000,77917573,31.73
05/05/2014,-74560,-1895885000,25.1(-3.46 %),20200,521575000,94760,2417460000,75698133,32.04
06/05/2014,-555990,-13618170000,24.6(-1.99 %),46220,1126510000,602210,14744680000,76254123,31.96
07/05/2014,-251520,-6149064000,24.3(-1.22 %),192700,4704220000,444220,10853284000,76505643,31.93
08/05/2014,-744770,-16829452000,22.6(-7.00 %),296200,6698695000,1040970,23528147000,77250413,31.82
09/05/2014,-20680,-512749000,22.6(0.00 %),340770,7744654000,361450,8257403000,77271093,31.82
12/05/2014,1560420,33114438000,21.1(-6.64 %),1665520,35346207000,105100,2231769000,75710673,32.04
13/05/2014,1824050,39296425000,21.9(3.79 %),1834080,39515076000,10030,218651000,73886623,32.29
14/05/2014,952480,21773780000,23.4(6.85 %),1465540,33651784000,513060,11878004000,72934143,32.42
15/05/2014,1303200,31030638000,23.4(0.00 %),3048220,72755357000,1745020,41724719000,71630943,32.61
16/05/2014,2398730,58221404000,24.7(5.56 %),3181620,77340787000,782890,19119383000,69232213,32.94
19/05/2014,275090,6712348000,24.5(-0.81 %),634000,15529979000,358910,8817631000,68957123,32.98
20/05/2014,3500,51592000,24.7(0.82 %),603420,14730400000,599920,14678808000,68953623,32.98
21/05/2014,-315490,-7872659000,25(1.21 %),308570,7674716000,624060,15547375000,69269113,32.93
22/05/2014,-248400,-6080696000,24.3(-2.80 %),171650,4253449000,420050,10334145000,69517513,32.9
23/05/2014,38340,923454000,24.1(-0.82 %),49300,1187590000,10960,264136000,69479173,32.91
26/05/2014,-84670,-2046615000,24(-0.41 %),65590,1562628000,150260,3609243000,69563843,32.89
27/05/2014,-917270,-22322727000,24.5(2.08 %),118110,2867736000,1035380,25190463000,70481113,32.77
28/05/2014,-517770,-12759650000,24.6(0.41 %),245410,6068588000,763180,18828238000,70998883,32.69
29/05/2014,-503050,-12329514000,24.2(-1.63 %),88690,2168936000,591740,14498450000,71501933,32.62
30/05/2014,123320,2970356000,24.3(0.41 %),401430,9717929000,278110,6747573000,71378613,32.64
02/06/2014,504600,12123740000,24(-1.23 %),509430,12239177000,4830,115437000,72589675,32.47
03/06/2014,-233950,-5619983000,23.9(-0.42 %),163570,3930605000,397520,9550588000,72823625,32.44
04/06/2014,-439560,-10387855000,23.4(-2.09 %),73000,1728900000,512560,12116755000,73263185,32.38
05/06/2014,-663860,-15517728000,23.4(0.00 %),20270,471222000,684130,15988950000,73927045,32.29
06/06/2014,-844420,-19876832000,23.8(1.71 %),194500,4604200000,1038920,24481032000,74771465,32.17
09/06/2014,-453190,-10935605000,24(0.84 %),426810,10271580000,880000,21207185000,75224655,32.11
10/06/2014,-417970,-10278612000,24.2(0.83 %),772490,19021090000,1190460,29299702000,75642625,32.05
11/06/2014,-506040,-12391631000,24.5(1.24 %),181090,4430345000,687130,16821976000,76148665,31.98
12/06/2014,-578780,-14118253000,24.3(-0.82 %),53810,1313214000,632590,15431467000,76727445,31.9
13/06/2014,-444650,-10781790000,24.2(-0.41 %),97650,2366100000,542300,13147890000,77172095,31.83
16/06/2014,-348310,-8477414000,24.4(0.83 %),208270,5084538000,556580,13561952000,77520405,31.79
17/06/2014,-385030,-9425054000,24.6(0.82 %),353950,8665956000,738980,18091010000,77905435,31.73
18/06/2014,-121890,-2982455000,24.4(-0.81 %),37300,914200000,159190,3896655000,78027325,31.72
19/06/2014,-343380,-8212762000,24(-1.64 %),252620,6039038000,596000,14251800000,78370705,31.67
20/06/2014,81300,1803893000,23.8(-0.83 %),3160090,75243686000,3078790,73439793000,78289405,31.68
23/06/2014,-434280,-10347706000,23.7(-0.42 %),314320,7492842000,748600,17840548000,78723685,31.62
24/06/2014,-85980,-2050216000,23.9(0.84 %),399320,9489932000,485300,11540148000,78809665,31.61
25/06/2014,-758700,-18488895000,24.3(1.67 %),227310,5469215000,986010,23958110000,79568365,31.5
26/06/2014,240070,5911541000,24.5(0.82 %),1199290,29432246000,959220,23520705000,79328295,31.53
27/06/2014,-233520,-5709790000,24.3(-0.82 %),37580,919050000,271100,6628840000,79561815,31.5
30/06/2014,-221750,-5395705000,24.2(-0.41 %),10500,254470000,232250,5650175000,79783565,31.47
01/07/2014,-351680,-8608399000,24.5(1.24 %),224530,5467356000,576210,14075755000,79784344,31.47
02/07/2014,-442430,-10926338000,24.7(0.82 %),214300,5306627000,656730,16232965000,80226774,31.41
03/07/2014,-611370,-15287921000,25(1.21 %),9850,245610000,621220,15533531000,80838144,31.32
04/07/2014,-568320,-14225852000,25(0.00 %),7300,182920000,575620,14408772000,81406464,31.24
07/07/2014,-617360,-15778182000,25.5(2.00 %),524000,13373200000,1141360,29151382000,82023824,31.16
08/07/2014,-80030,-2033015000,25.7(0.78 %),331500,8451500000,411530,10484515000,82103854,31.15
09/07/2014,65120,1676248000,25.6(-0.39 %),81640,2100694000,16520,424446000,82038734,31.16
10/07/2014,-549980,-13977071000,25.1(-1.95 %),39270,999578000,589250,14976649000,82458104,31.1
11/07/2014,-416130,-10414004000,25(-0.40 %),40400,1007940000,456530,11421944000,83519794,0.0
14/07/2014,-546890,-13860272000,25.4(1.60 %),15330,386993000,562220,14247265000,84066684,30.87
15/07/2014,-172980,-4384093000,25.3(-0.39 %),8000,203300000,180980,4587393000,84239664,30.85
16/07/2014,-211410,-5428921000,25.3(0.00 %),256950,6587595000,468360,12016516000,84256814,0.0
17/07/2014,-140950,-3580930000,25.4(0.40 %),24050,610070000,165000,4191000000,84397764,30.83
18/07/2014,-188570,-4792221000,25.4(0.00 %),201860,5128744000,390430,9920965000,85251514,30.71
21/07/2014,-31960,-831232000,25.4(0.00 %),207140,5273808000,239100,6105040000,85230634,30.71
22/07/2014,-418000,-10740213000,25.7(1.18 %),31930,823181000,449930,11563394000,85459924,0.0
23/07/2014,-105710,-2706293000,25.7(0.00 %),21130,541211000,126840,3247504000,85603798,0.0
24/07/2014,27220,692527000,25.8(0.39 %),309610,7990348000,282390,7297821000,85684618,0.0
25/07/2014,292510,7633746000,25.9(0.39 %),688510,18004446000,396000,10370700000,85235208,0.0
28/07/2014,4850,124308000,25.2(-2.70 %),11340,289106000,6490,164798000,85673798,0.0
29/07/2014,59670,1502284000,25.2(0.00 %),61670,1552884000,2000,50600000,85738968,0.0
30/07/2014,-183310,-4639764000,25.3(0.40 %),6060,152742000,189370,4792506000,86015298,0.0
31/07/2014,-353720,-9012009000,25.4(0.40 %),24590,624966000,378310,9636975000,86386708,0.0
01/08/2014,18240,462847000,25.5(0.39 %),106240,2699087000,88000,2236240000,86366958,0.0
04/08/2014,-5730,-145417000,25.5(0.00 %),12430,316265000,18160,461682000,86356528,0.0
05/08/2014,-663040,-16955942000,25.7(0.78 %),24830,638130000,687870,17594072000,86543208,0.0
06/08/2014,-503680,-12883467000,25.4(-1.17 %),123400,3162781000,627080,16046248000,86899378,30.48
07/08/2014,-1156760,-29269606000,25.3(-0.39 %),19240,487102000,1176000,29756708000,88056138,30.32
08/08/2014,-1476990,-37221124000,25.1(-0.79 %),247550,6242957000,1724540,43464081000,86535348,0.0
11/08/2014,-177320,-4418714000,24.9(-0.80 %),15540,389720000,192860,4808434000,87207678,0.0
12/08/2014,-485350,-12152199000,25.1(0.80 %),102830,2570467000,588180,14722666000,87731928,0.0
13/08/2014,-433600,-10925260000,25.3(0.80 %),1400,35240000,435000,10960500000,88906528,0.0
14/08/2014,-269000,-6881297000,25.6(1.19 %),631830,16111665000,900830,22992962000,90631068,29.96
15/08/2014,59020,1495885000,25.3(-1.17 %),160170,4053980000,101150,2558095000,90192098,30.02
18/08/2014,-310850,-7923965000,25.4(0.40 %),402150,10226535000,713000,18150500000,90217958,0.0
19/08/2014,-1064870,-26949160000,25.2(-0.79 %),10040,254486000,1074910,27203646000,90642918,0.0
20/08/2014,-662130,-16633584000,25.2(0.00 %),164830,4135448000,826960,20769032000,91425100,0.0
21/08/2014,-325020,-8213068000,25.3(0.40 %),600000,15142500000,925020,23355568000,90880070,0.0
22/08/2014,-180420,-4587023000,25.3(0.00 %),311920,7934058000,492340,12521081000,91593070,29.83
25/08/2014,-502360,-12889920000,26(2.77 %),178590,4602565000,680950,17492485000,92456060,29.71
26/08/2014,-253330,-6613829000,26(0.00 %),316060,8264051000,569390,14877880000,93104430,29.62
27/08/2014,-116810,-2790640000,23.9(-8.08 %),12430,299841000,129240,3090481000,93713390,29.53
28/08/2014,1701570,41981586000,25.2(5.44 %),1724770,42556537000,23200,574951000,94093300,29.48
29/08/2014,-19920,-491619000,25(-0.79 %),130060,3267442000,149980,3759061000,92919420,0.0
03/09/2014,363450,9201953000,25(0.00 %),712410,18015740000,348960,8813787000,93488810,29.56
04/09/2014,922760,23073896000,25.2(0.80 %),930520,23267896000,7760,194000000,91975120,0.0
05/09/2014,-495310,-12445801000,25(-0.79 %),121190,3044607000,616500,15490408000,91877130,0.0
08/09/2014,106880,2670148000,24.9(-0.40 %),118710,2965898000,11830,295750000,92027110,29.77
09/09/2014,102370,2520361000,24(-3.61 %),111520,2744116000,9150,223755000,92257360,29.73
10/09/2014,-154540,-3703191000,24.2(0.83 %),103660,2482874000,258200,6186065000,92019940,0.0
11/09/2014,-81070,-1954787000,24.1(-0.41 %),300,7230000,81370,1962017000,92636148,0.0
12/09/2014,40810,1006394000,24.4(1.24 %),73840,1796620000,33030,790226000,92604138,0.0
15/09/2014,178480,4343041000,24.2(-0.82 %),189480,4612441000,11000,269400000,92613288,29.68
16/09/2014,-676720,-16232724000,24.1(-0.41 %),148790,3566476000,825510,19799200000,92533218,0.0
17/09/2014,-884940,-21182005000,23.9(-0.83 %),31810,764707000,916750,21946712000,92582778,0.0
18/09/2014,-1330760,-32913181000,24.4(2.09 %),0,0,1330760,32913181000,92615808,0.0
19/09/2014,-450690,-10942277000,24.5(0.41 %),2832620,69727990000,3283310,80670267000,89794188,0.0
22/09/2014,-260370,-6431034000,24.3(-0.82 %),29700,722464000,290070,7153498000,90589998,0.0
23/09/2014,369520,9014789000,24.2(-0.41 %),606080,14790322000,236560,5775533000,90900668,0.0
24/09/2014,1383270,33764273000,24.4(0.83 %),2450650,59715607000,1067380,25951334000,89517398,30.12
25/09/2014,179820,4369020000,24.4(0.00 %),193790,4709888000,13970,340868000,89337578,30.14
26/09/2014,-379000,-9199800000,24.1(-1.23 %),121000,2952200000,500000,12152000000,89716578,34.35
29/09/2014,93480,2253447000,24.2(0.41 %),143960,3471016000,50480,1217569000,103651807,0.0
30/09/2014,220030,5368930000,24.4(0.83 %),248650,6068720000,28620,699790000,103485537,0.0
01/10/2014,-129960,-3522870000,25.5(4.51 %),320900,7925170000,450860,11448040000,103178607,0.0
02/10/2014,16060,573920000,26.4(3.53 %),968530,25434260000,952470,24860340000,102710077,0.0
03/10/2014,-239240,-6334030000,26.1(-1.14 %),132460,3510846000,371700,9844876000,102628097,0.0
06/10/2014,1658100,43410260000,26.2(0.38 %),2960220,77553804000,1302120,34143544000,99696497,0.0
07/10/2014,35270,915515000,26(-0.76 %),48740,1269146000,13470,353631000,100098617,0.0
08/10/2014,-1028150,-26916861000,26.2(0.77 %),100550,2622192000,1128700,29539053000,100950545,0.0
09/10/2014,-90120,-2321258000,25.7(-1.91 %),102200,2661520000,192320,4982778000,101220049,0.0
10/10/2014,-76470,-1949132000,25.3(-1.56 %),23530,597768000,100000,2546900000,102498639,0.0
13/10/2014,-720130,-18175645000,25.2(-0.40 %),240,6048000,720370,18181693000,103218769,29.51
14/10/2014,-73710,-1926385000,24.8(-1.59 %),321790,8045948000,395500,9972333000,103292479,29.5
15/10/2014,-599610,-14947345000,25.4(2.42 %),112430,2774442000,712040,17721787000,103892089,29.43
16/10/2014,-534070,-13409905000,24.8(-2.36 %),119000,2980100000,653070,16390005000,104426159,29.36
17/10/2014,-1055950,-26242453000,24.9(0.40 %),144930,3607016000,1200880,29849469000,105482109,29.23
20/10/2014,-728420,-18168574000,24.8(-0.40 %),8150,202330000,736570,18370904000,106210529,29.14
21/10/2014,-37160,-899008000,24.8(0.00 %),604940,14998370000,642100,15897378000,106247689,29.13
22/10/2014,354960,8955954000,25.3(2.02 %),624120,15675799000,269160,6719845000,105892729,29.18
23/10/2014,-2171530,-54167255000,24.7(-2.37 %),39300,972520000,2210830,55139775000,108064259,28.9
24/10/2014,-352530,-8687837000,24.5(-0.81 %),52810,1293056000,405340,9980893000,108416789,28.86
27/10/2014,41290,1015452000,23.8(-2.86 %),113830,2760574000,72540,1745122000,108375499,28.86
29/10/2014,32290,788907000,24.5(2.51 %),385750,9409073000,353460,8620166000,108343209,28.87
30/10/2014,150470,3663841000,24.2(-1.22 %),388660,9464568000,238190,5800727000,108192739,28.88
31/10/2014,-1288320,-31293193000,24.5(1.24 %),334900,8183065000,1623220,39476258000,109481059,28.72
03/11/2014,159500,3949198000,25(2.04 %),370000,9222648000,210500,5273450000,108155583,28.89
04/11/2014,0,0,24.9(-0.40 %),0,0,0,0,108155583,28.89
05/11/2014,284430,7141537000,25.1(0.80 %),477200,11961660000,192770,4820123000,107871153,28.92
06/11/2014,-28450,-724785000,25.5(1.59 %),5000,128500000,33450,853285000,107899603,28.92
07/11/2014,-175130,-4521847000,25.8(1.18 %),72360,1873338000,247490,6395185000,108074733,28.9
10/11/2014,-1647650,-41979318000,25.4(-1.55 %),7030,178374000,1654680,42157692000,109722383,28.69
11/11/2014,56680,1432963000,25.3(-0.39 %),64580,1633834000,7900,200871000,109665703,28.7
12/11/2014,31990,810207000,25.3(0.00 %),51430,1300679000,19440,490472000,109633713,28.7
13/11/2014,-1127910,-28440749000,25.1(-0.79 %),35800,902400000,1163710,29343149000,110761623,28.56
14/11/2014,-777630,-19299769000,24.8(-1.20 %),8070,201195000,785700,19500964000,111539253,28.46
17/11/2014,4360,108191000,24.8(0.00 %),4820,119586000,460,11395000,111534893,28.46
18/11/2014,-104110,-2567520000,24.5(-1.21 %),17670,436229000,121780,3003749000,111639003,28.45
19/11/2014,-188780,-4616604000,24.4(-0.41 %),3110,76195000,191890,4692799000,111827783,28.42
20/11/2014,56390,1397850000,24.7(1.23 %),283600,6979930000,227210,5582080000,113655441,0.0
21/11/2014,-33380,-798790000,24.3(-1.62 %),93120,2288460000,126500,3087250000,113562781,0.0
24/11/2014,192870,4641220000,24(-1.23 %),197870,4761470000,5000,120250000,113486691,0.0
25/11/2014,678550,16539190000,24.6(2.50 %),833540,20302030000,154990,3762840000,112845041,0.0
26/11/2014,169410,4108500000,24.2(-1.63 %),446680,10887200000,277270,6778700000,112625571,0.0
27/11/2014,-452310,-10890430000,24.2(0.00 %),301900,7294300000,754210,18184730000,112450171,0.0
28/11/2014,-893910,-21654700000,24.1(-0.41 %),42300,1028160000,936210,22682860000,112412871,0.0
01/12/2014,-1770890,-43209890000,24.3(0.83 %),374860,9105510000,2145750,52315400000,112193010,0.0
02/12/2014,-4233280,-102190230000,24.1(-0.82 %),159240,3855330000,4392520,106045560000,112311040,0.0
03/12/2014,-831740,-20156220000,24.2(0.41 %),144400,3496490000,976140,23652710000,112920850,0.0
04/12/2014,-1708110,-41323200000,24.1(-0.41 %),14650,354270000,1722760,41677470000,113842412,0.0
05/12/2014,-1463440,-35154510000,24(-0.41 %),125610,3022900000,1589050,38177410000,115862552,0.0
08/12/2014,-3093103,-73139290000,23.5(-2.08 %),225100,5344080000,3318203,78483370000,120029972,0.0
09/12/2014,-1180980,-27079070000,22.5(-4.26 %),7260,168940000,1188240,27248010000,120998852,0.0
10/12/2014,-2266110,-51303570000,22.7(0.89 %),600249,13568220000,2866359,64871790000,122461402,0.0
11/12/2014,-319920,-7243590000,22.7(0.00 %),114600,2593460000,434520,9837050000,123935852,0.0
12/12/2014,441580,10186318000,23.2(2.20 %),461880,10653318000,20300,467000000,123494272,26.95
15/12/2014,135800,3150570000,23(-0.86 %),150400,3487700000,14600,337130000,127830015,0.0
16/12/2014,-765210,-17251980000,22.3(-3.04 %),15400,347080000,780610,17599060000,130340935,0.0
17/12/2014,-1520,-195020000,21.1(-5.38 %),203890,4349710000,205410,4544730000,130571565,0.0
18/12/2014,-666870,-14400150000,21.7(2.84 %),7280,157250000,674150,14557400000,130584585,0.0
19/12/2014,374080,7961920000,21.3(-1.84 %),1687310,35981140000,1313230,28019220000,129341875,0.0
22/12/2014,-170310,-3655115000,21.5(0.94 %),93100,1990879000,263410,5645994000,129512185,26.19
23/12/2014,18950,406710000,21.3(-0.93 %),18950,406710000,0,0,130215845,0.0
24/12/2014,-211380,-4522410000,21.3(0.00 %),3620,77110000,215000,4599520000,130886375,0.0
25/12/2014,-3280,-72050000,21(-1.41 %),12400,261560000,15680,333610000,131757205,0.0
26/12/2014,-483720,-9976552000,20.5(-2.38 %),67660,1398514000,551380,11375066000,132240925,25.84
29/12/2014,56240,1162220000,20.4(-0.49 %),61440,1268360000,5200,106140000,132184685,25.85
30/12/2014,-5590,-116597000,20.8(1.96 %),1850,37555000,7440,154152000,132190275,25.85
31/12/2014,53240,1156180000,22.1(6.25 %),93280,2036236000,40040,880056000,132137035,25.85
05/01/2015,207040,4625125000,22.2(0.45 %),209040,4669975000,2000,44850000,132369405,25.82
06/01/2015,137770,3061486000,22.5(1.35 %),159470,3545346000,21700,483860000,132231635,25.84
07/01/2015,4550,100735000,22.7(0.89 %),111650,2541815000,107100,2441080000,132227085,25.84
08/01/2015,108270,2441065000,22.3(-1.76 %),115750,2610325000,7480,169260000,132118815,25.86
09/01/2015,632920,14379536000,22.8(2.24 %),642410,14593470000,9490,213934000,131485895,25.94
12/01/2015,110220,2490547000,22.3(-2.19 %),118250,2671025000,8030,180478000,131375675,25.95
13/01/2015,76060,1743946000,23.2(4.04 %),197120,4534184000,121060,2790238000,131299615,25.96
14/01/2015,34190,798092000,23.3(0.43 %),40000,933000000,5810,134908000,131265425,25.96
15/01/2015,-226420,-5272002000,23.5(0.86 %),0,0,226420,5272002000,131491845,25.93
16/01/2015,-711270,-16516616000,23(-2.13 %),5030,118708000,716300,16635324000,132203115,25.84
19/01/2015,-509950,-11558104000,22.5(-2.17 %),10050,228140000,520000,11786244000,132713065,25.78
20/01/2015,-249940,-5623692000,22.5(0.00 %),200,4500000,250140,5628192000,132963005,25.75
21/01/2015,-304180,-6817424000,22.2(-1.33 %),10930,243712000,315110,7061136000,133267185,25.71
22/01/2015,-382150,-8472580000,22.3(0.45 %),5540,122888000,387690,8595468000,133649335,25.66
23/01/2015,-241400,-5408052000,22.3(0.00 %),128080,2869300000,369480,8277352000,133890735,25.63
26/01/2015,-190,-4365000,22.3(0.00 %),910,20385000,1100,24750000,133890925,25.63
27/01/2015,-73740,-1628997000,21.8(-2.24 %),4100,91820000,77840,1720817000,133964665,25.62
28/01/2015,-333430,-7225584000,21.6(-0.92 %),66570,1454416000,400000,8680000000,134298095,25.58
29/01/2015,-20480,-446668000,22(1.85 %),0,0,20480,446668000,134318575,25.58
30/01/2015,-89890,-1950313000,21.6(-1.82 %),2000,43700000,91890,1994013000,134408465,25.57
02/02/2015,-487660,-10440922000,21.2(-1.85 %),2500,54000000,490160,10494922000,133948292,25.62
03/02/2015,-94210,-1992852000,21(-0.94 %),0,0,94210,1992852000,134042502,25.61
04/02/2015,-334630,-7020579000,20.9(-0.48 %),6700,140700000,341330,7161279000,134377132,25.57
05/02/2015,-98920,-2094604000,21.2(1.44 %),1080,22896000,100000,2117500000,134476052,25.56
06/02/2015,-2460,-52644000,21.4(0.94 %),100,2140000,2560,54784000,134478512,25.56
09/02/2015,21990,471274000,21.3(-0.47 %),104870,2236618000,82880,1765344000,134456522,25.56
10/02/2015,-362020,-7718654000,21.3(0.00 %),109340,2330242000,471360,10048896000,134818542,25.51
11/02/2015,103360,2259492000,22(3.29 %),106720,2332454000,3360,72962000,134715182,25.53
12/02/2015,-188070,-4235138000,22.4(1.82 %),112530,2528302000,300600,6763440000,134903252,25.5
13/02/2015,309080,6866644000,22.3(-0.45 %),314080,6977444000,5000,110800000,134594172,25.54
24/02/2015,71170,1579084000,22.2(-0.45 %),170930,3788034000,99760,2208950000,134523002,25.55
25/02/2015,1364810,30713709000,22.4(0.90 %),1484820,33398891000,120010,2685182000,133158192,25.72
26/02/2015,679850,15497228000,23.2(3.57 %),702010,15999925000,22160,502697000,132478342,25.81
27/02/2015,682300,15673328000,22.8(-1.72 %),784660,18013572000,102360,2340244000,131796042,25.9
02/03/2015,370810,8481996000,22.8(0.00 %),375810,8596496000,5000,114500000,132178240,25.85
03/03/2015,174790,4007943000,23(0.88 %),441890,10140533000,267100,6132590000,132003450,25.87
04/03/2015,-18520,-403566000,23(0.00 %),187480,4313834000,206000,4717400000,132021970,25.87
05/03/2015,-206720,-4702002000,22.6(-1.74 %),126090,2870795000,332810,7572797000,132228690,25.84
06/03/2015,-364630,-8167157000,22.4(-0.88 %),8220,185322000,372850,8352479000,132593320,25.8
09/03/2015,69880,1581277000,22.4(0.00 %),94880,2143777000,25000,562500000,132523440,25.8
10/03/2015,-1560,-34943000,22.4(0.00 %),340,7616000,1900,42559000,132525000,25.8
11/03/2015,-234900,-5231142000,22.2(-0.89 %),44110,984214000,279010,6215356000,132759900,25.77
12/03/2015,-185040,-4097469000,22.2(0.00 %),5640,125195000,190680,4222664000,132944940,25.75
13/03/2015,4030,89429000,22.2(0.00 %),4400,97680000,370,8251000,132940910,25.75
16/03/2015,548360,12178073000,22.2(0.00 %),773430,17186434000,225070,5008361000,132392550,25.82
17/03/2015,539670,11990334000,22.3(0.45 %),719110,15979163000,179440,3988829000,131852880,25.89
18/03/2015,-260770,-5709144000,21.9(-1.79 %),378640,8395808000,639410,14104952000,132113650,25.86
19/03/2015,-200320,-4365140000,21.8(-0.46 %),1000,21900000,201320,4387040000,132313970,25.83
20/03/2015,4239480,93656569000,22.1(1.38 %),4812390,106311374000,572910,12654805000,128074490,26.37
23/03/2015,-685090,-14929156000,21.6(-2.26 %),122070,2676112000,807160,17605268000,128759580,26.28
24/03/2015,-714650,-15248340000,21.4(-0.93 %),5000,107000000,719650,15355340000,129474230,26.19
25/03/2015,-714650,-15248340000,21.2(-0.93 %),5000,107000000,719650,15355340000,130188880,26.1
26/03/2015,-889500,-18705686000,20.9(-1.42 %),13550,283550000,903050,18989236000,131078380,25.99
27/03/2015,-593250,-12415251000,20.7(-0.96 %),3700,77560000,596950,12492811000,131671630,25.91
30/03/2015,-313620,-6452828000,20.3(-1.93 %),51190,1049743000,364810,7502571000,131985250,25.87
31/03/2015,61710,1267894000,20.5(0.99 %),359330,7368054000,297620,6100160000,131923540,25.88
01/04/2015,-3970,-81344000,20.1(-1.95 %),6500,132720000,10470,214064000,130630872,26.04
02/04/2015,-146410,-2985081000,20.5(1.99 %),10660,215732000,157070,3200813000,130777282,26.03
03/04/2015,-15110,-309405000,20.5(0.00 %),1500,31050000,16610,340455000,130792392,26.02
06/04/2015,-167080,-3356716000,20(-2.44 %),1200,24040000,168280,3380756000,130959472,26.0
07/04/2015,-262360,-5247946000,20.2(1.00 %),12560,250688000,274920,5498634000,131221832,25.97
08/04/2015,-379060,-7627825000,20.2(0.00 %),0,0,379060,7627825000,131600892,25.92
09/04/2015,-33750,-682050000,20.2(0.00 %),10200,207040000,43950,889090000,131634642,25.92
10/04/2015,-713210,-14626483000,20.5(1.49 %),90630,1859798000,803840,16486281000,132347852,25.83
13/04/2015,418980,8647553000,20.6(0.49 %),431810,8911568000,12830,264015000,131928872,25.88
14/04/2015,99450,2038436000,20.4(-0.97 %),118070,2420335000,18620,381899000,131829422,25.89
15/04/2015,304150,6222490000,20.5(0.49 %),311850,6381110000,7700,158620000,131525272,25.93
16/04/2015,489410,10147743000,20.7(0.98 %),507710,10526463000,18300,378720000,131035862,25.99
17/04/2015,-287180,-5918288000,20.6(-0.48 %),176200,3655725000,463380,9574013000,131323042,25.96
20/04/2015,-323070,-6583151000,20.3(-1.46 %),128620,2627375000,451690,9210526000,131646112,25.92
21/04/2015,117810,2401148000,20.2(-0.49 %),125750,2561560000,7940,160412000,131528302,25.93
22/04/2015,127950,2592590000,20.3(0.50 %),130550,2645110000,2600,52520000,131400352,25.95
23/04/2015,-96980,-1943694000,20.3(0.00 %),125570,2540626000,222550,4484320000,131497332,25.93
24/04/2015,-354000,-7152948000,20.3(0.00 %),181120,3666476000,535120,10819424000,131851332,25.89
27/04/2015,-143980,-2876344000,20.1(-0.99 %),131020,2651156000,275000,5527500000,131995312,25.87
04/05/2015,-8040,-171234000,19.1(-4.98 %),128610,2547761000,136650,2718995000,132056844,25.86
05/05/2015,133530,2553584000,19.2(0.52 %),134130,2564984000,600,11400000,131923314,25.88
06/05/2015,62100,1203457000,18.8(-2.08 %),172990,3301456000,110890,2097999000,131861214,25.89
07/05/2015,-125770,-2353934000,18.6(-1.06 %),129230,2411050000,255000,4764984000,131986984,25.87
08/05/2015,-662980,-12403467000,18.7(0.54 %),140420,2625169000,803400,15028636000,132649964,25.79
11/05/2015,-388530,-7268686000,18.6(-0.53 %),128510,2405166000,517040,9673852000,133038494,25.74
12/05/2015,-853860,-15398872000,17.8(-4.30 %),22000,403256000,875860,15802128000,133892354,25.63
13/05/2015,-1005060,-17610756000,17.8(0.00 %),31100,549970000,1036160,18160726000,134897414,25.51
14/05/2015,-1158430,-20965655000,18(1.12 %),50250,908438000,1208680,21874093000,136055844,25.36
15/05/2015,-329560,-5853103000,17.5(-2.78 %),7130,126884000,336690,5979987000,136385404,25.32
18/05/2015,-175880,-2986360000,17.1(-2.29 %),24120,406640000,200000,3393000000,136561284,25.3
19/05/2015,-351940,-6043267000,17.5(2.34 %),50560,871050000,402500,6914317000,136913224,25.25
20/05/2015,-97230,-1777459000,18.2(4.00 %),45150,806340000,142380,2583799000,137010454,25.24
21/05/2015,-80590,-1438349000,18.1(-0.55 %),119610,2165291000,200200,3603640000,137091044,25.23
22/05/2015,477840,8610869000,18(-0.55 %),689840,12406169000,212000,3795300000,136613204,25.29
25/05/2015,129250,2310045000,18(0.00 %),129250,2310045000,0,0,136483954,25.31
26/05/2015,126030,2262620000,18.1(0.56 %),757050,13753046000,631020,11490426000,136357924,25.32
27/05/2015,228660,4138418000,18.1(0.00 %),387090,7002072000,158430,2863654000,136129264,25.35
28/05/2015,113800,2072031000,18.3(1.10 %),443800,8078331000,330000,6006300000,136015464,25.36
29/05/2015,131590,2412985000,18.3(0.00 %),480150,8734077000,348560,6321092000,135883874,25.38
01/06/2015,-73480,-1310764000,17.8(-2.73 %),141520,2546161000,215000,3856925000,136029684,25.36
02/06/2015,-91360,-1598049000,17.5(-1.69 %),129760,2280352000,221120,3878401000,136121044,25.35
03/06/2015,-1612920,-28509602000,17.6(0.57 %),56610,1003163000,1669530,29512765000,137733964,25.15
04/06/2015,-284210,-5083359000,17.9(1.70 %),1100,19690000,285310,5103049000,138018174,25.11
05/06/2015,-691760,-12341254000,17.9(0.00 %),39300,702670000,731060,13043924000,138709934,25.02
08/06/2015,-333630,-6026197000,18.1(1.12 %),3500,62900000,337130,6089097000,139043564,24.98
09/06/2015,45010,819253000,18.2(0.55 %),58940,1072658000,13930,253405000,138998554,24.99
10/06/2015,-454330,-8203531000,18(-1.10 %),19840,358563000,474170,8562094000,139452884,24.93
11/06/2015,-174600,-3160280000,18(0.00 %),19200,346200000,193800,3506480000,139627484,24.91
12/06/2015,-422600,-7603702000,17.9(-0.56 %),17900,321568000,440500,7925270000,140050084,24.85
15/06/2015,-170680,-3042032000,17.7(-1.12 %),124190,2201582000,294870,5243614000,140220764,24.83
16/06/2015,287860,5127252000,17.8(0.56 %),309210,5507326000,21350,380074000,139932904,24.87
17/06/2015,167080,2974825000,17.6(-1.12 %),171690,3056882000,4610,82057000,139765824,24.89
18/06/2015,312640,5528478000,17.6(0.00 %),336560,5951962000,23920,423484000,139453184,24.93
19/06/2015,706520,12430875000,17.6(0.00 %),2060160,36264939000,1353640,23834064000,138746664,25.02
22/06/2015,692140,12357510000,18(2.27 %),915920,16354291000,223780,3996781000,138054524,25.11
23/06/2015,239700,4311970000,18(0.00 %),287210,5171901000,47510,859931000,137814824,25.14
24/06/2015,92080,1694219000,18.4(2.22 %),121010,2229274000,28930,535055000,137722744,25.15
25/06/2015,84860,1555673000,18.4(0.00 %),90300,1655440000,5440,99767000,137637884,25.16
26/06/2015,66120,1216439000,18.4(0.00 %),70950,1305211000,4830,88772000,137571764,25.17
29/06/2015,1554930,28729469000,18.7(1.63 %),1646970,30415319000,92040,1685850000,136016834,25.36
30/06/2015,1624660,31050659000,19(1.60 %),1670890,31928083000,46230,877424000,134392174,25.57
01/07/2015,-2734450,-51965588000,18.9(-0.53 %),292750,5553332000,3027200,57518920000,135008322,25.49
02/07/2015,-3859350,-73141283000,19.3(2.12 %),1162670,22280139000,5022020,95421422000,138867672,25.0
03/07/2015,579530,11100707000,19.1(-1.04 %),581530,11139107000,2000,38400000,138288142,25.07
06/07/2015,-1748170,-33336568000,19.2(0.52 %),588330,11304582000,2336500,44641150000,140036312,24.85
07/07/2015,502720,9473970000,18.7(-2.60 %),514980,9705458000,12260,231488000,139533592,24.92
08/07/2015,-3304130,-63007471000,18.5(-1.07 %),485170,8985839000,3789300,71993310000,142837722,24.5
09/07/2015,-2188030,-40357844000,18.5(0.00 %),664774,12232056000,2852804,52589900000,145025752,24.22
10/07/2015,262390,4839736000,18.3(-1.08 %),268840,4958878000,6450,119142000,144763362,24.25
13/07/2015,75660,1413286000,18.6(1.64 %),83260,1554386000,7600,141100000,144687702,24.26
14/07/2015,210100,3935309000,18.7(0.54 %),221990,4158527000,11890,223218000,144477602,24.29
15/07/2015,89040,1660198000,18.5(-1.07 %),94040,1754198000,5000,94000000,144388562,24.3
16/07/2015,-4247480,-78586817000,18.5(0.00 %),140470,2595648000,4387950,81182465000,148636042,23.76
17/07/2015,-3294460,-60872972000,18.7(1.08 %),375540,7022028000,3670000,67895000000,151930502,23.35
20/07/2015,-4968400,-92940230000,18.6(-0.53 %),237060,4401326000,5205460,97341556000,156898902,22.72
21/07/2015,192440,3536843000,18.3(-1.61 %),195360,3590560000,2920,53717000,156706462,22.74
22/07/2015,-2984340,-55238986000,18.4(0.55 %),259650,4767730000,3243990,60006716000,159690802,22.37
23/07/2015,-75280,-1377013000,18.3(-0.54 %),2800,51470000,78080,1428483000,159766082,22.36
24/07/2015,99360,1807352000,18.1(-1.09 %),194360,3530352000,95000,1723000000,159666722,22.37
27/07/2015,129700,2340729000,18.1(0.00 %),180010,3253371000,50310,912642000,159537022,22.38
28/07/2015,-559670,-10068970000,18(-0.55 %),19620,353492000,579290,10422462000,160096692,22.31
29/07/2015,-162280,-2880187000,17.6(-2.22 %),26200,468769000,188480,3348956000,160258972,22.29
30/07/2015,-66380,-1134780000,17.5(-0.57 %),163110,2842270000,229490,3977050000,160325352,22.28
31/07/2015,-302830,-5237770000,17.3(-1.14 %),11330,196870000,314160,5434640000,160628182,22.25
03/08/2015,77510,1318280000,16.8(-2.89 %),323460,5481670000,245950,4163390000,162815902,21.97
04/08/2015,-614940,-10358870000,16.8(0.00 %),58300,982320000,673240,11341190000,163430842,21.89
05/08/2015,243840,4177110000,17.3(2.98 %),259050,4438040000,15210,260930000,163187002,21.92
06/08/2015,-6460,-111570000,17(-1.73 %),5600,96570000,12060,208140000,163193462,21.92
07/08/2015,108930,1853890000,17.1(0.59 %),113930,1939390000,5000,85500000,163084532,21.94
10/08/2015,-20170,-343000000,16.8(-1.75 %),2080,35150000,22250,378150000,163104702,21.93
11/08/2015,465360,7835230000,16.9(0.60 %),660980,11123360000,195620,3288130000,162639342,21.99
12/08/2015,-42630,-699270000,16.6(-1.78 %),60750,1016840000,103380,1716110000,162681972,21.99
13/08/2015,131100,2137810000,16.3(-1.81 %),363130,5892360000,232030,3754550000,162550872,22.0
14/08/2015,81390,1313570000,16.2(-0.61 %),236050,3805390000,154660,2491820000,162469482,22.01
17/08/2015,185360,3062580000,16.5(1.85 %),268720,4442810000,83360,1380230000,162284122,22.04
18/08/2015,164930,2724580000,16.5(0.00 %),223830,3696610000,58900,972030000,162119192,22.06
19/08/2015,-87740,-1427380000,16.4(-0.61 %),33900,557350000,121640,1984730000,162206932,22.05
20/08/2015,-231600,-3728500000,15.9(-3.05 %),7210,116620000,238810,3845120000,162438532,22.02
21/08/2015,57670,890420000,15.4(-3.14 %),318930,4892310000,261260,4001890000,162380862,22.02
24/08/2015,-68000,-976630000,14.4(-6.49 %),280870,4126210000,348870,5102840000,162448862,22.02
25/08/2015,-173830,-2389210000,14.4(0.00 %),286390,4052140000,460220,6441350000,162622692,21.99
26/08/2015,-640860,-9380780000,15(4.17 %),12100,173010000,652960,9553790000,163263552,21.91
27/08/2015,-221450,-3342840000,15.1(0.67 %),15480,235240000,236930,3578080000,163485002,21.88
28/08/2015,337380,5091870000,15.1(0.00 %),413190,6224370000,75810,1132500000,163147622,21.93
31/08/2015,-14902830,-224904700000,14.8(-1.99 %),39300,584160000,14942130,225488860000,178050452,20.04
01/09/2015,-11494120,-172363030000,14.8(0.00 %),10560,155230000,11504680,172518260000,163690102,21.86
03/09/2015,-672480,-9784210000,14.4(-2.70 %),1200,17710000,673680,9801920000,164362582,21.77
04/09/2015,-65240,-954320000,14.7(2.08 %),34760,505680000,100000,1460000000,164427822,21.77
07/09/2015,129090,1877710000,14.6(-0.68 %),130300,1895380000,1210,17670000,164298732,21.78
08/09/2015,65960,964930000,14.8(1.37 %),210100,3062120000,144140,2097190000,164232772,21.79
09/09/2015,20090,298080000,14.8(0.00 %),23880,353790000,3790,55710000,164212682,21.79
10/09/2015,181880,2675500000,14.8(0.00 %),192880,2838300000,11000,162800000,164030802,21.82
11/09/2015,-45760,-674810000,14.8(0.00 %),1140,16770000,46900,691580000,164076562,21.81
14/09/2015,211380,3122540000,14.7(-0.68 %),211780,3128500000,400,5960000,163865182,21.84
15/09/2015,59040,871370000,14.7(0.00 %),127590,1873060000,68550,1001690000,163806142,21.84
16/09/2015,-14800,-230940000,15.3(4.08 %),200,3060000,15000,234000000,163820942,21.84
17/09/2015,434690,6722300000,15.3(0.00 %),447830,6924650000,13140,202350000,163386252,21.9
18/09/2015,3949640,61209190000,15.5(1.31 %),5451620,84387880000,1501980,23178690000,159436612,22.4
21/09/2015,-132100,-2021940000,15.2(-1.94 %),8000,121600000,140100,2143540000,159568712,22.38
22/09/2015,-9678270,-147112410000,15.4(1.32 %),11130,168450000,9689400,147280860000,169246982,21.16
23/09/2015,-107180,-1655790000,15.4(0.00 %),0,0,107180,1655790000,169354162,21.14
24/09/2015,-138500,-2132750000,15.4(0.00 %),2000,31000000,140500,2163750000,169492662,21.12
25/09/2015,-391800,-5963230000,15.1(-1.95 %),13200,202480000,405000,6165710000,169884462,21.07
28/09/2015,-104050,-1545740000,14.8(-1.99 %),11500,174550000,115550,1720290000,169988512,21.06
29/09/2015,-966620,-14098720000,14.8(0.00 %),36140,527980000,1002760,14626700000,170955132,20.94
30/09/2015,-93920,-1396030000,14.8(0.00 %),178730,2639190000,272650,4035220000,171049052,20.93
01/10/2015,-311590,-4584040000,14.7(-0.68 %),200,2960000,311790,4587000000,196416960,17.72
02/10/2015,-72910,-1088250000,14.9(1.36 %),54150,806840000,127060,1895090000,196489870,17.71
05/10/2015,-84600,-1261240000,14.9(0.00 %),0,0,84600,1261240000,196574470,17.7
06/10/2015,-678480,-10130890000,14.9(0.00 %),27600,411940000,706080,10542830000,197252950,17.61
07/10/2015,297020,4426950000,15(0.67 %),565810,8434420000,268790,4007470000,196955930,17.65
08/10/2015,433940,6490780000,15(0.00 %),452680,6770010000,18740,279230000,196521990,17.7
09/10/2015,154280,2354910000,15.3(2.00 %),185250,2831850000,30970,476940000,196367710,17.72
12/10/2015,254880,3932340000,15.3(0.00 %),512120,7902470000,257240,3970130000,196112830,17.75
13/10/2015,-9139730,-139844090000,15.3(0.00 %),184750,2835810000,9324480,142679900000,205252560,16.6
14/10/2015,56730,873000000,15.1(-1.31 %),249320,3793110000,192590,2920110000,205195830,16.6
15/10/2015,-53750,-811780000,14.9(-1.32 %),59240,887440000,112990,1699220000,205249580,16.6
16/10/2015,-63660,-954960000,14.8(-0.67 %),6340,95040000,70000,1050000000,205313240,16.59
19/10/2015,28930,426260000,14.7(-0.68 %),71200,1053860000,42270,627600000,205284310,16.59
20/10/2015,-277870,-4042770000,14.4(-2.04 %),19500,282700000,297370,4325470000,205562180,16.56
21/10/2015,-107080,-1548470000,14.6(1.39 %),3500,50350000,110580,1598820000,205669260,16.54
22/10/2015,-19320,-290510000,14.4(-1.37 %),71170,1035140000,90490,1325650000,205688580,16.54
23/10/2015,-35100,-511730000,14.5(0.69 %),3900,56570000,39000,568300000,205723680,16.54
26/10/2015,-27900,-407240000,14.5(0.00 %),177930,2601700000,205830,3008940000,205751580,16.53
27/10/2015,5950,82600000,14.3(-1.38 %),24950,357100000,19000,274500000,205745630,16.54
28/10/2015,95020,1337710000,14(-2.10 %),101020,1423410000,6000,85700000,205650610,16.55
29/10/2015,241130,3360900000,14(0.00 %),466380,6515640000,225250,3154740000,205409480,16.58
30/10/2015,543660,7588280000,14.1(0.71 %),595960,8322480000,52300,734200000,204865820,16.65
02/11/2015,-4557837,-64719350000,14(-0.71 %),6510,91810000,4564347,64811160000,206278518,16.47
03/11/2015,15170,209280000,13.9(-0.71 %),27990,387680000,12820,178400000,206263348,16.47
04/11/2015,156430,2173290000,13.8(-0.72 %),156430,2173290000,0,0,206106918,16.49
05/11/2015,2610,38410000,14.7(6.52 %),11110,157210000,8500,118800000,206104308,16.49
06/11/2015,-339520,-5020960000,14.5(-1.36 %),22300,328830000,361820,5349790000,206443828,16.45
09/11/2015,55830,800660000,14.3(-1.38 %),58980,846340000,3150,45680000,206387998,16.45
10/11/2015,-29170,-413800000,14.1(-1.40 %),10300,146290000,39470,560090000,206417168,16.45
11/11/2015,4400,61840000,14(-0.71 %),4400,61840000,0,0,206412768,16.45
12/11/2015,-331470,-4614150000,14(0.00 %),29600,414390000,361070,5028540000,206744238,16.41
13/11/2015,-59090,-824010000,13.9(-0.71 %),2000,28000000,61090,852010000,206803328,16.4
16/11/2015,-72280,-1001890000,13.8(-0.72 %),100420,1382200000,172700,2384090000,206875608,16.39
17/11/2015,-255220,-3532040000,13.8(0.00 %),380,5240000,255600,3537280000,207130828,16.36
18/11/2015,-134450,-1851270000,13.7(-0.72 %),0,0,134450,1851270000,207265278,16.34
19/11/2015,-78380,-1073410000,13.7(0.00 %),9100,124370000,87480,1197780000,207343658,16.33
20/11/2015,49110,672760000,13.6(-0.73 %),143510,1966040000,94400,1293280000,207294548,16.34
23/11/2015,-141960,-1944740000,13.6(0.00 %),2240,30680000,144200,1975420000,207436508,16.32
24/11/2015,-1135530,-15297990000,13.4(-1.47 %),1710,23230000,1137240,15321220000,211956634,15.75
25/11/2015,-1228040,-16168010000,13.2(-1.49 %),10010,130710000,1238050,16298720000,212034104,15.74
26/11/2015,-585280,-7683710000,13.1(-0.76 %),9650,126870000,594930,7810580000,212118854,15.73
27/11/2015,-538910,-6908350000,12.6(-3.82 %),20000,254345000,558910,7162695000,212657764,15.66
30/11/2015,-1855960,-22847390000,12.2(-3.17 %),15200,187000000,1871160,23034390000,213365094,15.57
01/12/2015,-969280,-11793470000,12(-1.64 %),50250,613220000,1019530,12406690000,214552894,15.42
02/12/2015,-388440,-4863830000,12.6(5.00 %),379160,4772090000,767600,9635920000,214768664,15.39
03/12/2015,-233850,-2907570000,12.3(-2.38 %),11910,148050000,245760,3055620000,215315664,15.32
04/12/2015,-46520,-567610000,12.2(-0.81 %),2480,30190000,49000,597800000,217184344,15.09
07/12/2015,-368300,-4405530000,11.9(-2.46 %),15100,183700000,383400,4589230000,218188774,14.96
08/12/2015,-126430,-1484230000,11.9(0.00 %),100,1170000,126530,1485400000,218956276,14.86
09/12/2015,-1303550,-15350870000,11.7(-1.68 %),16000,188390000,1319550,15539260000,219186036,14.83
10/12/2015,-262500,-3050550000,11.5(-1.71 %),29600,342320000,292100,3392870000,219205436,14.83
11/12/2015,-500330,-5754800000,11.4(-0.87 %),17470,199400000,517800,5954200000,219571366,14.79
14/12/2015,-832500,-9653090000,11.6(1.75 %),189400,2208100000,1021900,11861190000,219508496,14.79
15/12/2015,-55070,-640330000,11.6(0.00 %),24050,276580000,79120,916910000,220803996,14.63
16/12/2015,-82820,-960190000,11.6(0.00 %),17180,199810000,100000,1160000000,221078919,14.59
17/12/2015,-213530,-2502250000,11.8(1.72 %),1000,11600000,214530,2513850000,221595719,14.53
18/12/2015,-2054810,-23263420000,11.3(-4.24 %),2065350,23356960000,4120160,46620380000,220552269,14.66
21/12/2015,91050,1036560000,11.4(0.88 %),228080,2600610000,137030,1564050000,220403309,14.68
22/12/2015,122200,1410850000,11.3(-0.88 %),414550,4757310000,292350,3346460000,220088759,14.72
23/12/2015,123120,1393170000,11.3(0.00 %),283120,3211170000,160000,1818000000,220020169,14.73
24/12/2015,141130,1573030000,11.1(-1.77 %),311000,3492300000,169870,1919270000,223829334,14.25
25/12/2015,-42330,-475280000,10.9(-1.80 %),107670,1174720000,150000,1650000000,223858694,14.24
28/12/2015,744290,7791400000,10.6(-2.75 %),961880,10097690000,217590,2306290000,223189164,14.33
29/12/2015,-527830,-5565770000,10.7(0.94 %),360970,3752930000,888800,9318700000,222988194,14.35
30/12/2015,8060,86990000,10.7(0.00 %),10610,114530000,2550,27540000,223147454,14.33
31/12/2015,-149000,-1579500000,10.4(-2.80 %),1000,10500000,150000,1590000000,223296454,14.31
04/01/2016,-451670,-4684380000,10.1(-2.88 %),5730,60080000,457400,4744460000,223508314,14.29
05/01/2016,-430280,-4285170000,9.6(-4.95 %),6220,62420000,436500,4347590000,224390894,14.17
06/01/2016,32930,351610000,10(4.17 %),371020,3675560000,338090,3323950000,224189424,14.2
07/01/2016,-49390,-486440000,10.1(1.00 %),194440,1944690000,243830,2431130000,224787724,14.12
08/01/2016,-19160,-191310000,10.2(0.99 %),185540,1854460000,204700,2045770000,225224024,14.07
11/01/2016,-119920,-1309150000,10.9(6.86 %),261580,2807870000,381500,4117020000,225257114,14.07
12/01/2016,-86000,-967030000,11.3(3.67 %),72100,811090000,158100,1778120000,225243504,14.07
13/01/2016,-143630,-1608490000,10.9(-3.54 %),27300,300930000,170930,1909420000,225235564,14.07
14/01/2016,-384620,-4018190000,10.3(-5.50 %),11200,115580000,395820,4133770000,225482284,14.04
15/01/2016,-677080,-6881160000,9.9(-3.88 %),42900,424890000,719980,7306050000,225597485,14.02
18/01/2016,-482860,-4562500000,9.3(-6.06 %),73300,690170000,556160,5252670000,225695115,14.01
19/01/2016,-254200,-2411770000,9.6(3.23 %),20650,195270000,274850,2607040000,226070285,13.96
20/01/2016,-784220,-7282760000,9(-6.25 %),28500,270220000,812720,7552980000,226761765,13.87
21/01/2016,-185250,-1622860000,8.4(-6.67 %),414640,3516560000,599890,5139420000,226903285,13.86
22/01/2016,-4335980,-34441600000,7.9(-5.95 %),594750,4728950000,4930730,39170550000,226983395,13.85
25/01/2016,-4689570,-38199480000,8.4(6.33 %),255570,2054670000,4945140,40254150000,228125935,13.7
26/01/2016,-486450,-4176120000,8.9(5.95 %),27300,236820000,513750,4412940000,228113135,13.7
27/01/2016,13900,124770000,8.8(-1.12 %),25900,232770000,12000,108000000,232617965,13.13
28/01/2016,-785430,-6648980000,8.3(-5.68 %),1250,10750000,786680,6659730000,237561855,12.51
29/01/2016,140630,1147520000,8.2(-1.20 %),164170,1344690000,23540,197170000,237911435,12.46
01/02/2016,-34800,-284280000,8.2(0.00 %),0,0,34800,284280000,237923435,12.46
02/02/2016,-2540,-19330000,8(-2.44 %),5480,44830000,8020,64160000,238704635,12.36
03/02/2016,-334990,-2586610000,7.6(-5.00 %),12800,98590000,347790,2685200000,238715375,12.36
04/02/2016,-4240,-32500000,7.7(1.32 %),2280,17710000,6520,50210000,238747895,12.36
05/02/2016,7080,55120000,7.8(1.30 %),7300,56840000,220,1720000,238748615,12.36
15/02/2016,-373760,-2891730000,7.8(0.00 %),0,0,373760,2891730000,239096405,12.31
16/02/2016,-13000,-100100000,7.8(0.00 %),0,0,13000,100100000,239102925,12.31
17/02/2016,-623800,-4914000000,7.8(0.00 %),200,1600000,624000,4915600000,239102945,12.31
18/02/2016,-36460,-285390000,7.8(0.00 %),0,0,36460,285390000,239476705,12.27
19/02/2016,4622460,37828980000,8.3(6.41 %),4833460,39538020000,211000,1709040000,234656245,12.88
22/02/2016,3230,-17450000,8.8(6.02 %),876490,7667130000,873260,7684580000,234403755,12.91
23/02/2016,647250,6018290000,8.9(1.14 %),648350,6028370000,1100,10080000,233791865,12.98
24/02/2016,662740,5978020000,9(1.12 %),738320,6674890000,75580,696870000,233264545,13.05
25/02/2016,-141080,-1245820000,8.7(-3.33 %),6000,53400000,147080,1299220000,234131805,12.94
26/02/2016,-352170,-3026150000,8.6(-1.15 %),59720,516290000,411890,3542440000,234073185,12.95
29/02/2016,140060,1147810000,8.1(-5.81 %),149960,1229680000,9900,81870000,233998805,12.96
01/03/2016,-71840,-590870000,8.3(2.47 %),167940,1388500000,239780,1979370000,233977945,12.96
02/03/2016,332000,2753690000,8.3(0.00 %),390000,3237000000,58000,483310000,233999835,12.96
03/03/2016,-1107960,-8738780000,7.9(-4.82 %),281590,2239170000,1389550,10977950000,233728145,12.99
04/03/2016,322560,2647730000,8.2(3.80 %),331350,2719880000,8790,72150000,233636575,13.0
07/03/2016,-2100,-17750000,8.4(2.44 %),0,0,2100,17750000,233694575,13.0
08/03/2016,-1578590,-12816370000,8.2(-2.38 %),66110,545170000,1644700,13361540000,235018015,12.83
09/03/2016,18080,147860000,8.1(-1.22 %),20100,164420000,2020,16560000,235006705,12.83
10/03/2016,-130880,-1111180000,8.5(4.94 %),23000,192500000,153880,1303680000,234985805,12.83
11/03/2016,-147250,-1243590000,8.4(-1.18 %),22000,184800000,169250,1428390000,236608505,12.63
14/03/2016,316560,2670590000,8.4(0.00 %),329640,2779580000,13080,108990000,236280885,12.67
15/03/2016,-205230,-1728860000,8.3(-1.19 %),47590,390240000,252820,2119100000,236387175,12.66
16/03/2016,-6810,-58540000,8.5(2.41 %),8200,69050000,15010,127590000,236548225,12.64
17/03/2016,259490,2205670000,8.4(-1.18 %),309490,2630670000,50000,425000000,236251815,12.67
18/03/2016,625090,5250890000,8.4(0.00 %),3390250,28478100000,2765160,23227210000,235158385,12.81
21/03/2016,-311440,-2707980000,8.5(1.19 %),600,5170000,312040,2713150000,235172795,12.81
22/03/2016,357020,3034670000,8.5(0.00 %),357020,3034670000,0,0,234865775,12.85
23/03/2016,0,0,8.5(0.00 %),0,0,0,0,235586935,12.76
24/03/2016,8630,72940000,8.3(-2.35 %),8630,72940000,0,0,235890345,12.72
25/03/2016,53850,438990000,8.2(-1.20 %),54950,447900000,1100,8910000,235835395,12.73
28/03/2016,558090,4574540000,8.2(0.00 %),620090,5082940000,62000,508400000,235215305,12.8
29/03/2016,-46490,-379540000,8(-2.44 %),8000,65550000,54490,445090000,235207305,12.81
30/03/2016,276940,2245350000,8.1(1.25 %),422750,3416490000,145810,1171140000,234833525,12.85
31/03/2016,-68970,-536970000,7.8(-3.70 %),25000,199000000,93970,735970000,234870525,12.85
01/04/2016,1200,9360000,7.7(-1.28 %),1200,9360000,0,0,234923815,12.84
04/04/2016,-142380,-1086360000,7.7(0.00 %),575330,4402510000,717710,5488870000,234446425,12.9
05/04/2016,303620,2328860000,7.8(1.30 %),317320,2434350000,13700,105490000,234223075,12.93
06/04/2016,139360,1095950000,7.8(0.00 %),141160,1109960000,1800,14010000,234081915,12.95
07/04/2016,22810,175640000,7.7(-1.28 %),22810,175640000,0,0,234776815,12.86
08/04/2016,80800,621980000,7.6(-1.30 %),80800,621980000,0,0,234709715,12.87
11/04/2016,-165040,-1243980000,7.4(-2.63 %),3420,25640000,168460,1269620000,234708095,12.87
12/04/2016,-1764070,-12173780000,6.9(-6.76 %),57110,399480000,1821180,12573260000,234650985,12.88
13/04/2016,273650,1830880000,6.7(-2.90 %),411300,2755800000,137650,924920000,234239685,12.93
14/04/2016,-529770,-3761180000,7.1(5.97 %),46800,329480000,576570,4090660000,234361345,12.91
15/04/2016,20600,143500000,6.9(-2.82 %),25000,175180000,4400,31680000,236157525,12.69
19/04/2016,1005220,6810980000,6.7(-2.90 %),1007020,6823220000,1800,12240000,235288155,12.8
20/04/2016,506980,3394760000,6.7(0.00 %),616860,4130960000,109880,736200000,235247865,12.8
21/04/2016,32050,217940000,6.8(1.49 %),62410,424390000,30360,206450000,235189855,12.81
22/04/2016,417940,2862530000,7(2.94 %),530000,3625040000,112060,762510000,234661663,12.87
25/04/2016,-1258320,-9311050000,7.4(5.71 %),8000,59200000,1266320,9370250000,234763543,12.86
26/04/2016,-107500,-827850000,7.9(6.76 %),0,0,107500,827850000,234793911,12.86
27/04/2016,810210,6404090000,8(1.27 %),876310,6923070000,66100,518980000,234029670,12.95
28/04/2016,-37970,-292870000,7.9(-1.25 %),20100,160780000,58070,453650000,235275890,12.8
29/04/2016,-1058970,-8371760000,8(1.27 %),0,0,1058970,8371760000,235383390,12.78
04/05/2016,-113690,-851480000,7.5(-6.25 %),10100,76950000,123790,928430000,235439390,12.78
05/05/2016,-250670,-1842530000,7.4(-1.33 %),3500,25600000,254170,1868130000,235493960,12.77
06/05/2016,8840,65460000,7.5(1.35 %),8840,65460000,0,0,236544090,12.64
09/05/2016,-3150,-23650000,7.4(-1.33 %),3100,23230000,6250,46880000,236664780,12.62
10/05/2016,15480,110100000,7.4(0.00 %),76910,559540000,61430,449440000,236842040,12.6
11/05/2016,-50430,-373690000,7.5(1.35 %),0,0,50430,373690000,236842040,12.6
12/05/2016,-430,-3230000,7.5(0.00 %),1000,7500000,1430,10730000,236847299,12.6
13/05/2016,-233570,-1714170000,7.4(-1.33 %),0,0,233570,1714170000,236908729,12.59
16/05/2016,-7140,-52120000,7.4(0.00 %),2100,15330000,9240,67450000,236957059,12.58
17/05/2016,-70623,-557920000,7.9(6.76 %),0,0,70623,557920000,236958489,12.58
18/05/2016,-1180,-9910000,8.4(6.33 %),0,0,1180,9910000,237192059,12.55
19/05/2016,-165510,-1379510000,8.3(-1.19 %),28720,248580000,194230,1628090000,237172579,12.56
20/05/2016,-1081100,-8628050000,8(-3.61 %),4180,33800000,1085280,8661850000,237239022,12.55
23/05/2016,30540,248820000,8.1(1.25 %),49540,400820000,19000,152000000,237190662,12.55
24/05/2016,-171540,-1370880000,8(-1.23 %),18150,145530000,189690,1516410000,237366742,12.53
25/05/2016,9250,73950000,8(0.00 %),19050,152400000,9800,78450000,238432972,12.4
26/05/2016,-941550,-7260730000,7.7(-3.75 %),16500,129270000,958050,7390000000,238435472,12.4
27/05/2016,-699530,-5465140000,7.9(2.60 %),3500,26950000,703030,5492090000,238621662,12.37
30/05/2016,10850,86762000,8(1.27 %),10970,87710000,120,948000,238610812,12.37
31/05/2016,-36040,-282162000,7.8(-2.50 %),500,3950000,36540,286112000,238646852,12.37
01/06/2016,-666800,-5143283000,7.9(1.28 %),0,0,666800,5143283000,240281072,12.16
02/06/2016,-985060,-7703195000,8.1(2.53 %),7000,56100000,992060,7759295000,241266132,12.04
03/06/2016,-1050330,-8419390000,8.1(0.00 %),2530,20490000,1052860,8439880000,240308202,12.16
06/06/2016,-845510,-6789280000,8(-1.23 %),2000,16000000,847510,6805280000,240973002,12.08
07/06/2016,-52310,-415850000,8(0.00 %),139920,1118870000,192230,1534720000,241825142,11.97
08/06/2016,193160,1563600000,8.1(1.25 %),193160,1563600000,0,0,242684842,11.86
09/06/2016,-10780,-86360000,8.1(0.00 %),0,0,10780,86360000,243532352,11.75
10/06/2016,-44540,-356320000,7.9(-2.47 %),6000,48000000,50540,404320000,243718582,11.73
13/06/2016,-1163360,-9045740000,7.7(-2.53 %),36000,283800000,1199360,9329540000,243682582,11.73
14/06/2016,-1233480,-9589510000,7.8(1.30 %),0,0,1233480,9589510000,243693362,11.73
15/06/2016,-741910,-5730100000,7.9(1.28 %),0,0,741910,5730100000,243743902,11.73
16/06/2016,0,0,7.8(-1.27 %),0,0,0,0,244943262,11.57
17/06/2016,-2538890,-19334180000,7.6(-2.56 %),3290,25360000,2542180,19359540000,246173452,11.42
20/06/2016,-146010,-1120640000,7.6(0.00 %),600,4560000,146610,1125200000,246914764,11.32
21/06/2016,14840,113980000,7.6(0.00 %),16000,122900000,1160,8920000,246898764,11.33
22/06/2016,25100,190770000,7.6(0.00 %),25200,191520000,100,750000,249415744,11.01
23/06/2016,1800,13680000,7.7(1.32 %),1800,13680000,0,0,249560554,10.99
24/06/2016,-49500,-363970000,7.4(-3.90 %),700,5090000,50200,369060000,249561014,10.99
27/06/2016,38000,271600000,7.1(-4.05 %),38000,271600000,0,0,249523114,10.99
28/06/2016,-600,-4260000,7.1(0.00 %),0,0,600,4260000,249523114,10.99
29/06/2016,0,0,7.3(2.82 %),0,0,0,0,249573314,10.99
30/06/2016,-19690,-141770000,7.3(0.00 %),44170,324440000,63860,466210000,249529144,10.99
01/07/2016,-200,-1470000,7.4(1.37 %),0,0,200,1470000,249529744,10.99
04/07/2016,121110,896250000,7.5(1.35 %),125330,927440000,4220,31190000,249404414,11.01
05/07/2016,-65890,-487640000,7.3(-2.67 %),2000,14800000,67890,502440000,249466274,11.0
06/07/2016,16900,124750000,7.3(0.00 %),31640,230910000,14740,106160000,249434834,11.0
07/07/2016,-3700,-26640000,7.2(-1.37 %),0,0,3700,26640000,249439054,11.0
08/07/2016,-57350,-408480000,7.1(-1.39 %),1500,10650000,58850,419130000,249505444,11.0
11/07/2016,4190,29260000,6.8(-4.23 %),9800,67970000,5610,38710000,249505444,11.0
12/07/2016,27300,185530000,6.8(0.00 %),27300,185530000,0,0,249486784,11.0
13/07/2016,-496850,-3413080000,6.9(1.47 %),3600,24480000,500450,3437560000,249542034,10.99
14/07/2016,-374840,-2489360000,6.7(-2.90 %),389500,2681050000,764340,5170410000,249158144,11.04
15/07/2016,-376390,-2516820000,6.7(0.00 %),12000,80390000,388390,2597210000,249146144,11.04
18/07/2016,-2000,-13400000,6.9(2.99 %),0,0,2000,13400000,249646594,10.98
19/07/2016,32390,227250000,6.8(-1.45 %),39500,275600000,7110,48350000,250371434,10.89
20/07/2016,-20590,-137980000,6.7(-1.47 %),1500,10200000,22090,148180000,250758324,10.84
21/07/2016,-27000,-180620000,6.6(-1.49 %),0,0,27000,180620000,250760324,10.84
22/07/2016,-685900,-4427460000,6.4(-3.03 %),6300,40970000,692200,4468430000,250761134,10.84
25/07/2016,700,1400000,6.8(6.25 %),9700,62600000,9000,61200000,250773524,10.84
26/07/2016,-7000,-48900000,6.7(-1.47 %),2000,13200000,9000,62100000,250798524,10.83
27/07/2016,10330,68280000,6.6(-1.49 %),10330,68280000,0,0,251480394,10.75
28/07/2016,8700,56560000,6.4(-3.03 %),9700,63160000,1000,6600000,251479694,10.75
29/07/2016,-17360,-110900000,6.4(0.00 %),4000,25600000,21360,136500000,251484694,10.75
01/08/2016,27040,176020000,6.3(-1.56 %),34910,226530000,7870,50510000,251449784,10.75
02/08/2016,66990,411300000,6.1(-3.17 %),68250,419130000,1260,7830000,251382534,10.76
03/08/2016,-90,-540000,5.8(-4.92 %),10,60000,100,600000,251403884,10.76
04/08/2016,-181910,-1036320000,5.4(-6.90 %),16870,96390000,198780,1132710000,251394884,10.76
05/08/2016,-303410,-1557700000,5.1(-5.56 %),5010,26050000,308420,1583750000,251391134,10.76
08/08/2016,-145990,-767740000,5.3(3.92 %),55750,295480000,201740,1063220000,251335484,10.76
09/08/2016,-12300,-67530000,5.6(5.66 %),0,0,12300,67530000,251534264,10.74
10/08/2016,-6340,-37410000,5.9(5.36 %),0,0,6340,37410000,251842684,10.7
11/08/2016,211110,1309750000,6.3(6.78 %),250880,1556660000,39770,246910000,251793544,10.71
12/08/2016,7150,46210000,6.5(3.17 %),7150,46210000,0,0,251798694,10.71
15/08/2016,-1641250,-11193470000,6.9(6.15 %),300,2070000,1641550,11195540000,251804734,10.7
16/08/2016,-1340,-9060000,6.8(-1.45 %),1100,7560000,2440,16620000,251843404,10.7
17/08/2016,10700,69620000,6.4(-5.88 %),10700,69620000,0,0,251832704,10.7
18/08/2016,10000,60000000,6(-6.25 %),10000,60000000,0,0,253464257,10.49
19/08/2016,-11510,-73660000,6.4(6.67 %),0,0,11510,73660000,253466697,10.49
22/08/2016,-3800,-25000000,6.3(-1.56 %),11200,68000000,15000,93000000,253455497,10.5
23/08/2016,-222020,-1377520000,6.3(0.00 %),371000,2300200000,593020,3677720000,253084497,10.54
24/08/2016,-15130,-94810000,6.2(-1.59 %),100,620000,15230,95430000,253095907,10.54
25/08/2016,155790,934740000,6(-3.23 %),155790,934740000,0,0,252955117,10.56
26/08/2016,-26950,-171660000,6.4(6.67 %),0,0,26950,171660000,253548137,10.48
29/08/2016,233740,1490820000,6.3(-1.56 %),252890,1616110000,19150,125290000,253310477,10.51
30/08/2016,138370,866330000,6.3(0.00 %),139170,871370000,800,5040000,253171307,10.53
31/08/2016,-14000,-86900000,6.3(0.00 %),16000,99100000,30000,186000000,253182257,10.53
01/09/2016,-620510,-3785060000,6(-4.76 %),0,0,620510,3785060000,253201407,10.53
05/09/2016,-906680,-5141900000,5.6(-6.67 %),22500,129270000,929180,5271170000,253179707,10.53
06/09/2016,-428070,-2427550000,5.8(3.57 %),8200,46690000,436270,2474240000,253201507,10.53
07/09/2016,-376700,-2122540000,5.7(-1.72 %),24680,138210000,401380,2260750000,253797344,10.45
08/09/2016,-447090,-2510650000,5.7(0.00 %),1300,7330000,448390,2517980000,254725224,10.33
09/09/2016,-364050,-2040680000,5.6(-1.75 %),35070,196390000,399120,2237070000,255126424,10.28
12/09/2016,-356120,-1932690000,5.4(-3.57 %),3500,18910000,359620,1951600000,255524304,10.23
13/09/2016,-146000,-782910000,5.2(-3.70 %),16750,87110000,162750,870020000,255955944,10.18
14/09/2016,-466650,-2395110000,5.2(0.00 %),100,510000,466750,2395620000,256354964,10.13
15/09/2016,-685500,-3678240000,5.3(1.92 %),0,0,685500,3678240000,256714588,10.08
16/09/2016,-4275090,-21327690000,4.93(-6.98 %),1615580,7965940000,5890670,29293630000,255261758,10.27
19/09/2016,517660,2595290000,5.01(1.62 %),517660,2595290000,0,0,255210848,10.27
20/09/2016,201220,1014650000,5.07(1.20 %),258220,1302040000,57000,287390000,255638128,10.22
21/09/2016,205710,1042280000,5.13(1.18 %),205710,1042280000,0,0,261323088,9.5
22/09/2016,11050,56460000,5.14(0.19 %),11050,56460000,0,0,261312038,9.5
23/09/2016,-43130,-221440000,5.13(-0.19 %),1835810,9435910000,1878940,9657350000,261365203,9.49
26/09/2016,-57630,-295210000,5.15(0.39 %),6650,33780000,64280,328990000,261358553,9.5
27/09/2016,-1979870,-10493320000,5.28(2.52 %),210,1110000,1980080,10494430000,261358343,9.5
28/09/2016,-1575420,-8430400000,5.31(0.57 %),3000,16020000,1578420,8446420000,261402323,9.49
29/09/2016,-8210,-44040000,5.25(-1.13 %),5090,27020000,13300,71060000,261461513,9.48
30/09/2016,-13810,-71670000,5.25(0.00 %),210,1090000,14020,72760000,263441385,9.23
03/10/2016,-196900,-1021880000,5.21(-0.76 %),1500,7800000,198400,1029680000,265018305,9.03
04/10/2016,28900,149890000,5.15(-1.15 %),33000,171250000,4100,21360000,264998605,9.03
05/10/2016,-25420,-129920000,5.11(-0.78 %),14300,74220000,39720,204140000,264998325,9.03
06/10/2016,0,0,5.14(0.59 %),0,0,0,0,265196725,9.01
07/10/2016,1610,8280000,5.13(-0.19 %),1610,8280000,0,0,265199215,9.01
10/10/2016,5200,26520000,5.13(0.00 %),5200,26520000,0,0,265233735,9.0
11/10/2016,7450,37480000,5.1(-0.58 %),9000,45400000,1550,7920000,265224735,9.01
12/10/2016,-110,-580000,5.16(1.18 %),0,0,110,580000,265224735,9.01
13/10/2016,32020,168040000,5.27(2.13 %),32020,168040000,0,0,265192715,9.01
14/10/2016,-98740,-542570000,5.63(6.83 %),0,0,98740,542570000,265194271,9.01
17/10/2016,-209600,-1202300000,5.63(0.00 %),29750,172340000,239350,1374640000,265164631,9.01
18/10/2016,41690,229920000,5.39(-4.26 %),43580,240180000,1890,10260000,265121051,9.02
19/10/2016,48310,261870000,5.35(-0.74 %),80000,431550000,31690,169680000,265139756,9.02
20/10/2016,10740,58350000,5.35(0.00 %),36510,195510000,25770,137160000,265342596,8.99
21/10/2016,-62820,-334680000,5.3(-0.93 %),5750,30750000,68570,365430000,265338736,8.99
24/10/2016,-2860,-15210000,5.27(-0.57 %),140,750000,3000,15960000,265370286,8.99
25/10/2016,28390,149590000,5.3(0.57 %),29200,153880000,810,4290000,265366856,8.99
26/10/2016,-77440,-406740000,5.25(-0.94 %),200,1050000,77640,407790000,265435226,8.98
27/10/2016,0,0,5.24(-0.19 %),0,0,0,0,265438226,8.98
28/10/2016,-30,-180000,5.37(2.48 %),70,370000,100,550000,265438966,8.98
31/10/2016,0,0,5.2(-3.17 %),0,0,0,0,265516606,8.97
01/11/2016,-930,-4740000,5.1(-1.92 %),0,0,930,4740000,265516606,8.97
02/11/2016,18900,98380000,5.17(1.37 %),24000,124900000,5100,26520000,265492706,8.97
03/11/2016,-46770,-238860000,5.12(-0.97 %),15000,77400000,61770,316260000,265477706,8.97
04/11/2016,-1780,-9110000,5.12(0.00 %),2000,10240000,3780,19350000,265476636,8.97
07/11/2016,-2070,-10600000,5.13(0.20 %),30,150000,2100,10750000,265481706,8.97
08/11/2016,0,0,5.16(0.58 %),0,0,0,0,265543476,8.97
09/11/2016,-49540,-253340000,5.13(-0.58 %),0,0,49540,253340000,265547256,8.97
10/11/2016,-44120,-226070000,5.34(4.09 %),17030,87710000,61150,313780000,265532326,8.97
11/11/2016,-127830,-700280000,5.5(3.00 %),7350,39470000,135180,739750000,265524976,8.97
14/11/2016,-627800,-3398350000,5.36(-2.55 %),0,0,627800,3398350000,265574516,8.96
15/11/2016,102500,551240000,5.36(0.00 %),103400,556070000,900,4830000,265532266,8.97
16/11/2016,48600,278480000,5.73(6.90 %),50000,286500000,1400,8020000,265617446,8.96
17/11/2016,-424750,-2490910000,5.8(1.22 %),30130,178670000,454880,2669580000,266215116,8.88
18/11/2016,-119070,-682080000,5.7(-1.72 %),400,2300000,119470,684380000,266215622,8.88
21/11/2016,-78610,-464940000,6.04(5.96 %),50000,296000000,128610,760940000,266167022,8.89
22/11/2016,-58160,-360750000,6.23(3.15 %),10000,62300000,68160,423050000,266611902,8.83
23/11/2016,-113020,-698060000,6.2(-0.48 %),10000,61300000,123020,759360000,266721372,8.82
24/11/2016,33900,217370000,6.45(4.03 %),50000,322000000,16100,104630000,266799982,8.81
25/11/2016,-474040,-3005530000,6.33(-1.86 %),0,0,474040,3005530000,266868142,8.8
28/11/2016,-634610,-3951480000,6.22(-1.74 %),11980,74840000,646590,4026320000,266979182,8.78
29/11/2016,-548320,-3418390000,6.21(-0.16 %),0,0,548320,3418390000,266995282,8.78
30/11/2016,-382570,-2287340000,5.91(-4.83 %),120,720000,382690,2288060000,267469202,8.72
01/12/2016,-314890,-1869210000,5.9(-0.17 %),1500,8870000,316390,1878080000,268114292,8.64
02/12/2016,-145170,-825260000,5.65(-4.24 %),100,570000,145270,825830000,268662512,8.57
05/12/2016,-101900,-579930000,5.65(0.00 %),34000,193600000,135900,773530000,269011202,8.53
06/12/2016,-155490,-863080000,5.52(-2.30 %),0,0,155490,863080000,269327592,8.49
07/12/2016,-135350,-741450000,5.52(0.00 %),16800,90720000,152150,832170000,269456062,8.47
08/12/2016,-126090,-703490000,5.56(0.72 %),0,0,126090,703490000,269591962,8.45
09/12/2016,-141820,-787030000,5.53(-0.54 %),0,0,141820,787030000,269747452,8.43
12/12/2016,-963110,-5399220000,5.58(0.90 %),0,0,963110,5399220000,269899606,8.41
13/12/2016,-1105040,-6032100000,5.4(-3.23 %),0,0,1105040,6032100000,270025696,8.4
14/12/2016,-961610,-5381130000,5.75(6.48 %),11040,61160000,972650,5442290000,270156476,8.38
15/12/2016,-923620,-5335270000,5.73(-0.35 %),24000,139010000,947620,5474280000,271095586,8.26
16/12/2016,-1649070,-9531830000,5.78(0.87 %),843090,4873060000,2492160,14404890000,273268806,7.99
19/12/2016,-15290,-90570000,5.9(2.08 %),0,0,15290,90570000,272330186,8.11
20/12/2016,-146610,-842170000,5.64(-4.41 %),9000,52290000,155610,894460000,273268806,7.99
21/12/2016,-149860,-846210000,5.61(-0.53 %),240,1360000,150100,847570000,275760726,7.67
22/12/2016,-59010,-329900000,5.53(-1.43 %),3200,17980000,62210,347880000,275772816,7.67
23/12/2016,-95210,-524390000,5.51(-0.36 %),20200,111000000,115410,635390000,275908226,7.65
26/12/2016,6120,34050000,5.46(-0.91 %),9000,49950000,2880,15900000,276191478,7.62
27/12/2016,27480,148680000,5.35(-2.01 %),35470,191990000,7990,43310000,276191478,7.62
28/12/2016,-299590,-1618580000,5.36(0.19 %),10800,58730000,310390,1677310000,276180678,7.62
29/12/2016,-21550,-115520000,5.36(0.00 %),8630,46260000,30180,161780000,276174928,7.62
30/12/2016,33010,179000000,5.35(-0.19 %),33010,179000000,0,0,276149908,7.62
03/01/2017,-48800,-261070000,5.35(0.00 %),41020,219460000,89820,480530000,276419278,7.59
04/01/2017,91770,503090000,5.5(2.80 %),111270,612020000,19500,108930000,276338188,7.6
05/01/2017,500,2700000,5.4(-1.82 %),500,2700000,0,0,276337688,7.6
06/01/2017,78740,424850000,5.36(-0.74 %),85940,463710000,7200,38860000,276341568,7.6
09/01/2017,120360,638340000,5.23(-2.43 %),152520,808090000,32160,169750000,276208548,7.62
10/01/2017,-34980,-182450000,5.22(-0.19 %),103200,539040000,138180,721490000,276105348,7.63
11/01/2017,-44890,-236630000,5.18(-0.77 %),0,0,44890,236630000,276112548,7.63
12/01/2017,-14650,-73490000,5.21(0.58 %),4200,21760000,18850,95250000,276140517,7.62
13/01/2017,41360,211550000,5.08(-2.50 %),50840,260080000,9480,48530000,276227857,7.61
16/01/2017,12180,62110000,5.08(0.00 %),13000,66300000,820,4190000,276259753,7.61
17/01/2017,-11220,-57000000,5.06(-0.39 %),0,0,11220,57000000,276278603,7.61
18/01/2017,-20000,-100000000,4.96(-1.98 %),0,0,20000,100000000,276288083,7.61
19/01/2017,-109700,-545290000,4.97(0.20 %),0,0,109700,545290000,276288903,7.61
20/01/2017,48140,242630000,5.09(2.41 %),50850,256100000,2710,13470000,276249273,7.61
23/01/2017,-2000,-10420000,5.42(6.48 %),0,0,2000,10420000,276269273,7.61
24/01/2017,0,0,5.79(6.83 %),0,0,0,0,276378973,7.59
25/01/2017,-177490,-1007960000,5.6(-3.28 %),20010,117060000,197500,1125020000,276361673,7.6
02/02/2017,-766230,-4549610000,5.99(6.96 %),100,580000,766330,4550190000,276363573,7.6
03/02/2017,-24050,-139120000,5.84(-2.50 %),171490,1019300000,195540,1158420000,276192083,7.62
06/02/2017,152580,898810000,5.92(1.37 %),152720,899630000,140,820000,276236863,7.61
07/02/2017,135560,825450000,6.09(2.87 %),156520,953840000,20960,128390000,276846679,7.53
08/02/2017,65530,404370000,6.16(1.15 %),66830,412400000,1300,8030000,276975389,7.52
09/02/2017,-14860,-91640000,5.95(-3.41 %),480,2950000,15340,94590000,276975066,7.52
10/02/2017,-118800,-705400000,6.06(1.85 %),2700,15960000,121500,721360000,276993326,7.52
13/02/2017,24320,149620000,6.24(2.97 %),50300,309880000,25980,160260000,276944326,7.52
14/02/2017,-33740,-223640000,6.52(4.49 %),0,0,33740,223640000,276959666,7.52
15/02/2017,65850,438220000,6.8(4.29 %),66200,440570000,350,2350000,277014966,7.51
16/02/2017,123210,894860000,7.05(3.68 %),153260,1100080000,30050,205220000,276887686,7.53
17/02/2017,64260,456320000,7.24(2.70 %),64420,457450000,160,1130000,276857006,7.53
20/02/2017,4880,37090000,7.74(6.91 %),16800,124100000,11920,87010000,276840564,7.54
21/02/2017,-38920,-321110000,8.2(5.94 %),8320,66950000,47240,388060000,276862294,7.53
22/02/2017,183030,1490690000,8.12(-0.98 %),432860,3523010000,249830,2032320000,276429594,7.59
23/02/2017,36610,301230000,8.14(0.25 %),92020,758210000,55410,456980000,276349487,7.6
24/02/2017,65030,519740000,7.58(-6.88 %),65030,519740000,0,0,276331697,7.6
27/02/2017,-117910,-936410000,8.11(6.99 %),85110,668460000,203020,1604870000,276324733,7.6
28/02/2017,-42340,-353280000,8.18(0.86 %),108400,891230000,150740,1244510000,276443433,7.59
01/03/2017,57270,461680000,8.15(-0.37 %),118700,962330000,61430,500650000,276324733,7.6
02/03/2017,-69010,-554200000,7.91(-2.94 %),43540,351110000,112550,905310000,276484213,7.58
03/03/2017,-30000,-235800000,8.05(1.77 %),1000,7900000,31000,243700000,276634001,7.56
06/03/2017,-133560,-1082410000,8.07(0.25 %),0,0,133560,1082410000,276695431,7.55
07/03/2017,23750,190220000,8.01(-0.74 %),25090,200970000,1340,10750000,276782891,7.54
08/03/2017,-79170,-635940000,8.04(0.37 %),30020,240680000,109190,876620000,276783871,7.54
09/03/2017,38830,313800000,8.3(3.23 %),39200,316770000,370,2970000,276878231,7.53
10/03/2017,-226220,-1891380000,8.34(0.48 %),0,0,226220,1891380000,276879571,7.53
13/03/2017,54300,446060000,8.21(-1.56 %),54300,446060000,0,0,276934461,7.52
14/03/2017,10000,82200000,8.23(0.24 %),10000,82200000,0,0,276924831,7.52
15/03/2017,-361050,-2980460000,8.29(0.73 %),55000,452630000,416050,3433090000,277150051,7.5
16/03/2017,-2135820,-17953660000,8.87(7.00 %),74000,648420000,2209820,18602080000,277076051,7.51
17/03/2017,-2230930,-20308280000,9.1(2.59 %),1357130,12351090000,3588060,32659370000,277076051,7.51
20/03/2017,-3150,-29230000,9.11(0.11 %),2180,20090000,5330,49320000,277076051,7.51
21/03/2017,-29370,-270670000,9.32(2.31 %),1150,10480000,30520,281150000,277076051,7.51
22/03/2017,-71340,-687220000,9.68(3.86 %),139230,1373120000,210570,2060340000,277076051,7.51
23/03/2017,-75200,-767560000,10.1(4.34 %),20720,201230000,95920,968790000,277076051,7.51
24/03/2017,89370,887620000,9.9(-1.98 %),89370,887620000,0,0,277076051,7.51
27/03/2017,11620,111040000,9.9(0.00 %),21700,208610000,10080,97570000,277076051,7.51
28/03/2017,-74940,-729590000,9.65(-2.53 %),30300,295860000,105240,1025450000,277076051,7.51
29/03/2017,-77200,-715010000,9.2(-4.66 %),52800,482320000,130000,1197330000,277076051,7.51
30/03/2017,-349250,-3202790000,9.06(-1.52 %),12420,112870000,361670,3315660000,277076051,7.51
31/03/2017,80760,735660000,9.15(0.99 %),81760,744790000,1000,9130000,277076051,7.51
03/04/2017,28360,257700000,9.05(-1.09 %),30440,276770000,2080,19070000,281984448,6.88
04/04/2017,89000,837210000,9.6(6.08 %),91000,856410000,2000,19200000,282255118,6.85
05/04/2017,-85970,-821380000,9.35(-2.60 %),24100,226800000,110070,1048180000,282232018,6.85
07/04/2017,-20550,-191060000,9.25(-1.07 %),20680,190320000,41230,381380000,282213419,6.86
10/04/2017,-18590,-171810000,9.19(-0.65 %),1420,13080000,20010,184890000,282213999,6.86
11/04/2017,-31810,-291940000,9.14(-0.54 %),6600,60890000,38410,352830000,282317469,6.84
12/04/2017,-141690,-1233040000,8.6(-5.91 %),3640,32100000,145330,1265140000,282355059,6.84
13/04/2017,-29190,-253010000,8.6(0.00 %),1000,8630000,30190,261640000,282374071,6.83
14/04/2017,-40890,-344710000,8.2(-4.65 %),25110,209300000,66000,554010000,282387371,6.83
17/04/2017,53710,433560000,8.12(-0.98 %),75090,609730000,21380,176170000,282457611,6.82
18/04/2017,-8460,-67510000,8.05(-0.86 %),1660,13270000,10120,80780000,282486141,6.82
19/04/2017,100150,820200000,8.07(0.25 %),100150,820200000,0,0,282451991,6.83
20/04/2017,46400,378860000,8.16(1.12 %),50400,411220000,4000,32360000,282422971,6.83
21/04/2017,82390,678140000,8.29(1.59 %),82390,678140000,0,0,282350701,6.84
24/04/2017,50010,429590000,8.68(4.70 %),70050,603050000,20040,173460000,282280651,6.85
25/04/2017,-11000,-93900000,8.53(-1.73 %),0,0,11000,93900000,282284651,6.85
26/04/2017,-40450,-355520000,8.79(3.05 %),0,0,40450,355520000,282284651,6.85
27/04/2017,430,3780000,8.71(-0.91 %),530,4660000,100,880000,282304161,6.84
28/04/2017,300,2600000,8.65(-0.69 %),300,2600000,0,0,282314861,6.84
03/05/2017,499700,4319780000,9(4.05 %),500100,4323290000,400,3510000,281855211,6.9
04/05/2017,1499040,14119910000,9.42(4.67 %),1729140,16295730000,230100,2175820000,280126171,7.12
05/05/2017,-22470,-194310000,9.1(-3.40 %),128610,1204080000,151080,1398390000,279997561,7.14
08/05/2017,-361850,-3088090000,8.5(-6.59 %),98620,877960000,460470,3966050000,279899341,7.15
09/05/2017,-15990,-132220000,8.9(4.71 %),8510,73050000,24500,205270000,280120931,7.12
10/05/2017,38960,348910000,8.69(-2.36 %),40530,362660000,1570,13750000,280231481,7.11
11/05/2017,-32300,-275050000,8.52(-1.96 %),32700,281460000,65000,556510000,280659251,7.05
12/05/2017,-110910,-961320000,8.66(1.64 %),2700,23410000,113610,984730000,280681051,7.05
15/05/2017,-45230,-397090000,8.81(1.73 %),10000,87500000,55230,484590000,280672621,7.05
16/05/2017,-70570,-639990000,8.94(1.48 %),16500,149120000,87070,789110000,280721123,7.04
17/05/2017,3100,27720000,8.96(0.22 %),3100,27720000,0,0,280831633,7.03
18/05/2017,5000,45140000,8.8(-1.79 %),6500,58480000,1500,13340000,280880363,7.02
19/05/2017,40310,359310000,9(2.27 %),40310,359310000,0,0,280927123,7.02
22/05/2017,-26340,-244100000,9.05(0.56 %),30,280000,26370,244380000,280927093,7.02
23/05/2017,-39880,-352350000,8.9(-1.66 %),15120,134680000,55000,487030000,280913473,7.02
24/05/2017,-155590,-1387070000,8.83(-0.79 %),0,0,155590,1387070000,280913473,7.02
25/05/2017,-445050,-3925850000,8.8(-0.34 %),9400,83470000,454450,4009320000,280930443,7.02
26/05/2017,-37400,-329500000,9(2.27 %),6500,57200000,43900,386700000,280978943,7.01
29/05/2017,-75400,-684260000,9.08(0.89 %),0,0,75400,684260000,281134533,6.99
30/05/2017,5790,51580000,8.82(-2.86 %),11000,97900000,5210,46320000,281577983,6.94
31/05/2017,-294560,-2562550000,8.7(-1.36 %),21000,182820000,315560,2745370000,281600883,6.93
01/06/2017,63160,551040000,8.8(1.15 %),63460,553670000,300,2630000,281612823,6.93
02/06/2017,0,0,8.92(1.36 %),0,0,0,0,281618033,6.93
05/06/2017,-2063070,-17428530000,8.3(-6.95 %),136930,1156730000,2200000,18585260000,281896663,6.9
06/06/2017,-42510,-354610000,8.58(3.37 %),7500,62810000,50010,417420000,281889463,6.9
07/06/2017,-92000,-792030000,8.57(-0.12 %),2000,17160000,94000,809190000,281887463,6.9
08/06/2017,2800,22740000,8.22(-4.08 %),10800,90670000,8000,67930000,283976663,6.63
09/06/2017,-41100,-334690000,8.22(0.00 %),0,0,41100,334690000,284026673,6.63
12/06/2017,-790,-6580000,8.36(1.70 %),0,0,790,6580000,284120673,6.61
13/06/2017,-2000,-16920000,8.55(2.27 %),0,0,2000,16920000,284128673,6.61
14/06/2017,401570,3604130000,9.14(6.90 %),508070,4572560000,106500,968430000,283661703,6.67
15/06/2017,-276510,-2538550000,9.05(-0.98 %),23660,217900000,300170,2756450000,283638833,6.67
16/06/2017,-7928920,-72706720000,9.17(1.33 %),2689490,24662620000,10618410,97369340000,280951343,7.02
19/06/2017,89500,812200000,9.05(-1.31 %),109500,1000200000,20000,188000000,280948343,7.02
20/06/2017,2620,23090000,9.06(0.11 %),20980,189060000,18360,165970000,281227533,6.98
21/06/2017,2120,18030000,9.15(0.99 %),12740,115710000,10620,97680000,291833203,5.64
22/06/2017,-46750,-434680000,9.56(4.48 %),4370,40640000,51120,475320000,291848833,5.64
23/06/2017,38840,384070000,9.78(2.30 %),116900,1141340000,78060,757270000,291750293,5.65
26/06/2017,34050,331480000,9.7(-0.82 %),55860,543770000,21810,212290000,291705053,5.65
27/06/2017,-42210,-394840000,9.35(-3.61 %),85590,815180000,127800,1210020000,291699155,5.65
28/06/2017,36810,344760000,9.49(1.50 %),49490,463830000,12680,119070000,291699155,5.65
29/06/2017,37890,363460000,9.6(1.16 %),38890,372980000,1000,9520000,291682075,5.66
30/06/2017,-17740,-171040000,9.48(-1.25 %),7100,67660000,24840,238700000,291802775,5.64
03/07/2017,63020,577130000,9.1(-4.01 %),64800,594020000,1780,16890000,291750655,5.65
04/07/2017,-68080,-616960000,9.22(1.32 %),4000,36140000,72080,653100000,291747655,5.65
05/07/2017,8000,73210000,9.18(-0.43 %),8000,73210000,0,0,291764495,5.65
06/07/2017,-17070,-155400000,9.1(-0.87 %),0,0,17070,155400000,291766275,5.65
07/07/2017,-4580,-42940000,9(-1.10 %),20000,180000000,24580,222940000,291818355,5.64
10/07/2017,-44300,-388540000,8.8(-2.22 %),12100,106330000,56400,494870000,289273085,5.96
11/07/2017,2565930,23605510000,9.2(4.55 %),2574820,23683930000,8890,78420000,289248505,5.96
12/07/2017,1422770,13247260000,9.25(0.54 %),2024980,18856020000,602210,5608760000,287798105,6.15
13/07/2017,277260,2612100000,9.56(3.35 %),1021630,9723860000,744370,7111760000,287389975,6.2
14/07/2017,161700,1558890000,9.4(-1.67 %),186100,1789160000,24400,230270000,287212765,6.22
17/07/2017,-18490,-173120000,9.22(-1.91 %),30050,277920000,48540,451040000,287234925,6.22
18/07/2017,-73630,-669850000,9.07(-1.63 %),17500,159540000,91130,829390000,287404695,6.2
19/07/2017,1000,9170000,9.08(0.11 %),1000,9170000,0,0,287428095,6.2
20/07/2017,33950,308260000,9.1(0.22 %),34050,309170000,100,910000,287442585,6.19
21/07/2017,-1740,-15940000,9.01(-0.99 %),270,2450000,2010,18390000,287533445,6.18
24/07/2017,-1530,-13720000,8.99(-0.22 %),2600,23370000,4130,37090000,287530845,6.18
25/07/2017,-33110,-296650000,8.98(-0.11 %),27000,239900000,60110,536550000,287503945,6.19
26/07/2017,23990,216150000,9.1(1.34 %),23990,216150000,0,0,287478815,6.19
27/07/2017,-810,-7320000,9.07(-0.33 %),7280,66300000,8090,73620000,287478815,6.19
28/07/2017,100,910000,9.2(1.43 %),100,910000,0,0,287538825,6.18
31/07/2017,20100,185510000,9.41(2.28 %),35500,331770000,15400,146260000,287503325,6.19
01/08/2017,-23760,-226300000,9.45(0.43 %),32000,305340000,55760,531640000,287479415,6.19
02/08/2017,10990,102950000,9.25(-2.12 %),20000,187000000,9010,84050000,287459415,6.19
03/08/2017,-990,-9140000,9.22(-0.32 %),250,2310000,1240,11450000,287474565,6.19
04/08/2017,7240,66460000,9.13(-0.98 %),20500,188770000,13260,122310000,287509825,6.18
07/08/2017,5700,52630000,9.15(0.22 %),16500,151760000,10800,99130000,287502335,6.19
08/08/2017,24340,221710000,9.08(-0.77 %),25300,230490000,960,8780000,287478275,6.19
09/08/2017,-4850,-44600000,8.99(-0.99 %),61350,552010000,66200,596610000,287430185,6.19
10/08/2017,-6340,-56870000,8.95(-0.44 %),100,900000,6440,57770000,287440885,6.19
11/08/2017,19000,169000000,8.8(-1.68 %),19000,169000000,0,0,287422845,6.2
14/08/2017,-188320,-1654290000,8.9(1.14 %),13600,119740000,201920,1774030000,287475445,6.19
15/08/2017,0,0,8.9(0.00 %),0,0,0,0,346029385,6.19
16/08/2017,-1360,-12070000,8.89(-0.11 %),200,1770000,1560,13840000,346029185,5.27
17/08/2017,-35150,-306800000,8.4(-5.51 %),20000,171870000,55150,478670000,346211105,5.25
18/08/2017,-53950,-449640000,8.4(0.00 %),50,410000,54000,450050000,346211055,5.25
21/08/2017,-202600,-1751070000,8.6(2.38 %),130,1130000,202730,1752200000,346212493,5.25
22/08/2017,-15150,-129690000,8.52(-0.93 %),4850,41510000,20000,171200000,346262793,5.25
23/08/2017,8770,73390000,8.35(-2.00 %),11300,94920000,2530,21530000,346305493,5.24
24/08/2017,-61120,-516780000,8.45(1.20 %),3140,26220000,64260,543000000,346505084,5.22
25/08/2017,-2000,-17000000,8.48(0.36 %),0,0,2000,17000000,346525084,5.22
28/08/2017,4100,34660000,8.4(-0.94 %),4100,34660000,0,0,346523514,5.22
29/08/2017,-461280,-3962380000,8.59(2.26 %),1310,11270000,462590,3973650000,346586464,5.21
30/08/2017,-6220,-53170000,8.59(0.00 %),100,850000,6320,54020000,346588364,5.21
31/08/2017,17470,148580000,8.49(-1.16 %),19360,164670000,1890,16090000,346569004,5.21
01/09/2017,21780,184280000,8.42(-0.82 %),21780,184280000,0,0,347009814,5.17
05/09/2017,15060,126740000,8.39(-0.36 %),16000,134710000,940,7970000,347000134,5.17
06/09/2017,-193180,-1614700000,8.31(-0.95 %),0,0,193180,1614700000,347002024,5.17
07/09/2017,-56000,-467550000,8.42(1.32 %),0,0,56000,467550000,347002024,5.17
08/09/2017,-85880,-722200000,8.41(-0.12 %),2600,21870000,88480,744070000,347000364,5.17
11/09/2017,72830,608650000,8.32(-1.07 %),72830,608650000,0,0,347120714,5.15
12/09/2017,-154000,-1270430000,8.26(-0.72 %),61130,503590000,215130,1774020000,347115584,5.15
13/09/2017,-400,-3220000,8.31(0.61 %),1300,10820000,1700,14040000,347202764,5.14
14/09/2017,27040,226790000,8.35(0.48 %),27040,226790000,0,0,347175724,5.15
15/09/2017,376420,3149830000,8.37(0.24 %),494080,4134580000,117660,984750000,346896770,5.18
18/09/2017,-56750,-473620000,8.33(-0.48 %),7500,62520000,64250,536140000,346890970,5.18
19/09/2017,92700,769340000,8.28(-0.60 %),126600,1050490000,33900,281150000,346764370,5.19
20/09/2017,7680,63600000,8.35(0.85 %),9680,80350000,2000,16750000,346872404,5.18
21/09/2017,38820,327120000,8.4(0.60 %),43000,362230000,4180,35110000,346893654,5.18
22/09/2017,-2000,-17000000,8.4(0.00 %),0,0,2000,17000000,346927554,5.17
25/09/2017,-16100,-135190000,8.36(-0.48 %),3900,32680000,20000,167870000,346925654,5.17
26/09/2017,198650,1712700000,8.8(5.26 %),200350,1727360000,1700,14660000,346729484,5.2
27/09/2017,95000,838300000,8.69(-1.25 %),95000,838300000,0,0,346636484,5.21
28/09/2017,56400,487090000,8.53(-1.84 %),56400,487090000,0,0,346600084,5.21
29/09/2017,-1790,-15170000,8.4(-1.52 %),100,850000,1890,16020000,346601684,5.21
02/10/2017,-14450,-121350000,8.35(-0.60 %),1200,10090000,15650,131440000,346600484,5.99
03/10/2017,810,6600000,8.25(-1.20 %),10080,83970000,9270,77370000,346590404,6.0
04/10/2017,-1760,-14600000,8.38(1.58 %),240,2000000,2000,16600000,346592054,6.0
05/10/2017,-9770,-81110000,8.3(-0.95 %),3000,25140000,12770,106250000,346604704,5.99
06/10/2017,-3790,-31460000,8.29(-0.12 %),0,0,3790,31460000,346613974,5.99
09/10/2017,-10000,-83600000,8.34(0.60 %),0,0,10000,83600000,346615974,5.99
10/10/2017,5000,41500000,8.31(-0.36 %),5000,41500000,0,0,346623744,5.99
11/10/2017,6820,56790000,8.32(0.12 %),7000,58290000,180,1500000,346620534,5.99
12/10/2017,0,0,8.27(-0.60 %),0,0,0,0,346630534,5.99
13/10/2017,6010,49490000,8.28(0.12 %),11600,95830000,5590,46340000,346618934,5.99
16/10/2017,-9190,-76540000,8.33(0.60 %),2000,16660000,11190,93200000,346617114,5.99
17/10/2017,2000,16660000,8.29(-0.48 %),2100,17490000,100,830000,346615021,5.99
18/10/2017,3160,25770000,8.18(-1.33 %),6160,50640000,3000,24870000,346614451,5.99
19/10/2017,87390,715740000,8.18(0.00 %),87390,715740000,0,0,346538251,6.0
20/10/2017,22000,178960000,8.1(-0.98 %),22000,178960000,0,0,346516351,6.01
23/10/2017,57670,455320000,7.74(-4.44 %),92760,737530000,35090,282210000,346426591,6.02
24/10/2017,-11710,-90730000,7.77(0.39 %),150,1160000,11860,91890000,346426447,6.02
25/10/2017,-5210,-42170000,7.91(1.80 %),12960,102590000,18170,144760000,346413487,6.02
26/10/2017,-34850,-270070000,7.7(-2.65 %),15150,117630000,50000,387700000,346433427,6.02
27/10/2017,-6240,-48180000,7.55(-1.95 %),3760,28320000,10000,76500000,346441527,6.01
30/10/2017,258110,1968600000,7.75(2.65 %),312900,2382400000,54790,413800000,346146797,6.05
31/10/2017,1520420,12096980000,8.02(3.48 %),1555630,12371200000,35210,274220000,344641167,5.42
01/11/2017,1403630,11391010000,8.08(0.75 %),1650000,13385930000,246370,1994920000,343001167,5.6
02/11/2017,75830,596010000,7.52(-6.93 %),76200,598900000,370,2890000,342979757,5.6
03/11/2017,96110,683080000,7.04(-6.38 %),101110,720430000,5000,37350000,342913857,5.61
06/11/2017,67380,483500000,7.29(3.55 %),119010,851880000,51630,368380000,343041217,5.59
07/11/2017,-47070,-343730000,7.3(0.14 %),10120,73860000,57190,417590000,343031387,5.59
08/11/2017,-73460,-530350000,7.32(0.27 %),1000,7290000,74460,537640000,343035387,5.59
09/11/2017,-10600,-77060000,7.3(-0.27 %),2550,18540000,13150,95600000,343084467,5.59
10/11/2017,-5080,-37150000,7.44(1.92 %),2000,14600000,7080,51750000,343139657,5.58
13/11/2017,-104710,-775920000,7.38(-0.81 %),1080,8030000,105790,783950000,343213037,5.57
14/11/2017,23150,168150000,7.22(-2.17 %),23200,168510000,50,360000,343202987,5.58
15/11/2017,-26140,-188740000,7.22(0.00 %),40400,290880000,66540,479620000,343169667,5.58
16/11/2017,-23500,-172840000,7.72(6.93 %),62500,455530000,86000,628370000,343212957,5.57
17/11/2017,-13760,-106860000,7.81(1.17 %),56540,440790000,70300,547650000,343156473,5.58
20/11/2017,83520,642280000,7.67(-1.79 %),94510,727010000,10990,84730000,343128503,5.58
21/11/2017,138890,1045830000,7.51(-2.09 %),140420,1057380000,1530,11550000,343074083,5.59
22/11/2017,92460,694750000,7.52(0.13 %),92460,694750000,0,0,343051923,5.59
23/11/2017,47210,354630000,7.51(-0.13 %),52210,392130000,5000,37500000,343010703,5.6
24/11/2017,-18150,-138880000,7.69(2.40 %),13100,98620000,31250,237500000,342999133,5.6
27/11/2017,-18890,-145380000,7.75(0.78 %),10000,76950000,28890,222330000,342989133,5.6
28/11/2017,10880,85130000,7.82(0.90 %),10880,85130000,0,0,342983253,5.6
29/11/2017,40880,318160000,7.7(-1.53 %),53420,416440000,12540,98280000,342961083,5.6
30/11/2017,28390,218650000,7.73(0.39 %),28390,218650000,0,0,342961583,5.6
01/12/2017,-2700,-20910000,7.62(-1.42 %),10400,79570000,13100,100480000,342951183,5.6
04/12/2017,-71010,-540920000,7.51(-1.44 %),0,0,71010,540920000,342963723,5.6
05/12/2017,-1420,-10860000,7.54(0.40 %),2000,15020000,3420,25880000,342961723,5.6
06/12/2017,-50880,-386150000,7.7(2.12 %),0,0,50880,386150000,342974823,5.6
07/12/2017,-91810,-719720000,7.83(1.69 %),0,0,91810,719720000,343045833,5.59
08/12/2017,-560,-4350000,7.73(-1.28 %),0,0,560,4350000,343049253,5.59
11/12/2017,-119460,-899660000,7.52(-2.72 %),7630,58050000,127090,957710000,343092510,5.59
12/12/2017,-11440,-83400000,7.31(-2.79 %),40850,307140000,52290,390540000,343143470,5.58
13/12/2017,-9290,-67910000,7.32(0.14 %),0,0,9290,67910000,343144030,5.58
14/12/2017,-17530,-128630000,7.38(0.82 %),2000,14640000,19530,143270000,343269120,5.57
15/12/2017,-312440,-2299640000,7.36(-0.27 %),3200,23650000,315640,2323290000,343318210,5.56
18/12/2017,-107620,-833750000,7.72(4.89 %),100000,770000000,207620,1603750000,343227500,5.57
19/12/2017,3250,24540000,7.5(-2.85 %),46250,349190000,43000,324650000,343200780,5.58
20/12/2017,-15090,-113730000,7.51(0.13 %),0,0,15090,113730000,343516420,5.54
21/12/2017,590,4630000,7.35(-2.13 %),4550,34100000,3960,29470000,343719490,5.52
22/12/2017,28590,210470000,7.41(0.82 %),46620,343410000,18030,132940000,343715870,5.52
25/12/2017,-32150,-236680000,7.3(-1.48 %),4500,32960000,36650,269640000,343726471,5.52
26/12/2017,769530,5616410000,7.4(1.37 %),814790,5949000000,45260,332590000,342915641,5.61
27/12/2017,2013070,14896800000,7.4(0.00 %),2016800,14924510000,3730,27710000,340916871,5.82
28/12/2017,1250780,9260610000,7.45(0.68 %),1325820,9816030000,75040,555420000,339627701,5.96
29/12/2017,6140,45600000,7.35(-1.34 %),7140,53010000,1000,7410000,339665821,5.96
02/01/2018,2350,17480000,7.25(-1.36 %),6810,49820000,4460,32340000,339662741,5.96
03/01/2018,165520,1208540000,7.31(0.83 %),180520,1318790000,15000,110250000,339557261,5.97
04/01/2018,281360,2098720000,7.46(2.05 %),283880,2117370000,2520,18650000,339274381,6.0
05/01/2018,275680,2105450000,7.7(3.22 %),286980,2192310000,11300,86860000,338991861,6.03
08/01/2018,192270,1479530000,7.67(-0.39 %),192270,1479530000,0,0,338814591,6.05
09/01/2018,50310,382710000,7.55(-1.56 %),190390,1444670000,140080,1061960000,338757901,6.05
10/01/2018,87240,655040000,7.63(1.06 %),215130,1620500000,127890,965460000,338554071,6.08
11/01/2018,-740280,-5583540000,7.5(-1.70 %),179740,1355590000,920020,6939130000,338374331,6.1
12/01/2018,181050,1364680000,7.5(0.00 %),181050,1364680000,0,0,338202181,6.11
15/01/2018,17390,131870000,7.63(1.73 %),32890,249310000,15500,117440000,338297181,6.1
16/01/2018,-2212220,-17620560000,8.16(6.95 %),74200,578110000,2286420,18198670000,339143001,6.01
17/01/2018,394210,3258620000,8.16(0.00 %),1381230,11369160000,987020,8110540000,337761771,6.16
18/01/2018,2313880,19033480000,8.3(1.72 %),2329570,19162900000,15690,129420000,335447701,6.41
19/01/2018,169870,1399760000,8.15(-1.81 %),209340,1728210000,39470,328450000,337524781,6.19
22/01/2018,177800,1431530000,7.94(-2.58 %),213790,1726510000,35990,294980000,338298011,7.02
25/01/2018,-1305540,-10273250000,8.49(6.93 %),223500,1769540000,1529040,12042790000,338165653,7.04
26/01/2018,-289590,-2530070000,8.4(-1.06 %),218080,1858270000,507670,4388340000,337947582,7.07
29/01/2018,105850,889210000,8.3(-1.19 %),105850,889210000,0,0,337841732,7.08
30/01/2018,140590,1142840000,8.09(-2.53 %),146590,1191760000,6000,48920000,339224182,6.91
31/01/2018,337420,2808170000,8.2(1.36 %),361520,3008770000,24100,200600000,339370335,6.89
01/02/2018,-33800,-271770000,8.05(-1.83 %),7450,60330000,41250,332100000,339362885,6.89
02/02/2018,150200,1214390000,8.05(0.00 %),180700,1460990000,30500,246600000,339188185,6.91
05/02/2018,35250,292210000,7.49(-6.96 %),214970,1649410000,179720,1357200000,338997315,6.94
06/02/2018,268670,1870030000,6.97(-6.94 %),332500,2317530000,63830,447500000,338706065,6.97
07/02/2018,142680,1035940000,7.11(2.01 %),213010,1547900000,70330,511960000,338523563,7.0
08/02/2018,95890,646320000,6.62(-6.89 %),162890,1094020000,67000,447700000,338540397,6.99
09/02/2018,-301080,-1871980000,6.5(-1.81 %),74080,462910000,375160,2334890000,338530147,7.0
12/02/2018,125250,699030000,6.15(-5.38 %),820880,4970640000,695630,4271610000,337779604,7.09
13/02/2018,-38930,-243320000,6.5(5.69 %),6300,38780000,45230,282100000,337840304,7.08
21/02/2018,28470,189240000,6.52(0.31 %),109070,716390000,80600,527150000,338106394,7.05
22/02/2018,100690,643080000,6.3(-3.37 %),100690,643080000,0,0,338701334,6.97
23/02/2018,64890,410610000,6.35(0.79 %),64990,411250000,100,640000,338681574,6.98
26/02/2018,9760,61370000,6.2(-2.36 %),9760,61370000,0,0,338752414,6.97
27/02/2018,91890,575470000,6.4(3.23 %),92390,578580000,500,3110000,338660024,6.98
28/02/2018,-419970,-2629150000,6.22(-2.81 %),12850,80360000,432820,2709510000,338647274,6.98
01/03/2018,174580,1105730000,6.25(0.48 %),247580,1560340000,73000,454610000,338399694,7.01
02/03/2018,17110,107200000,6.29(0.64 %),25100,156990000,7990,49790000,338375094,7.02
05/03/2018,-2098720,-13354550000,6.32(0.48 %),168820,1081530000,2267540,14436080000,338639094,6.98
06/03/2018,170360,1159070000,6.76(6.96 %),348720,2356210000,178360,1197140000,338363374,7.02
07/03/2018,256790,1806660000,6.99(3.40 %),257810,1813900000,1020,7240000,338113554,7.05
08/03/2018,620060,4341880000,6.91(-1.14 %),620750,4346690000,690,4810000,339760344,6.84
09/03/2018,1699560,11924200000,7.08(2.46 %),1918450,13474250000,218890,1550050000,338020254,7.06
12/03/2018,1209780,8621690000,7.09(0.14 %),1230440,8768690000,20660,147000000,336790834,7.21
13/03/2018,1281120,9076080000,7.15(0.85 %),1287290,9119760000,6170,43680000,335504234,7.37
14/03/2018,1214660,8892170000,7.41(3.64 %),1237390,9060010000,22730,167840000,334485734,7.5
15/03/2018,427810,3224970000,7.41(0.00 %),446230,3362210000,18420,137240000,334060164,7.55
16/03/2018,274070,2096130000,7.28(-1.75 %),682760,5072320000,408690,2976190000,333383574,7.63
19/03/2018,-2302620,-16019070000,6.9(-5.22 %),25400,178010000,2328020,16197080000,333380904,7.64
20/03/2018,335420,2350350000,6.94(0.58 %),335620,2351750000,200,1400000,333063704,7.67
21/03/2018,523010,3681750000,7(0.86 %),543010,3821150000,20000,139400000,332929384,7.69
22/03/2018,-147370,-1046430000,7.19(2.71 %),62000,435820000,209370,1482250000,335195404,7.41
23/03/2018,78350,547670000,7(-2.64 %),83110,581060000,4760,33390000,335112494,7.42
26/03/2018,-1500,-10370000,6.96(-0.57 %),4400,30580000,5900,40950000,335128094,7.42
27/03/2018,19060,133350000,6.82(-2.01 %),135840,936700000,116780,803350000,335201624,7.41
28/03/2018,97900,659370000,6.7(-1.76 %),107820,726520000,9920,67150000,335098564,7.42
29/03/2018,20110,135220000,6.7(0.00 %),45390,305710000,25280,170490000,335059074,7.43
30/03/2018,1050,7030000,6.61(-1.34 %),1050,7030000,0,0,335174804,7.41
02/04/2018,135860,837970000,6.15(-6.96 %),135860,837970000,0,0,335048864,7.43
03/04/2018,-736730,-4466060000,6.43(4.55 %),425780,2696250000,1162510,7162310000,334648364,7.48
04/04/2018,671500,4242150000,6.3(-2.02 %),674520,4261320000,3020,19170000,333973844,7.56
05/04/2018,-1098720,-6802520000,6.25(-0.79 %),35110,217480000,1133830,7020000000,333938740,7.57
06/04/2018,-2325670,-14541970000,6.19(-0.96 %),9140,57390000,2334810,14599360000,335092110,7.42
09/04/2018,-1559850,-9535970000,6.05(-2.26 %),461170,2824370000,2021020,12360340000,334633960,7.48
10/04/2018,-1497440,-8814270000,5.75(-4.96 %),433570,2577330000,1931010,11391600000,335334220,7.39
11/04/2018,-955290,-5187100000,5.43(-5.57 %),374510,2121730000,1329800,7308830000,337294520,7.15
12/04/2018,-1179070,-6237530000,5.28(-2.76 %),328480,1750630000,1507550,7988160000,338987060,6.94
13/04/2018,-1183760,-6355970000,5.48(3.79 %),60350,322590000,1244110,6678560000,340857720,6.71
16/04/2018,-1816290,-10254610000,5.7(4.01 %),10600,60350000,1826890,10314960000,342176928,6.54
17/04/2018,-786540,-4553490000,5.8(1.75 %),1537120,8264070000,2323660,12817560000,343465278,6.38
18/04/2018,-1249170,-7150440000,5.67(-2.24 %),440,2530000,1249610,7152970000,344708948,6.23
19/04/2018,-990630,-5503170000,5.49(-3.17 %),9370,52470000,1000000,5555640000,346526468,6.0
20/04/2018,50,280000,5.51(0.36 %),50,280000,0,0,347532158,5.88
23/04/2018,-1100,-6150000,5.33(-3.27 %),2200,12170000,3300,18320000,348779568,5.72
24/04/2018,-2410,-13070000,5.4(1.31 %),870,4640000,3280,17710000,349778698,5.6
26/04/2018,430,1950000,5.4(0.00 %),7000,38180000,6570,36230000,349771698,5.6
27/04/2018,182510,967080000,5.3(-1.85 %),208910,1107220000,26400,140140000,349566096,5.63
02/05/2018,-1456450,-7307980000,4.93(-6.98 %),19360,96580000,1475810,7404560000,349550016,5.63
03/05/2018,10620,50020000,4.82(-2.23 %),33950,164340000,23330,114320000,349522636,5.63
04/05/2018,-184010,-947650000,5.15(6.85 %),20270,104390000,204280,1052040000,349528766,5.63
07/05/2018,-40,-930000,5.2(0.97 %),6790,35300000,6830,36230000,350997786,5.45
08/05/2018,19590,104820000,5.28(1.54 %),31040,165120000,11450,60300000,350990076,5.45
09/05/2018,201130,1054870000,5.25(-0.57 %),220080,1154520000,18950,99650000,350974276,5.45
10/05/2018,-28150,-147420000,5.1(-2.86 %),19000,98800000,47150,246220000,350962106,5.45
11/05/2018,18400,93820000,5.2(1.96 %),20400,104040000,2000,10220000,350953156,5.45
14/05/2018,-6860,-35430000,5.14(-1.15 %),5040,25960000,11900,61390000,350967066,5.45
15/05/2018,-20550,-105650000,5.16(0.39 %),0,0,20550,105650000,351014216,5.45
16/05/2018,11350,58360000,5.2(0.78 %),19150,98620000,7800,40260000,350997066,5.45
17/05/2018,14030,72810000,5.25(0.96 %),19030,98960000,5000,26150000,350989936,5.45
18/05/2018,-7100,-37540000,5.26(0.19 %),19000,99750000,26100,137290000,350991486,5.45
21/05/2018,-143260,-752110000,5.25(-0.19 %),45230,238220000,188490,990330000,350954056,5.45
22/05/2018,5850,30130000,5.05(-3.81 %),11520,59900000,5670,29770000,350947536,5.46
23/05/2018,36140,180450000,5(-0.99 %),36640,182930000,500,2480000,350936996,5.46
24/05/2018,-382490,-1891620000,4.9(-2.00 %),20000,98500000,402490,1990120000,351105486,5.44
25/05/2018,7380,34460000,4.75(-3.06 %),25000,120800000,17620,86340000,351086156,5.44
28/05/2018,3560,15910000,4.42(-6.95 %),3560,15910000,0,0,351083096,5.44
29/05/2018,5140,22260000,4.49(1.58 %),5700,24740000,560,2480000,351479886,5.39
30/05/2018,-4900,-21960000,4.43(-1.34 %),5000,22100000,9900,44060000,351492506,5.39
31/05/2018,-64220,-285740000,4.46(0.68 %),110,490000,64330,286230000,351492396,5.39
01/06/2018,5850,26390000,4.5(0.90 %),6650,29930000,800,3540000,351486306,5.39
04/06/2018,6810,30690000,4.62(2.67 %),12260,55200000,5450,24510000,351483946,5.39
05/06/2018,-48930,-228790000,4.73(2.38 %),0,0,48930,228790000,351548276,5.38
06/06/2018,2220,10430000,4.66(-1.48 %),2220,10430000,0,0,351546856,5.38
07/06/2018,52230,247180000,4.78(2.58 %),52230,247180000,0,0,351500076,5.39
08/06/2018,16100,76550000,4.79(0.21 %),20100,95480000,4000,18930000,351528912,5.38
11/06/2018,280,1290000,4.61(-3.76 %),280,1290000,0,0,351528632,5.38
12/06/2018,-26640,-118670000,4.45(-3.47 %),50,220000,26690,118890000,351528582,5.38
13/06/2018,-349630,-1564060000,4.49(0.90 %),1960,8780000,351590,1572840000,351530622,5.38
14/06/2018,-10355440,-47655860000,4.65(3.56 %),180,850000,10355620,47656710000,351530442,5.38
15/06/2018,-8073450,-37897540000,4.69(0.86 %),1944010,9117990000,10017460,47015530000,349613122,5.62
18/06/2018,254520,1242920000,5.01(6.82 %),263220,1286160000,8700,43240000,349701492,5.61
19/06/2018,-231210,-1087070000,4.76(-4.99 %),20300,97800000,251510,1184870000,360036812,4.33
20/06/2018,-268340,-1268550000,4.77(0.21 %),68610,327250000,336950,1595800000,369985662,3.09
21/06/2018,39180,184920000,4.77(0.00 %),40230,189930000,1050,5010000,369954132,3.1
22/06/2018,50250,236830000,4.7(-1.47 %),50250,236830000,0,0,370155392,3.07
25/06/2018,388580,1862370000,4.84(2.98 %),390860,1873340000,2280,10970000,370101482,3.08
26/06/2018,-33420,-189500000,5.07(4.75 %),80860,388700000,114280,578200000,370021672,3.09
27/06/2018,-68370,-359630000,5.13(1.18 %),50,260000,68420,359890000,370021622,3.09
28/06/2018,-169350,-846100000,5(-2.53 %),10280,51740000,179630,897840000,370013622,3.09
29/06/2018,8070,41976000,5.21(4.20 %),10300,53421000,2230,11445000,370005552,0.0
02/07/2018,920430,4737070000,5.2(-0.19 %),978030,5033780000,57600,296710000,369207992,3.19
03/07/2018,425120,2168500000,5.05(-2.88 %),445130,2271370000,20010,102870000,368942492,3.22
04/07/2018,-9400,-46450000,4.88(-3.37 %),1000,4950000,10400,51400000,368943722,3.22
05/07/2018,18060,88260000,4.99(2.25 %),38000,185020000,19940,96760000,368963322,3.22
06/07/2018,15630,84940000,5.19(4.01 %),67400,345110000,51770,260170000,368915932,3.23
09/07/2018,-1070,-5650000,5(-3.66 %),2460,12570000,3530,18220000,368923872,3.23
10/07/2018,64300,322320000,4.97(-0.60 %),64300,322320000,0,0,368879512,3.23
11/07/2018,-7100,-32050000,4.88(-1.81 %),29290,145740000,36390,177790000,368901992,3.23
12/07/2018,25680,126145600,5(2.46 %),25680,126145600,0,0,368876312,0.0
13/07/2018,-1200,-6880000,5.35(7.00 %),30300,159260000,31500,166140000,368849542,3.23
16/07/2018,3410,17370000,5.72(6.92 %),10410,57320000,7000,39950000,368875522,3.23
17/07/2018,-40530,-251720000,5.93(3.67 %),74170,432930000,114700,684650000,368801352,3.24
18/07/2018,-46600,-279335300,6.33(6.75 %),32420,193896500,79020,473231800,368847952,0.0
19/07/2018,323940,2047100000,6.26(-1.11 %),328940,2078550000,5000,31450000,368478492,3.28
20/07/2018,126400,783090000,6.19(-1.12 %),182540,1133320000,56140,350230000,368410652,3.29
23/07/2018,-790360,-5035018200,6.62(6.95 %),74440,464000700,864800,5499018900,369201012,0.0
24/07/2018,-155360,-1059060000,7.08(6.95 %),17840,125770000,173200,1184830000,368402392,3.29
25/07/2018,411560,2978270000,7.12(0.56 %),507230,3675240000,95670,696970000,367951302,3.35
26/07/2018,33030,241250000,6.63(-6.88 %),61330,433900000,28300,192650000,368754772,3.25
27/07/2018,58000,395450000,7.09(6.94 %),91100,626480000,33100,231030000,368836872,3.24
30/07/2018,-11670,-88458600,7.58(6.91 %),0,0,11670,88458600,368848542,0.0
31/07/2018,-387200,-2984037200,7.62(0.53 %),48970,378745600,436170,3362782800,369235742,0.0
01/08/2018,-251110,-1889366000,7.1(-6.82 %),26330,191427800,277440,2080793800,277076051,6.39
02/08/2018,100580,699990000,6.9(-2.82 %),121230,849460000,20650,149470000,368809082,3.24
03/08/2018,49200,359646500,7.15(3.62 %),69300,503370500,20100,143724000,368759882,0.0
06/08/2018,-151200,-1101639600,7.23(1.12 %),19850,147268000,171050,1248907600,368911082,0.0
07/08/2018,-191820,-1356618800,6.82(-5.67 %),3000,21460000,194820,1378078800,369102902,0.0
08/08/2018,32660,226998100,6.95(1.91 %),39300,272441300,6640,45443200,369070242,0.0
09/08/2018,-5100,-37890000,7.43(6.91 %),0,0,5100,37890000,369603042,3.14
10/08/2018,-2626650,-20891190000,7.53(1.35 %),321670,2484460000,2948320,23375650000,369476192,3.16
13/08/2018,-32460,-242240000,7.4(-1.73 %),133220,994140000,165680,1236380000,369349612,3.17
14/08/2018,-208350,-1536990000,7.29(-1.49 %),5810,43530000,214160,1580520000,369348902,3.17
15/08/2018,-23740,-166660000,7(-3.98 %),4860,34230000,28600,200890000,372292362,2.81
16/08/2018,-1041060,-7110800000,6.7(-4.29 %),5050,34720000,1046110,7145520000,372452992,2.79
17/08/2018,-7500,-51256300,6.67(-0.45 %),19850,134106700,27350,185363000,372460492,0.0
20/08/2018,-427310,-2942561000,7.12(6.75 %),33100,231527000,460410,3174088000,372887802,0.0
21/08/2018,-250800,-1788368700,7.13(0.14 %),103750,740446300,354550,2528815000,373138602,0.0
22/08/2018,-419550,-2967140000,7.01(-1.68 %),14820,105240000,434370,3072380000,373597697,2.65
23/08/2018,17530,123640000,7(-0.14 %),37530,264240000,20000,140600000,374020577,2.59
24/08/2018,-83040,-577896800,6.9(-1.43 %),9230,64781500,92270,642678300,374103617,0.0
27/08/2018,-111760,-766809900,6.8(-1.45 %),0,0,111760,766809900,374215377,0.0
28/08/2018,-54230,-370151300,6.9(1.47 %),3100,21170000,57330,391321300,374269607,0.0
29/08/2018,-49490,-342090000,6.99(1.30 %),1900,13400000,51390,355490000,374907487,2.48
30/08/2018,-51100,-354630000,6.89(-1.43 %),0,0,51100,354630000,375019247,2.47
31/08/2018,5850,39530000,6.79(-1.45 %),7570,51330000,1720,11800000,375069007,2.46
04/09/2018,155480,1046132400,6.6(-2.80 %),157450,1059637500,1970,13505100,277076051,6.39
05/09/2018,-8850,-57994900,6.5(-1.52 %),1250,8320000,10100,66314900,277084901,6.39
06/09/2018,-20,-122600,6.09(-6.31 %),0,0,20,122600,277084921,6.39
07/09/2018,15770,92302800,5.89(-3.28 %),31160,183700800,15390,91398000,277069151,6.39
10/09/2018,8000,47130000,5.9(0.17 %),8000,47130000,0,0,374987427,2.47
11/09/2018,85390,518180000,6.31(6.95 %),100200,611030000,14810,92850000,374887247,2.49
12/09/2018,22400,139120000,6.18(-2.06 %),30910,193900000,8510,54780000,374871727,2.49
13/09/2018,-1700,-10350000,6.15(-0.49 %),300,1850000,2000,12200000,374871427,2.49
14/09/2018,3500,21150000,6.11(-0.65 %),5500,33490000,2000,12340000,374880737,2.49
17/09/2018,-322430,-1941330000,5.96(-2.45 %),280,1690000,322710,1943020000,374888967,2.48
18/09/2018,-95350,-571490000,5.97(0.17 %),9540,57710000,104890,629200000,374881433,2.49
19/09/2018,-59720,-358870000,5.98(0.17 %),7000,42000000,66720,400870000,374876433,2.49
20/09/2018,-60430,-361810000,6(0.33 %),15000,89600000,75430,451410000,375184143,2.45
21/09/2018,-16310,-99490000,6.1(1.67 %),0,0,16310,99490000,375289033,2.44
24/09/2018,-62410,-381333200,6.1(0.00 %),20000,122300000,82410,503633200,375351443,2.11
25/09/2018,-23000,-139679000,6.06(-0.66 %),16310,99050630,39310,238729630,375374443,2.11
26/09/2018,-39140,-242981120,6.15(1.49 %),30000,186240000,69140,429221120,375413583,2.1
27/09/2018,-57290,-354805600,6.16(0.16 %),5000,30800000,62290,385605600,375470873,2.1
28/09/2018,-54840,-336636200,6.13(-0.49 %),4920,30410600,59760,367046800,375525713,2.09
01/10/2018,-44630,-272153740,6.06(-1.14 %),10000,60980000,54630,333133740,375583377,2.08
02/10/2018,-30820,-186176200,5.99(-1.16 %),23150,139899000,53970,326075200,375614197,2.08
03/10/2018,-46130,-276850300,5.97(-0.33 %),30,179700,46160,277030000,375660327,2.08
04/10/2018,3000,17940000,5.99(0.34 %),3000,17940000,0,0,375657327,2.08
05/10/2018,0,0,5.9(-1.50 %),0,0,0,0,375657327,2.08
08/10/2018,720,4020000,5.82(-1.36 %),5190,30390000,4470,26370000,375831097,2.37
09/10/2018,-18200,-105970000,5.65(-2.92 %),3000,17550000,21200,123520000,375828097,2.37
10/10/2018,-25310,-145614600,5.6(-0.88 %),22000,123400000,47310,269014600,375853407,2.06
11/10/2018,36430,196348300,5.21(-6.96 %),37190,200455400,760,4107100,375816977,2.06
12/10/2018,-221700,-1152957000,5.33(2.30 %),0,0,221700,1152957000,376038677,2.04
15/10/2018,-190,-1030000,5.21(-2.25 %),10,50000,200,1080000,375841877,2.37
16/10/2018,10000,52700000,5.25(0.77 %),10000,52700000,0,0,375831877,2.06
17/10/2018,2970,14625600,5.17(-1.52 %),22310,116308200,19340,101682600,375828907,2.06
18/10/2018,-5640,-28900000,5.1(-1.35 %),100,520000,5740,29420000,376032129,2.34
19/10/2018,17910,90801400,5.28(3.53 %),19500,98815000,1590,8013600,376014219,2.04
22/10/2018,17160,90053200,5.22(-1.14 %),20000,104900000,2840,14846800,375997059,2.04
23/10/2018,-53100,-276097000,5.05(-3.26 %),17000,87020000,70100,363117000,376050159,2.03
24/10/2018,-41080,-206354000,5(-0.99 %),14000,70430000,55080,276784000,376091239,2.03
25/10/2018,9800,45950000,4.9(-2.00 %),15000,71150000,5200,25200000,376081439,2.03
26/10/2018,-5290,-27270000,4.75(-3.06 %),6500,31680000,11790,58950000,376039739,2.34
29/10/2018,18000,85510000,4.76(0.21 %),18000,85510000,0,0,376076819,2.34
30/10/2018,-7400,-34532000,4.95(3.99 %),7000,34300000,14400,68832000,376084219,2.03
31/10/2018,-172230,-884778900,5.08(2.63 %),30,154500,172260,884933400,376256449,2.01
01/11/2018,-15580,-79190000,5.08(0.00 %),13930,70720000,29510,149910000,376072849,2.34
02/11/2018,-2970,-14924000,5.19(2.17 %),8030,41606000,11000,56530000,376075819,2.03
05/11/2018,-2070,-10760000,5.2(0.19 %),0,0,2070,10760000,376251483,2.32
06/11/2018,6600,34510000,5.22(0.38 %),8100,42385000,1500,7875000,376244883,2.01
07/11/2018,-300,-1560000,5.25(0.57 %),4700,24440000,5000,26000000,376279202,2.31
08/11/2018,-7430,-39537400,5.46(4.00 %),4010,21313000,11440,60850400,376286632,2.01
09/11/2018,-11540,-63970000,5.44(-0.37 %),0,0,11540,63970000,376278762,2.31
12/11/2018,-3890,-21120000,5.49(0.92 %),0,0,3890,21120000,376283762,2.31
13/11/2018,-40000,-217800000,5.4(-1.64 %),0,0,40000,217800000,376323762,2.0
14/11/2018,0,0,5.4(0.00 %),0,0,0,0,376323762,2.0
15/11/2018,-300,-1643000,5.49(1.67 %),2000,10800000,2300,12443000,376324062,2.0
16/11/2018,-45000,-247500000,5.59(1.82 %),0,0,45000,247500000,376369062,2.0
19/11/2018,10,60000,5.6(0.18 %),10,60000,0,0,376348622,2.3
20/11/2018,10,60000,5.55(-0.89 %),10,60000,0,0,376350912,2.3
21/11/2018,-520,-3040000,5.55(0.00 %),3000,16500000,3520,19540000,376392912,2.3
22/11/2018,0,0,5.49(-1.08 %),0,0,0,0,376392913,2.3
23/11/2018,0,0,5.25(-4.37 %),0,0,0,0,376392913,2.0
26/11/2018,-690,-3603200,5.25(0.00 %),2000,10600000,2690,14203200,376393603,2.0
27/11/2018,0,0,5.21(-0.76 %),0,0,0,0,376393603,2.0
28/11/2018,-10050,-52700000,5.17(-0.77 %),0,0,10050,52700000,376394433,2.3
29/11/2018,0,-80000,5.05(-2.32 %),1000,5120000,1000,5200000,376394433,2.0
30/11/2018,-3280,-18230700,5.15(1.98 %),13030,64950300,16310,83181000,376397713,2.0
03/12/2018,-44930,-232717400,5.15(0.00 %),3000,15600000,47930,248317400,376390143,2.0
04/12/2018,1000,5160000,5.25(1.94 %),1000,5160000,0,0,376389143,2.0
05/12/2018,-1260,-6552000,5.18(-1.33 %),0,0,1260,6552000,376390403,2.0
06/12/2018,-13000,-67115000,5.17(-0.19 %),0,0,13000,67115000,376403403,2.0
07/12/2018,-12980,-67246200,5.2(0.58 %),5000,25900000,17980,93146200,376416383,1.99
10/12/2018,-27970,-145540000,5.18(-0.38 %),4000,20760000,31970,166300000,376446643,2.29
11/12/2018,0,0,5.17(-0.19 %),0,0,0,0,376459643,2.29
12/12/2018,0,0,5.19(0.39 %),0,0,0,0,376459643,1.99
13/12/2018,-23960,-124165900,5.2(0.19 %),19000,98800000,42960,222965900,376483603,1.99
14/12/2018,-186250,-964196100,5.18(-0.38 %),0,0,186250,964196100,376669853,1.97
17/12/2018,-12990,-67657400,5.1(-1.54 %),17010,87261500,30000,154918900,376682843,1.97
18/12/2018,-73450,-370790100,5.2(1.96 %),200,1010000,73650,371800100,376756293,1.96
19/12/2018,-7370,-38324000,5.19(-0.19 %),0,0,7370,38324000,376763663,1.96
20/12/2018,0,0,5.09(-1.93 %),0,0,0,0,376732602,2.26
21/12/2018,-9350,-47420000,5.05(-0.79 %),0,0,9350,47420000,376806252,2.25
24/12/2018,0,0,5.05(0.00 %),0,0,0,0,376813622,2.25
25/12/2018,720,3590000,4.88(-3.37 %),10000,49300000,9280,45710000,376803622,2.25
26/12/2018,0,0,4.88(0.00 %),0,0,0,0,376803622,1.95
27/12/2018,0,0,4.94(1.23 %),0,0,0,0,376803622,1.95
28/12/2018,0,0,4.88(-1.21 %),0,0,0,0,376822252,2.25
02/01/2019,430,2107000,4.78(-2.05 %),430,2107000,0,0,376821822,1.95
03/01/2019,15000,70800000,4.68(-2.09 %),15000,70800000,0,0,376806822,1.95
04/01/2019,10000,46300000,4.66(-0.43 %),10000,46300000,0,0,376796822,2.25
07/01/2019,-480,-2255800,4.66(0.00 %),20,94200,500,2350000,376797302,1.95
08/01/2019,-20000,-95000000,4.75(1.93 %),0,0,20000,95000000,376796802,2.25
09/01/2019,-80000,-378000000,4.71(-0.84 %),0,0,80000,378000000,376876802,1.94
10/01/2019,-1900,-8990000,4.86(3.18 %),0,0,1900,8990000,376797302,2.25
11/01/2019,-77500,-392260000,5.08(4.53 %),2500,12740000,80000,405000000,376874802,1.95
14/01/2019,-4500,-22860000,5.07(-0.20 %),500,2590000,5000,25450000,376894302,2.24
15/01/2019,10360,52688800,5.07(0.00 %),13360,67868800,3000,15180000,376883942,1.94
16/01/2019,-38200,-193650000,5.11(0.79 %),0,0,38200,193650000,376922142,1.94
17/01/2019,-11340,-57460000,5.03(-1.57 %),0,0,11340,57460000,376967842,2.23
18/01/2019,200,1010000,4.99(-0.80 %),200,1010000,0,0,376970642,2.23
21/01/2019,190,950000,4.95(-0.80 %),190,950000,0,0,377008652,2.22
22/01/2019,-890,-4470000,4.98(0.61 %),1000,5000000,1890,9470000,377018992,2.22
23/01/2019,-40890,-205388900,5(0.40 %),0,0,40890,205388900,377059882,1.93
24/01/2019,0,0,4.99(-0.20 %),0,0,0,0,377059882,1.93
25/01/2019,0,0,5(0.20 %),0,0,0,0,377059882,1.93
28/01/2019,11000,54890000,5(0.00 %),11000,54890000,0,0,377048882,1.93
29/01/2019,50000,249210000,4.93(-1.40 %),50000,249210000,0,0,377000772,2.22
30/01/2019,-1920,-9500000,5(1.42 %),0,0,1920,9500000,377000772,2.22
31/01/2019,562430,2829167900,5(0.00 %),564660,2840317900,2230,11150000,376438372,1.99
01/02/2019,10500,52550000,5(0.00 %),12000,60000000,1500,7450000,0,0.0
11/02/2019,-1530,-7650000,4.96(-0.80 %),0,0,1530,7650000,376425642,1.99
12/02/2019,-10,-51400,5.3(6.85 %),0,0,10,51400,376425652,1.99
13/02/2019,10,50000,5.32(0.38 %),10,50000,0,0,376429752,2.29
14/02/2019,11040,57430000,5.2(-2.26 %),11040,57430000,0,0,376420242,2.29
15/02/2019,0,0,5.17(-0.58 %),0,0,0,0,376414602,1.99
18/02/2019,-173000,-901030000,5.44(5.22 %),0,0,173000,901030000,376587602,1.98
19/02/2019,1140,6200000,5.44(0.00 %),3100,16970000,1960,10770000,376417152,2.3
20/02/2019,-15480,-83760000,5.33(-2.02 %),0,0,15480,83760000,376417152,2.3
21/02/2019,-11530,-62703000,5.41(1.50 %),0,0,11530,62703000,376613472,1.97
22/02/2019,-1500,-8520000,5.49(1.48 %),3000,16200000,4500,24720000,376589119,2.27
25/02/2019,40,220000,5.5(0.18 %),40,220000,0,0,376604559,2.27
26/02/2019,-36500,-214270000,5.66(2.91 %),13500,74250000,50000,288520000,376602589,2.27
27/02/2019,-550,-3168000,5.69(0.53 %),0,0,550,3168000,376651982,1.97
28/02/2019,190,1070000,5.52(-2.99 %),190,1070000,0,0,376606899,2.27
01/03/2019,-20000,-111800000,5.65(2.36 %),0,0,20000,111800000,376656899,2.27
04/03/2019,365800,2162820000,6.04(6.90 %),371450,2195370000,5650,32550000,376285999,2.31
05/03/2019,245150,1520979500,6.08(0.66 %),272760,1692916400,27610,171936900,376045949,2.03
06/03/2019,-4500,-27400000,6.15(1.15 %),500,3000000,5000,30400000,376032739,2.34
07/03/2019,-2090,-12810000,6.07(-1.30 %),0,0,2090,12810000,376038389,2.34
08/03/2019,7050,41530000,5.87(-3.29 %),7050,41530000,0,0,376058949,2.34
11/03/2019,-3530,-21040000,5.76(-1.87 %),6000,35100000,9530,56140000,376057949,2.34
12/03/2019,145500,843750000,5.8(0.69 %),145500,843750000,0,0,375914539,2.36
13/03/2019,16960,97910000,5.8(0.00 %),38560,223850000,21600,125940000,375875979,2.36
14/03/2019,-326810,-1918584700,5.84(0.69 %),118800,688446000,445610,2607030700,376209699,2.02
15/03/2019,-206430,-1197940000,5.77(-1.20 %),149720,868440000,356150,2066380000,375616989,2.39
18/03/2019,-371550,-2103725900,5.54(-3.99 %),0,0,371550,2103725900,376787679,1.95
19/03/2019,-25900,-144322000,5.55(0.18 %),3200,17908000,29100,162230000,376813579,1.95
20/03/2019,9340,51265600,5.52(-0.54 %),10000,54900000,660,3634400,376804239,1.95
21/03/2019,4820,25750000,5.2(-5.80 %),5020,26860000,200,1110000,376793679,2.25
22/03/2019,1360,7103600,5.25(0.96 %),3000,15730000,1640,8626400,376798059,1.95
25/03/2019,-10380,-57620000,5.61(6.86 %),1000,5610000,11380,63230000,376819439,2.25
26/03/2019,85390,512739000,5.87(4.63 %),96700,579499000,11310,66760000,376723049,1.96
27/03/2019,250,1467500,5.61(-4.43 %),250,1467500,0,0,376722799,1.96
28/03/2019,3100,17290000,5.56(-0.89 %),3100,17290000,0,0,376719699,1.96
29/03/2019,29500,163015300,5.56(0.00 %),30000,165795300,500,2780000,376690199,1.97
01/04/2019,-12710,-69670000,5.46(-1.80 %),1000,5500000,13710,75170000,376712924,2.26
02/04/2019,10,60000,5.44(-0.37 %),10,60000,0,0,376712914,2.26
03/04/2019,800,4320000,5.39(-0.92 %),800,4320000,0,0,376712614,2.26
04/04/2019,-8160,-44163900,5.42(0.56 %),1500,8160000,9660,52323900,376721274,1.96
05/04/2019,10570,57590000,5.42(0.00 %),14500,78930000,3930,21340000,376710324,2.26
08/04/2019,111400,614682000,5.52(1.85 %),112400,620222000,1000,5540000,376599304,1.97
09/04/2019,0,0,5.41(-1.99 %),0,0,0,0,376607584,2.27
10/04/2019,-1650,-8740000,5.24(-3.14 %),5350,28570000,7000,37310000,376606171,2.27
11/04/2019,-2000,-10510000,5.22(-0.38 %),0,0,2000,10510000,376607171,2.27
12/04/2019,12020,63115600,5.27(0.96 %),13020,68385600,1000,5270000,376590934,1.98
16/04/2019,14880,77630000,5.29(0.38 %),15000,78250000,120,620000,376586151,2.27
17/04/2019,107730,592580000,5.38(1.70 %),110000,605000000,2270,12420000,376478151,2.29
18/04/2019,6000,32050000,5.3(-1.49 %),6000,32050000,0,0,376462324,1.99
19/04/2019,-5960,-31928600,5.3(0.00 %),7500,39410000,13460,71338600,376468284,1.99
22/04/2019,-59870,-314020000,5.31(0.19 %),5030,26710000,64900,340730000,376463012,2.29
23/04/2019,33900,180648000,5.3(-0.19 %),33900,180648000,0,0,376494254,1.99
24/04/2019,4000,21360000,5.39(1.70 %),4000,21360000,0,0,376490254,1.99
25/04/2019,-115460,-642576400,5.55(2.97 %),0,0,115460,642576400,376605714,1.97
26/04/2019,-100360,-550498000,5.47(-1.44 %),0,0,100360,550498000,376706074,1.96
02/05/2019,-72420,-389230000,5.37(-1.83 %),0,0,72420,389230000,376503472,2.28
03/05/2019,5000,26550000,5.28(-1.68 %),5000,26550000,0,0,376498472,1.99
06/05/2019,6030,31296000,5.17(-2.08 %),6030,31296000,0,0,376492442,1.99
07/05/2019,-11650,-60030500,5.18(0.19 %),10000,51900000,21650,111930500,376504092,1.99
08/05/2019,-33900,-174246000,5.11(-1.35 %),0,0,33900,174246000,376537992,1.98
09/05/2019,-3620,-18626800,5.06(-0.98 %),0,0,3620,18626800,376541612,1.98
10/05/2019,-500,-2545000,5.09(0.59 %),0,0,500,2545000,376542112,1.98
13/05/2019,6230,31917100,5.1(0.20 %),10000,51050000,3770,19132900,376535882,1.98
14/05/2019,0,0,5.09(-0.20 %),0,0,0,0,376535882,1.98
15/05/2019,5000,25530000,5.14(0.98 %),5000,25530000,0,0,376815363,1.97
16/05/2019,-27210,-143222500,5.3(3.11 %),3960,20573200,31170,163795700,376558092,1.98
17/05/2019,9880,51900000,5.2(-1.89 %),10000,52530000,120,630000,376805173,1.97
20/05/2019,9000,46350000,5.16(-0.77 %),9000,46350000,0,0,376796173,1.97
21/05/2019,8500,43830000,5.15(-0.19 %),8500,43830000,0,0,376818843,1.97
22/05/2019,-22270,-115040000,5.16(0.19 %),0,0,22270,115040000,376818963,1.97
23/05/2019,3440,17760000,5.16(0.00 %),3440,17760000,0,0,376815523,1.97
24/05/2019,0,0,5.16(0.00 %),0,0,0,0,376815523,1.97
27/05/2019,-3500,-18060000,5.16(0.00 %),0,0,3500,18060000,376819023,1.95
28/05/2019,220,1140000,5.16(0.00 %),220,1140000,0,0,376837573,1.97
29/05/2019,-24820,-127583000,5.12(-0.78 %),6000,30840000,30820,158423000,376843623,1.95
30/05/2019,5250,26778200,5.1(-0.39 %),5500,28055000,250,1276800,376838373,1.95
31/05/2019,3780,19220200,5.07(-0.59 %),4000,20340000,220,1119800,376834593,1.95
03/06/2019,800000,4024001200,5.02(-0.99 %),806000,4054221200,6000,30220000,376050399,2.03
04/06/2019,12500,62050000,4.9(-2.39 %),12500,62050000,0,0,376038149,2.06
05/06/2019,-14000,-69020000,4.94(0.82 %),1000,4930000,15000,73950000,376037369,2.06
06/06/2019,-5000,-24700000,4.91(-0.61 %),0,0,5000,24700000,376043369,2.05
07/06/2019,-8270,-40770000,4.98(1.43 %),0,0,8270,40770000,376043369,2.05
10/06/2019,-40700,-203450000,5.01(0.60 %),3300,16520000,44000,219970000,376055069,2.05
11/06/2019,-1900,-9557000,4.99(-0.40 %),0,0,1900,9557000,376107769,2.03
12/06/2019,1140,5688600,4.95(-0.80 %),1140,5688600,0,0,376058929,2.03
13/06/2019,-5790,-28830000,4.97(0.40 %),9000,45000000,14790,73830000,376064719,2.03
14/06/2019,0,0,4.97(0.00 %),0,0,0,0,376104099,2.05
17/06/2019,-900,-4473300,5(0.60 %),0,0,900,4473300,376065619,2.03
18/06/2019,-2840,-14114800,4.97(-0.60 %),0,0,2840,14114800,376068459,2.03
19/06/2019,241700,1216460000,5.15(3.62 %),271700,1372160000,30000,155700000,375847194,2.08
20/06/2019,6640,34303200,5.13(-0.39 %),8000,41280000,1360,6976800,375820119,2.06
21/06/2019,-1490,-7610000,5.09(-0.78 %),10,50000,1500,7660000,375842924,2.08
24/06/2019,0,0,5.11(0.39 %),0,0,0,0,375872924,2.07
25/06/2019,-2000,-10670000,5.29(3.52 %),2000,10690000,4000,21360000,375823609,2.06
26/06/2019,9000,47700000,5.3(0.19 %),9000,47700000,0,0,375814609,2.06
27/06/2019,804900,4233450000,5.24(-1.13 %),805000,4233980000,100,530000,375059784,2.16
28/06/2019,200000,1034000000,5.35(2.10 %),200000,1034000000,0,0,374809709,2.17
01/07/2019,10200,55070000,5.32(-0.56 %),10200,55070000,0,0,374863784,2.16
02/07/2019,451560,2401898600,5.33(0.19 %),451560,2401898600,0,0,374412224,2.21
03/07/2019,18690,99152200,5.42(1.69 %),20000,106200000,1310,7047800,374393534,2.21
04/07/2019,33530,188610000,5.47(0.92 %),55400,309100000,21870,120490000,374326724,2.24
05/07/2019,-42540,-232210000,5.43(-0.73 %),0,0,42540,232210000,374326724,2.24
08/07/2019,499230,2745020700,5.49(1.10 %),500000,2749263400,770,4242700,373903314,2.27
09/07/2019,-590,-3220000,5.61(2.19 %),2000,11160000,2590,14380000,373847904,2.29
10/07/2019,-45480,-255060400,5.62(0.18 %),27700,154844000,73180,409904400,373949384,2.26
11/07/2019,-20680,-116439600,5.7(1.42 %),220,1249600,20900,117689200,373970064,2.26
12/07/2019,-7150,-40430700,5.6(-1.75 %),3750,21268400,10900,61699100,373977214,2.26
15/07/2019,20180,111290000,5.4(-3.57 %),20180,111290000,0,0,373915134,2.29
16/07/2019,458030,2428430000,5.31(-1.67 %),458430,2430590000,400,2160000,373477604,2.33
17/07/2019,3050,16020000,5.35(0.75 %),10000,53200000,6950,37180000,373478504,2.33
18/07/2019,-5140,-27610000,5.38(0.56 %),0,0,5140,27610000,373478504,2.33
19/07/2019,156970,827430000,5.28(-1.86 %),170710,901350000,13740,73920000,373308194,2.35
22/07/2019,-90,-475200,5.3(0.38 %),0,0,90,475200,373344214,2.33
23/07/2019,0,0,5.26(-0.75 %),0,0,0,0,373344214,2.33
24/07/2019,2020,10704800,5.24(-0.38 %),2020,10704800,0,0,373342194,2.33
25/07/2019,-6070,-31800000,5.21(-0.57 %),0,0,6070,31800000,373332100,2.35
26/07/2019,100,520000,5.14(-1.34 %),100,520000,0,0,373332000,2.35
29/07/2019,-900,-4581000,5.08(-1.17 %),0,0,900,4581000,373349064,2.33
30/07/2019,460630,2400461700,5.23(2.95 %),464410,2419664100,3780,19202400,372888434,2.38
31/07/2019,-34900,-176890000,5.08(-2.87 %),20100,102510000,55000,279400000,372853560,2.4
01/08/2019,25300,126880000,4.95(-2.56 %),25300,126880000,0,0,372829160,2.4
02/08/2019,13050,63133500,4.82(-2.63 %),13050,63133500,0,0,372841410,2.38
05/08/2019,137000,665982800,5.05(4.77 %),143000,694422800,6000,28440000,372704410,2.39
06/08/2019,78230,398310000,5.02(-0.59 %),78230,398310000,0,0,372653660,2.42
07/08/2019,7300,36870000,5(-0.40 %),7300,36870000,0,0,372646360,2.42
08/08/2019,-22790,-114543700,5.01(0.20 %),0,0,22790,114543700,372641670,2.4
09/08/2019,-10000,-50400000,5.05(0.80 %),0,0,10000,50400000,372651670,2.4
12/08/2019,0,0,5.05(0.00 %),0,0,0,0,372651670,2.4
13/08/2019,500000,2509100000,4.98(-1.39 %),500000,2509100000,0,0,372151670,2.45
14/08/2019,-2000,-10100000,5(0.40 %),0,0,2000,10100000,372153670,2.45
15/08/2019,-625280,-3080952700,4.92(-1.60 %),1000,4950000,626280,3085902700,372778950,2.39
16/08/2019,-544500,-2677630000,4.9(-0.41 %),0,0,544500,2677630000,372184150,2.48
19/08/2019,-743000,-3595046900,4.79(-2.24 %),0,0,743000,3595046900,374066450,2.25
20/08/2019,-1870,-9013400,4.88(1.88 %),0,0,1870,9013400,374068320,2.25
21/08/2019,0,0,4.88(0.00 %),89990,439150000,89990,439150000,373356935,2.35
22/08/2019,500,2440000,4.88(0.00 %),500,2440000,0,0,374099443,2.27
23/08/2019,0,0,4.9(0.41 %),0,0,0,0,374067820,2.25
26/08/2019,180,867600,4.81(-1.84 %),180,867600,0,0,374067640,2.25
27/08/2019,378130,1817320000,4.81(0.00 %),380490,1828760000,2360,11440000,373720643,2.31
28/08/2019,230000,1104000000,4.8(-0.21 %),230000,1104000000,0,0,373459510,2.31
29/08/2019,310530,1496090300,4.82(0.42 %),321330,1548191300,10800,52101000,373148980,2.35
30/08/2019,283210,1378672200,4.86(0.83 %),300000,1459600000,16790,80927800,372865770,2.38
03/09/2019,395290,1900791900,4.81(-1.03 %),406350,1954543500,11060,53751600,372871673,2.38
04/09/2019,194990,935362600,4.83(0.42 %),223930,1074464000,28940,139101400,372676683,2.4
05/09/2019,-59180,-285830000,4.81(-0.41 %),90,440000,59270,286270000,372268893,2.47
06/09/2019,420,2003400,4.77(-0.83 %),420,2003400,0,0,372735443,2.39
09/09/2019,255000,1220750000,4.79(0.42 %),255000,1220750000,0,0,372053473,2.49
10/09/2019,-14990,-71951900,4.77(-0.42 %),10,48100,15000,72000000,372495433,2.42
11/09/2019,-1000,-4790000,4.76(-0.21 %),0,0,1000,4790000,372112733,2.48
12/09/2019,10,50000,4.79(0.63 %),10,50000,0,0,372112723,2.48
13/09/2019,0,0,4.7(-1.88 %),0,0,0,0,372127723,2.48
16/09/2019,10000,46000000,4.6(-2.13 %),10000,46000000,0,0,372118723,2.48
17/09/2019,2600,11980000,4.49(-2.39 %),3000,13800000,400,1820000,372483823,2.42
18/09/2019,0,0,4.54(1.11 %),0,0,0,0,372483823,2.42
19/09/2019,4000,18020000,4.52(-0.44 %),4000,18020000,0,0,372111723,2.48
20/09/2019,0,0,4.46(-1.33 %),0,0,0,0,372479823,2.42
23/09/2019,240,1120000,4.47(0.22 %),1140,5130000,900,4010000,372110983,2.48
24/09/2019,-10680,-49128000,4.56(2.01 %),0,0,10680,49128000,372490263,2.42
25/09/2019,0,0,4.5(-1.32 %),0,0,0,0,372490263,2.42
26/09/2019,0,0,4.53(0.67 %),0,0,0,0,372111883,2.48
27/09/2019,0,0,4.5(-0.66 %),0,0,0,0,372122563,2.48
30/09/2019,-4420,-19890000,4.49(-0.22 %),0,0,4420,19890000,372494683,2.42
01/10/2019,0,0,4.55(1.34 %),0,0,0,0,372122563,2.46
02/10/2019,0,0,4.62(1.54 %),0,0,0,0,372122563,2.46
03/10/2019,7000,32340000,4.64(0.43 %),7000,32340000,0,0,372119983,2.48
04/10/2019,-440,-1989500,4.57(-1.51 %),500,2290000,940,4279500,372116003,2.46
07/10/2019,0,0,4.5(-1.53 %),0,0,0,0,372119483,2.48
08/10/2019,0,0,4.48(-0.44 %),0,0,0,0,372119483,2.48
09/10/2019,-560,-2508800,4.48(0.00 %),0,0,560,2508800,372116563,2.46
10/10/2019,0,0,4.46(-0.45 %),0,0,0,0,372116563,2.46
11/10/2019,0,0,4.46(0.00 %),0,0,0,0,372116563,2.46
14/10/2019,10000,44520000,4.39(-1.57 %),10000,44520000,0,0,372110983,2.48
15/10/2019,-46150,-202770000,4.3(-2.05 %),2000,8600000,48150,211370000,372108983,2.48
16/10/2019,800,2970000,4.16(-3.26 %),7500,31480000,6700,28510000,372101483,2.48
17/10/2019,-9000,-36960000,4.29(3.12 %),4000,17120000,13000,54080000,372160913,2.45
18/10/2019,-7260,-31070000,4.34(1.17 %),5740,25160000,13000,56230000,372139893,2.48
21/10/2019,-3000,-12900000,4.28(-1.38 %),0,0,3000,12900000,372146593,2.48
22/10/2019,0,0,4.46(4.21 %),0,0,0,0,372159593,2.48
23/10/2019,8820,38810000,4.37(-2.02 %),9000,39600000,180,790000,372163593,2.48
24/10/2019,0,0,4.43(1.37 %),0,0,0,0,372162353,2.45
25/10/2019,-2300,-10140000,4.36(-1.58 %),0,0,2300,10140000,372166593,2.48
28/10/2019,0,0,4.36(0.00 %),0,0,0,0,372164653,2.45
29/10/2019,12890,55773400,4.3(-1.38 %),18390,79570300,5500,23796900,372151763,2.45
30/10/2019,60630,260757500,4.29(-0.23 %),60630,260757500,0,0,372091133,2.46
31/10/2019,-72680,-306061700,4.22(-1.63 %),16330,69560500,89010,375622200,372163813,2.45
01/11/2019,-1600,-6832000,4.23(0.24 %),0,0,1600,6832000,372079223,2.46
04/11/2019,257620,1104510000,4.29(1.42 %),257720,1104940000,100,430000,371821503,2.51
05/11/2019,-49300,-209951900,4.24(-1.17 %),1500,6390000,50800,216341900,371870903,2.48
06/11/2019,54490,224720000,4.15(-2.12 %),66170,273050000,11680,48330000,371844443,2.51
07/11/2019,-54440,-226970000,4.15(0.00 %),0,0,54440,226970000,371844543,2.51
08/11/2019,0,0,4.18(0.72 %),0,0,0,0,371895343,2.51
11/11/2019,-7510,-31330000,4.17(-0.24 %),5000,20840000,12510,52170000,371902023,2.51
12/11/2019,0,0,4.14(-0.72 %),0,0,0,0,371956463,2.5
13/11/2019,-710,-2925200,4.07(-1.69 %),0,0,710,2925200,371879073,2.48
14/11/2019,0,0,4.08(0.25 %),0,0,0,0,371968973,2.5
15/11/2019,-370,-1510000,4.01(-1.72 %),0,0,370,1510000,371968973,2.5
18/11/2019,30000,120000000,3.98(-0.75 %),30000,120000000,0,0,371849443,2.49
19/11/2019,-4680,-19667600,4.1(3.02 %),5320,21332400,10000,41000000,371854123,2.49
20/11/2019,0,0,4.05(-1.22 %),0,0,0,0,371934736,2.5
21/11/2019,0,0,4.05(0.00 %),0,0,0,0,371934736,2.5
22/11/2019,-13990,-55830000,4(-1.23 %),0,0,13990,55830000,371944736,2.5
25/11/2019,13490,50910000,3.9(-2.50 %),31500,122940000,18010,72030000,371913236,2.5
26/11/2019,0,0,3.91(0.26 %),0,0,0,0,371854623,2.49
27/11/2019,14210,56219500,3.96(1.28 %),18710,73814500,4500,17595000,371840413,2.49
28/11/2019,21600,85810000,3.94(-0.51 %),27900,110760000,6300,24950000,371898626,2.51
29/11/2019,40000,156000000,3.85(-2.28 %),40000,156000000,0,0,371858626,2.51
02/12/2019,-744970,-2768330000,3.63(-5.71 %),62000,229640000,806970,2997970000,371801126,2.52
03/12/2019,-144560,-525190000,3.61(-0.55 %),16440,59680000,161000,584870000,371790986,2.52
04/12/2019,-20270,-73203900,3.63(0.55 %),0,0,20270,73203900,372027956,2.47
05/12/2019,1310,4830000,3.7(1.93 %),1310,4830000,0,0,372596646,2.43
06/12/2019,58720,219000000,3.72(0.54 %),58720,219000000,0,0,372698926,2.42
09/12/2019,47680,181630000,3.86(3.76 %),47680,181630000,0,0,372671516,2.42
10/12/2019,20930,82489100,3.9(1.04 %),31680,124494000,10750,42004900,371899316,2.48
11/12/2019,-26330,-105484500,4.04(3.59 %),0,0,26330,105484500,371925646,2.48
12/12/2019,-55660,-220240000,3.97(-1.73 %),14960,60290000,70620,280530000,372624876,2.43
13/12/2019,18070,71782900,3.95(-0.50 %),25040,99408800,6970,27625900,371963236,2.47
16/12/2019,-24900,-96917200,3.96(0.25 %),4850,19254500,29750,116171700,371988136,2.47
17/12/2019,-4820,-19235900,4.03(1.77 %),5000,20000000,9820,39235900,371992956,2.47
18/12/2019,-500,-2065000,4.04(0.25 %),500,2015000,1000,4080000,371993456,2.47
19/12/2019,-2150,-8590000,3.95(-2.23 %),0,0,2150,8590000,371995606,2.47
20/12/2019,-3790,-14890000,3.96(0.25 %),0,0,3790,14890000,372743726,2.41
23/12/2019,31860,125840000,4(1.01 %),51060,203160000,19200,77320000,372693666,2.42
24/12/2019,-1660,-6624600,4.01(0.25 %),0,0,1660,6624600,371969196,2.47
25/12/2019,36180,144670000,3.96(-1.25 %),36520,146030000,340,1360000,372663086,2.42
26/12/2019,14170,57549300,4.08(3.03 %),18560,75229800,4390,17680500,371918846,2.48
27/12/2019,-900,-3460000,4.05(-0.74 %),15750,64440000,16650,67900000,372649636,2.42
30/12/2019,-1660,-6624600,4.02(-0.74 %),0,0,1660,6624600,371921406,2.48
31/12/2019,-20760,-81664700,3.98(-1.00 %),160,638700,20920,82303400,371942166,2.48
02/01/2020,47790,191276400,4.05(1.76 %),47790,191276400,0,0,372670856,2.4
03/01/2020,34280,142113000,4.15(2.47 %),34280,142113000,0,0,372636576,2.4
06/01/2020,-49730,-202230000,4.09(-1.45 %),1000,4060000,50730,206290000,372637906,2.43
07/01/2020,-25390,-102979000,4.11(0.49 %),70,284200,25460,103263200,372711696,2.39
08/01/2020,-103630,-414440000,3.91(-4.87 %),3990,15820000,107620,430260000,372633846,2.43
09/01/2020,-8470,-34010000,4.1(4.86 %),0,0,8470,34010000,372684576,2.42
10/01/2020,8280,33760000,4.08(-0.49 %),13510,55140000,5230,21380000,372696526,2.42
13/01/2020,-3390,-13610000,4(-1.96 %),200,800000,3590,14410000,372803946,2.41
14/01/2020,0,0,3.94(-1.50 %),0,0,0,0,372812416,2.41
15/01/2020,-830,-3270000,3.9(-1.02 %),50,200000,880,3470000,372817596,2.41
16/01/2020,-120110,-466730000,3.84(-1.54 %),6780,25900000,126890,492630000,372814406,2.41
17/01/2020,-72010,-278710000,3.88(1.04 %),0,0,72010,278710000,372814406,2.41
20/01/2020,-21870,-84470000,3.86(-0.52 %),800,3070000,22670,87540000,372814486,2.41
21/01/2020,12750,49840000,3.92(1.55 %),12950,50630000,200,790000,372928426,2.39
22/01/2020,7030,27910000,3.98(1.53 %),7030,27910000,0,0,372993406,2.39
30/01/2020,-100,-390000,3.9(-2.01 %),0,0,100,390000,372921496,2.37
31/01/2020,17290,65440000,3.64(-6.67 %),25700,97630000,8410,32190000,372990576,2.39
03/02/2020,-2030,-7184600,3.39(-6.87 %),15000,51020000,17030,58204600,372990576,2.36
04/02/2020,-950,-3155000,3.27(-3.54 %),9000,29680000,9950,32835000,372991526,2.36
05/02/2020,161990,541616700,3.3(0.92 %),161990,541616700,0,0,372829536,2.38
06/02/2020,26830,92610000,3.53(6.97 %),26830,92610000,0,0,372803296,2.41
07/02/2020,-400,-1440000,3.55(0.57 %),0,0,400,1440000,372803106,2.38
10/02/2020,5570,19360000,3.44(-3.10 %),5570,19360000,0,0,372807676,2.41
11/02/2020,9360,32390000,3.45(0.29 %),9360,32390000,0,0,372798316,2.41
12/02/2020,150250,524580000,3.58(3.77 %),151200,527900000,950,3320000,372647516,2.42
13/02/2020,34530,121588700,3.5(-2.23 %),37290,131441900,2760,9853200,372603396,2.41
14/02/2020,44810,156710000,3.49(-0.29 %),52370,183220000,7560,26510000,372557856,2.43
17/02/2020,43840,153344400,3.48(-0.29 %),56480,197434400,12640,44090000,372514746,2.42
18/02/2020,33770,117970000,3.5(0.57 %),57780,201820000,24010,83850000,372447306,2.45
19/02/2020,-223550,-785880000,3.51(0.29 %),35690,125310000,259240,911190000,372419186,2.45
20/02/2020,-190350,-666730000,3.49(-0.57 %),0,0,190350,666730000,372431826,2.45
21/02/2020,-442480,-1530844200,3.44(-1.43 %),100,347000,442580,1531191200,373337356,2.33
24/02/2020,-1422120,-4577947200,3.2(-6.98 %),9500,31500000,1431620,4609447200,374759476,2.17
25/02/2020,-6043300,-18344555000,3.35(4.69 %),21590,72326500,6064890,18416881500,380802776,1.52
26/02/2020,-8710,-28872100,3.26(-2.69 %),29380,96022600,38090,124894700,380811486,1.52
27/02/2020,-13960,-46910000,3.33(2.15 %),0,0,13960,46910000,374719056,2.2
28/02/2020,-147910,-481630000,3.27(-1.80 %),0,0,147910,481630000,380783946,1.54
02/03/2020,-12000,-39429900,3.27(0.00 %),0,0,12000,39429900,380822036,1.52
03/03/2020,0,0,3.31(1.22 %),0,0,0,0,380835996,1.53
04/03/2020,33230,116680400,3.52(6.34 %),51600,179352400,18370,62672000,380788806,1.52
05/03/2020,-5000,-18300000,3.48(-1.14 %),5000,17400000,10000,35700000,380939306,1.52
06/03/2020,0,0,3.49(0.29 %),0,0,0,0,380939306,1.52
09/03/2020,-43600,-142710000,3.25(-6.88 %),6050,19670000,49650,162380000,380951626,1.52
10/03/2020,6160,19700000,3.26(0.31 %),13110,42130000,6950,22430000,380948514,1.52
11/03/2020,-5970,-18984600,3.18(-2.45 %),30,95400,6000,19080000,380837216,1.52
12/03/2020,-18120,-55090000,3.1(-2.52 %),0,0,18120,55090000,380998134,1.52
13/03/2020,23170,68710000,3.09(-0.32 %),58970,177510000,35800,108800000,380946114,1.52
16/03/2020,21430,66215700,3.03(-1.94 %),21430,66215700,0,0,380810736,1.52
17/03/2020,0,0,3.02(-0.33 %),0,0,0,0,380810736,1.52
18/03/2020,157100,483480000,3.03(0.33 %),162100,498930000,5000,15450000,380822504,1.53
19/03/2020,157100,483480600,2.98(-1.65 %),162100,498930600,5000,15450000,380496536,1.55
20/03/2020,3850,11329000,2.94(-1.34 %),4850,14259000,1000,2930000,380492686,1.56
23/03/2020,1380,3100000,2.74(-6.80 %),8000,22170000,6620,19070000,380794564,1.54
24/03/2020,-3100,-8463000,2.72(-0.73 %),0,0,3100,8463000,380494406,1.55
25/03/2020,-19870,-54620000,2.71(-0.37 %),980,2660000,20850,57280000,380795334,1.54
26/03/2020,87760,237760000,2.68(-1.11 %),87760,237760000,0,0,380714194,1.55
27/03/2020,4340,11580000,2.66(-0.75 %),9000,24070000,4660,12490000,380708294,1.55
30/03/2020,7050,17625000,2.55(-4.14 %),7050,17625000,0,0,380415126,1.56
31/03/2020,13340,37560000,2.55(0.00 %),72670,187210000,59330,149650000,380649424,1.55
01/04/2020,110680,288100000,2.69(5.49 %),110780,288350000,100,250000,380543304,1.56
03/04/2020,42800,120401300,2.81(4.46 %),50590,141982500,7790,21581200,380611284,1.54
06/04/2020,171760,498030200,3(6.76 %),184560,536046200,12800,38016000,380439524,1.56
07/04/2020,-80440,-243940000,3.1(3.33 %),140,430000,80580,244370000,380367444,1.58
08/04/2020,107080,333172900,3.2(3.23 %),110580,343952900,3500,10780000,380412884,1.56
09/04/2020,53950,173600000,3.2(0.00 %),66000,212050000,12050,38450000,380211454,1.6
10/04/2020,54610,175450000,3.14(-1.88 %),76090,243200000,21480,67750000,380215944,1.6
13/04/2020,86880,271920000,3.13(-0.32 %),87950,275240000,1070,3320000,380131494,1.61
14/04/2020,-64150,-197928200,3.07(-1.92 %),36430,112749200,100580,310677400,380281594,1.58
15/04/2020,126350,393160000,3.11(1.30 %),126350,393160000,0,0,380002244,1.62
16/04/2020,204700,644710000,3.17(1.93 %),204700,644710000,0,0,379798614,1.65
17/04/2020,16890,54031700,3.17(0.00 %),49050,155978900,32160,101947200,379933654,1.62
20/04/2020,-16020,-47900000,3.17(0.00 %),50820,164430000,66840,212330000,379799324,1.65
21/04/2020,-144480,-452712000,3.12(-1.58 %),52830,165942500,197310,618654500,380094154,1.6
22/04/2020,173350,545886000,3.12(0.00 %),173350,545886000,0,0,379920804,1.62
23/04/2020,-86500,-271040000,3.16(1.28 %),13600,42570000,100100,313610000,379658544,1.66
24/04/2020,243370,827230000,3.38(6.96 %),266380,899560000,23010,72330000,379589474,1.67
27/04/2020,-127100,-443730000,3.5(3.55 %),20630,72300000,147730,516030000,379568844,1.67
28/04/2020,149620,516640000,3.64(4.00 %),149620,516640000,0,0,379519324,1.68
29/04/2020,-397410,-1431780000,3.6(-1.10 %),73940,266942500,471350,1698722500,380138824,1.59
04/05/2020,-62850,-217140000,3.4(-5.56 %),40,140000,62890,217280000,379616084,1.67
05/05/2020,104160,359557200,3.46(1.76 %),125960,435421200,21800,75864000,379511964,1.66
06/05/2020,169090,592846700,3.54(2.31 %),169210,593272700,120,426000,379342874,1.68
07/05/2020,-27410,-96810000,3.55(0.28 %),19420,69370000,46830,166180000,379835739,1.64
08/05/2020,-98590,-347710000,3.52(-0.85 %),8840,31180000,107430,378890000,379848699,1.64
11/05/2020,37020,136899960,3.76(6.82 %),37120,137269760,100,369800,379431854,1.67
12/05/2020,-127000,-486830000,3.85(2.39 %),35300,135690000,162300,622520000,379823229,1.64
13/05/2020,-8810,-33470000,3.86(0.26 %),3180,12410000,11990,45880000,379927479,1.63
14/05/2020,-4080,-15311800,3.8(-1.55 %),129970,497781400,134050,513093200,379571744,1.65
15/05/2020,23290,91234000,3.88(2.11 %),27570,107857600,4280,16623600,379548454,1.66
18/05/2020,-29430,-113881700,3.86(-0.52 %),0,0,29430,113881700,379577884,1.65
19/05/2020,-49860,-192030300,3.89(0.78 %),26810,104609400,76670,296639700,379627744,1.65
20/05/2020,-188340,-783367600,4.16(6.94 %),70910,294506200,259250,1077873800,379816084,1.63
21/05/2020,-323310,-1350990000,4.14(-0.48 %),0,0,323310,1350990000,380014369,1.62
22/05/2020,-1410,-5483700,4.15(0.24 %),8490,35403300,9900,40887000,380140804,1.59
25/05/2020,104020,432390000,4.16(0.24 %),104020,432390000,0,0,380237784,1.6
26/05/2020,-49300,-207810000,4.23(1.68 %),8390,35380000,57690,243190000,380552704,1.56
27/05/2020,-165750,-697782700,4.17(-1.42 %),3000,12690000,168750,710472700,380251834,1.58
28/05/2020,179240,760530000,4.27(2.40 %),180030,763830000,790,3300000,380379574,1.58
29/05/2020,4810,18350000,4.56(6.79 %),30150,131900000,25340,113550000,380407114,1.58
01/06/2020,-2270,-9860000,4.87(6.80 %),15040,72890000,17310,82750000,380560824,1.56
02/06/2020,-693720,-3515041800,4.8(-1.44 %),2250,11247500,695970,3526289300,381269584,1.47
03/06/2020,-59840,-288720000,4.75(-1.04 %),0,0,59840,288720000,380584704,1.56
04/06/2020,91040,449080000,5.08(6.95 %),94240,465280000,3200,16200000,380507774,1.57
05/06/2020,0,0,5.42(6.69 %),0,0,0,0,381238384,1.47
08/06/2020,57490,318625600,5.75(6.09 %),71860,399660600,14370,81035000,381180894,1.48
09/06/2020,-77740,-443780000,5.65(-1.74 %),13660,79090000,91400,522870000,381149264,1.5
10/06/2020,121190,687610000,5.8(2.65 %),147400,840740000,26210,153130000,381013864,1.51
11/06/2020,-23170,-141608100,5.4(-6.90 %),52110,288888000,75280,430496100,381082874,1.49
12/06/2020,296930,1538810000,5.2(-3.70 %),369470,1919950000,72540,381140000,380698054,1.55
15/06/2020,-98900,-499825100,4.9(-5.77 %),17910,89093400,116810,588918500,380884844,1.51
16/06/2020,603680,3062150000,5.19(5.92 %),620350,3145780000,16670,83630000,380161284,1.61
17/06/2020,-189840,-843282880,5.09(-1.93 %),101370,517392480,291210,1360675360,380471004,1.56
18/06/2020,-62640,-313000000,4.97(-2.36 %),4000,20000000,66640,333000000,380245264,1.6
19/06/2020,291690,1492213500,5.23(5.23 %),316380,1621519600,24690,129306100,380241954,1.58
22/06/2020,-583590,-3054544800,5.19(-0.76 %),34180,178676200,617770,3233221000,380825544,1.52
23/06/2020,-43680,-228900000,5.3(2.12 %),50370,264410000,94050,493310000,380218854,1.6
24/06/2020,-202260,-1052820000,5.22(-1.51 %),28020,145720000,230280,1198540000,380239884,1.6
25/06/2020,-210520,-1074098100,5.2(-0.38 %),0,0,210520,1074098100,381282004,1.47
26/06/2020,-172390,-892570000,5.11(-1.73 %),0,0,172390,892570000,380951704,1.52
29/06/2020,-170390,-882172500,5.2(1.76 %),2000,10394000,172390,892566500,381624784,1.43
30/06/2020,-176250,-915510000,5.2(0.00 %),3750,19280000,180000,934790000,381386754,1.47
01/07/2020,203110,1064193200,5.23(0.58 %),205110,1074543400,2000,10350200,381559144,1.44
02/07/2020,158140,827870300,5.23(0.00 %),158140,827870300,0,0,381401004,1.46
03/07/2020,91960,479893600,5.2(-0.57 %),97000,506202000,5040,26308400,381309044,1.47
06/07/2020,-88910,-459550000,5.15(-0.96 %),15000,76950000,103910,536500000,381465090,1.46
07/07/2020,-202700,-1030380000,5.02(-2.52 %),3560,18290000,206260,1048670000,381461530,1.46
08/07/2020,241250,1213370000,5(-0.40 %),241250,1213370000,0,0,381225322,1.49
09/07/2020,49820,249170000,5(0.00 %),51520,257690000,1700,8520000,381277712,1.48
10/07/2020,19980,102200000,5.05(1.00 %),26550,135300000,6570,33100000,381457422,1.47
13/07/2020,-158980,-801283700,5.08(0.59 %),3000,15240000,161980,816523700,381448584,1.45
14/07/2020,28590,140229400,4.89(-3.74 %),43000,211644000,14410,71414600,381419994,1.46
15/07/2020,38580,181981900,4.65(-4.91 %),43830,206654200,5250,24672300,381381414,1.46
16/07/2020,11530,53930000,4.68(0.65 %),11530,53930000,0,0,381526312,1.46
17/07/2020,12000,53780000,4.58(-2.14 %),12000,53780000,0,0,381528722,1.46
20/07/2020,12520,55910000,4.37(-4.59 %),17310,77000000,4790,21090000,381516662,1.46
21/07/2020,174230,778490000,4.47(2.29 %),175930,786070000,1700,7580000,381340732,1.48
22/07/2020,-2870,-12030000,4.3(-3.80 %),3000,13200000,5870,25230000,381337732,1.48
23/07/2020,190430,805410000,4.33(0.70 %),190430,805410000,0,0,381152092,1.5
24/07/2020,-104550,-429048600,4.03(-6.93 %),17050,70682500,121600,499731100,381088124,1.49
27/07/2020,500010,1885590000,3.75(-6.95 %),500010,1885590000,0,0,380642602,1.55
28/07/2020,730800,2742212500,3.86(2.93 %),730800,2742212500,0,0,379857314,1.62
29/07/2020,357570,1293490000,3.74(-3.11 %),377570,1366090000,20000,72600000,379655832,1.66
30/07/2020,-33950,-125600000,3.73(-0.27 %),0,0,33950,125600000,379655832,1.66
31/07/2020,187320,696970000,3.8(1.88 %),188720,702180000,1400,5210000,379467112,1.68
03/08/2020,30460,125090000,3.87(1.84 %),103140,403430000,72680,278340000,379383972,1.69
04/08/2020,-157340,-608514900,3.87(0.00 %),11640,45623600,168980,654138500,379644452,1.65
05/08/2020,98390,385837500,3.93(1.55 %),98390,385837500,0,0,379546062,1.66
06/08/2020,64700,254700200,4.11(4.58 %),67800,267399200,3100,12699000,379481362,1.66
07/08/2020,-281870,-1154220000,4.06(-1.22 %),0,0,281870,1154220000,379483159,1.68
10/08/2020,-190060,-765910000,4.05(-0.25 %),5000,20000000,195060,785910000,379478159,1.68
11/08/2020,-26030,-103880000,4.05(0.00 %),0,0,26030,103880000,379481259,1.68
12/08/2020,-244360,-982617700,4.02(-0.74 %),10,40000,244370,982657700,380223682,1.58
13/08/2020,174800,723872700,4.12(2.49 %),175300,725922700,500,2050000,380048882,1.6
14/08/2020,-1384630,-5638270000,4.05(-1.70 %),6490,26660000,1391120,5664930000,379802419,1.65
17/08/2020,-203960,-816038900,4.01(-0.99 %),10,40400,203970,816079300,381637472,1.43
18/08/2020,99380,400028800,4.01(0.00 %),99380,400028800,0,0,381538092,1.44
19/08/2020,197380,824965000,4.29(6.98 %),197380,824965000,0,0,381340712,1.46
20/08/2020,-470780,-2033728200,4.26(-0.70 %),16730,73363900,487510,2107092100,381811492,1.41
21/08/2020,-57710,-246866000,4.28(0.47 %),5020,21385600,62730,268251600,381869202,1.41
24/08/2020,16470,70481000,4.28(0.00 %),29470,125471000,13000,54990000,381852732,1.41
25/08/2020,-72100,-305767900,4.21(-1.64 %),0,0,72100,305767900,381924832,1.4
26/08/2020,-1751510,-7357300000,4.2(-0.24 %),16140,68450000,1767650,7425750000,381828489,1.43
27/08/2020,-159040,-667146300,4.34(3.33 %),13580,59169000,172620,726315300,383835382,1.19
28/08/2020,-172880,-750010000,4.25(-2.07 %),0,0,172880,750010000,381900009,1.42
31/08/2020,-216950,-935270000,4.26(0.24 %),0,0,216950,935270000,383667659,1.22
01/09/2020,602720,2614390000,4.33(1.64 %),605330,2625670000,2610,11280000,383234949,1.27
03/09/2020,-191970,-827066800,4.31(-0.46 %),24610,106592200,216580,933659000,384032249,1.17
04/09/2020,128920,557670000,4.35(0.93 %),148850,644030000,19930,86360000,383451319,1.25
07/09/2020,1011500,4670944400,4.6(5.75 %),1013820,4681674000,2320,10729600,382891829,1.3
08/09/2020,635140,2935615700,4.61(0.22 %),923380,4259054700,288240,1323439000,382256689,1.36
09/09/2020,275660,1311290000,4.83(4.77 %),319750,1522800000,44090,211510000,381434619,1.47
10/09/2020,-70400,-337539700,4.79(-0.83 %),500,2400000,70900,339939700,382051429,1.39
11/09/2020,92110,445857900,4.9(2.30 %),92210,446341900,100,484000,381959319,1.4
14/09/2020,0,0,4.87(-0.61 %),0,0,0,0,381677689,1.44
15/09/2020,-500,-2420000,4.67(-4.11 %),1000,4760000,1500,7180000,381747589,1.43
16/09/2020,18030,83610000,4.63(-0.86 %),18030,83610000,0,0,381729659,1.44
17/09/2020,139190,654533100,4.72(1.94 %),140290,659681100,1100,5148000,381802599,1.41
18/09/2020,-165880,-768943500,4.64(-1.69 %),130510,617728600,296390,1386672100,381968479,1.4
21/09/2020,98580,458961800,4.59(-1.08 %),158910,739085000,60330,280123200,381869899,1.41
22/09/2020,137380,626690000,4.55(-0.87 %),138380,631220000,1000,4530000,381164169,1.5
23/09/2020,13970,66261100,4.6(1.10 %),31750,147637500,17780,81376400,381718549,1.42
24/09/2020,38760,178648300,4.6(0.00 %),39260,180958300,500,2310000,381679789,1.43
25/09/2020,-198410,-904720000,4.57(-0.65 %),10000,45900000,208410,950620000,381449919,1.47
28/09/2020,-510,-1253400,4.57(0.00 %),42560,194763800,43070,196017200,381878709,1.41
29/09/2020,-1993710,-9010316400,4.56(-0.22 %),80170,362576200,2073880,9372892600,383872419,1.19
30/09/2020,129730,588108300,4.56(0.00 %),130600,592055500,870,3947200,383742689,1.2
01/10/2020,-6510,-29490000,4.55(-0.22 %),500,2270000,7010,31760000,381465853,1.46
02/10/2020,-80740,-360422300,4.54(-0.22 %),200,902000,80940,361324300,381547093,1.44
05/10/2020,-632140,-2888580000,4.71(3.74 %),58990,272930000,691130,3161510000,383481413,1.25
06/10/2020,-138300,-644014600,4.69(-0.42 %),500,2310000,138800,646324600,382317533,1.36
07/10/2020,-58410,-281165100,4.85(3.41 %),12670,60859500,71080,342024600,382375943,1.35
08/10/2020,-238880,-1149370000,4.8(-1.03 %),1000,4810000,239880,1154180000,384246323,1.16
09/10/2020,-72740,-342650000,4.68(-2.50 %),90,430000,72830,343080000,384385033,1.15
12/10/2020,-135000,-620930000,4.5(-3.85 %),0,0,135000,620930000,384456113,1.14
13/10/2020,74310,342280000,4.64(3.11 %),74810,344540000,500,2260000,384621183,1.12
14/10/2020,0,0,4.96(6.90 %),0,0,0,0,382748253,1.31
15/10/2020,-34820,-182070000,5.03(1.41 %),35820,184680000,70640,366750000,384793193,1.1
16/10/2020,-57910,-284941100,4.9(-2.58 %),16700,82853200,74610,367794300,382840983,1.3
19/10/2020,-8750,-43750000,4.91(0.20 %),1870,9120000,10620,52870000,384775123,1.1
20/10/2020,73870,358390000,4.85(-1.22 %),83870,406990000,10000,48600000,384761893,1.11
21/10/2020,0,-25000,4.75(-2.06 %),500,2420000,500,2445000,382775863,1.31
22/10/2020,2900,13640000,4.72(-0.63 %),3400,16010000,500,2370000,384843223,1.1
23/10/2020,-51820,-251813200,4.87(3.18 %),3370,16381200,55190,268194400,382824783,1.3
26/10/2020,-27060,-131091800,4.78(-1.85 %),1000,4810000,28060,135901800,382851843,1.3
27/10/2020,-31710,85384980,4.65(-2.72 %),18290,86091030,50000,706050,382883553,1.3
28/10/2020,-8310,-37741200,4.5(-3.23 %),10,45600,8320,37786800,382891863,1.3
29/10/2020,-498820,-2232020000,4.45(-1.11 %),110,490000,498930,2232510000,384912433,1.09
30/10/2020,-9290,-42360000,4.54(2.02 %),11000,50400000,20290,92760000,384951433,1.08
02/11/2020,-2670,-12120000,4.65(2.42 %),1890,8520000,4560,20640000,384957863,1.08
03/11/2020,-250,-1160000,4.6(-1.08 %),0,0,250,1160000,385456793,1.03
04/11/2020,13820,63650000,4.62(0.43 %),13820,63650000,0,0,385463263,1.03
05/11/2020,13810,63432700,4.6(-0.43 %),14200,65215000,390,1782300,384932373,1.08
06/11/2020,-1660,-7624400,4.57(-0.65 %),500,2290000,2160,9914400,384934033,1.08
09/11/2020,52050,238794500,4.56(-0.22 %),52050,238794500,0,0,384881983,1.08
10/11/2020,10000,45700000,4.52(-0.88 %),10000,45700000,0,0,385391713,1.04
11/11/2020,33260,150035000,4.47(-1.11 %),33260,150035000,0,0,384838723,1.09
12/11/2020,-27570,-120908700,4.46(-0.22 %),30500,134425000,58070,255333700,384866293,1.08
13/11/2020,11530,52339800,4.53(1.57 %),26790,120065200,15260,67725400,384854763,1.08
16/11/2020,-36640,-165580900,4.53(0.00 %),19890,90562000,56530,256142900,384891403,1.08
17/11/2020,51220,232610000,4.54(0.22 %),52450,238150000,1230,5540000,385289055,1.05
18/11/2020,21490,97220000,4.48(-1.32 %),39160,176740000,17670,79520000,385265155,1.05
19/11/2020,-30680,-135846700,4.42(-1.34 %),3510,15664600,34190,151511300,384849373,1.09
20/11/2020,67160,298130000,4.55(2.94 %),68660,304860000,1500,6730000,385250751,1.05
23/11/2020,-3070,-14030000,4.5(-1.10 %),15730,71890000,18800,85920000,385252691,1.05
24/11/2020,-17110,-76150000,4.45(-1.11 %),21690,96710000,38800,172860000,385265191,1.05
25/11/2020,85510,386130000,4.58(2.92 %),92330,417240000,6820,31110000,385174361,1.06
26/11/2020,5030,20529100,4.77(4.15 %),98080,453819300,93050,433290200,385169331,1.05
27/11/2020,-69160,-327010000,4.65(-2.52 %),0,0,69160,327010000,385133881,1.07
30/11/2020,-65240,-297299900,4.52(-2.80 %),0,0,65240,297299900,385199121,1.05
01/12/2020,358220,1643170000,4.59(1.55 %),375990,1722570000,17770,79400000,384857761,1.1
02/12/2020,-43390,-197730200,4.53(-1.31 %),24440,112664400,67830,310394600,385277141,1.04
03/12/2020,-25020,-113490000,4.54(0.22 %),4980,22710000,30000,136200000,384963841,1.08
04/12/2020,94220,448080000,4.69(3.30 %),95220,452780000,1000,4700000,384886391,1.09
07/12/2020,171250,820663900,4.76(1.49 %),186690,894449500,15440,73785600,385036691,1.07
08/12/2020,-222200,-1042530000,4.69(-1.47 %),2290,10720000,224490,1053250000,384795241,1.1
09/12/2020,21296,996350000,4.68(-0.21 %),23675,1108090000,2379,111740000,384559491,1.13
10/12/2020,-18270,-873030000,4.74(1.28 %),6796,328780000,25066,1201810000,384506971,1.13
11/12/2020,-22680,-106645200,4.73(-0.21 %),100,468000,22780,107113200,385251311,1.04
14/12/2020,14850,70670000,4.81(1.69 %),26460,125610000,11610,54940000,384728691,1.11
15/12/2020,214730,1061000000,4.95(2.91 %),248570,1225720000,33840,164720000,384730781,1.11
16/12/2020,26595,1355620000,5.2(5.05 %),27918,1423920000,1323,68300000,384474381,1.14
17/12/2020,-88640,-455260000,5.15(-0.96 %),129000,683350000,217640,1138610000,384356991,1.15
18/12/2020,264460,1366100000,5.19(0.78 %),266520,1376710000,2060,10610000,384124311,1.18
21/12/2020,261480,1371190000,5.33(2.70 %),300670,1572540000,39190,201350000,383836871,1.21
22/12/2020,-47140,-250580000,5.37(0.75 %),35020,188330000,82160,438910000,384019491,1.19
23/12/2020,-40284,-2166170000,5.2(-3.17 %),314,17100000,40598,2183270000,384018391,1.19
24/12/2020,-303840,-1514034100,5.13(-1.35 %),183570,935558700,487410,2449592800,385072301,1.06
25/12/2020,46980,2435940000,5.2(1.36 %),51653,2675880000,4673,239940000,383439641,1.25
28/12/2020,148260,797763600,5.41(4.04 %),230730,1240125400,82470,442361800,384454241,1.13
29/12/2020,2427,129960000,5.46(0.92 %),10407,566580000,7980,436620000,383998231,1.19
30/12/2020,-187900,-752580000,5.28(-3.30 %),156060,816908640,343960,1569488640,384617871,1.11
31/12/2020,16588,880290000,5.25(-0.57 %),16816,892270000,228,11980000,383803211,1.21
04/01/2021,22860,1214490000,5.29(0.76 %),23200,1232460000,340,17970000,383651011,1.23
05/01/2021,41680,2237080000,5.36(1.32 %),44500,2388250000,2820,151170000,383549971,1.24
06/01/2021,13450,719650000,5.28(-1.49 %),13880,742660000,430,23010000,383413451,1.25
07/01/2021,-15500,-86760000,5.64(6.82 %),0,0,15500,86760000,383115211,1.27
08/01/2021,66420,4001520000,6.03(6.91 %),67940,4093140000,1520,91620000,382765651,1.32
11/01/2021,68990,4316300000,6.36(5.47 %),71200,4452950000,2210,136650000,382057946,1.4
12/01/2021,179800,1119947000,6.27(-1.42 %),199800,1243888000,20000,123941000,381581311,1.44
13/01/2021,19600,155696000,6(-4.31 %),208800,1301968000,189200,1146272000,381561711,1.44
14/01/2021,-131200,-788878000,6.07(1.17 %),150800,912193000,282000,1701071000,381692911,1.43
15/01/2021,1032900,6600462000,6.39(5.27 %),1045100,6677393000,12200,76931000,380660011,1.54
18/01/2021,362600,2299704000,6.3(-1.41 %),433300,2748177000,70700,448473000,380297411,1.58
19/01/2021,-54900,-343558000,5.86(-6.98 %),58100,340466000,113000,684024000,380352311,1.57
20/01/2021,698800,3894170000,5.7(-2.73 %),1481000,8244021000,782200,4349851000,379653511,1.65
21/01/2021,-48000,-268080000,6(5.26 %),37000,217826000,85000,485906000,379701511,1.64
22/01/2021,-65700,-3876160000,5.8(-3.33 %),210,12400000,65910,3888560000,379181834,1.71
25/01/2021,68700,401337000,5.83(0.52 %),120500,709033000,51800,307696000,380289811,1.58
26/01/2021,-53420,-2967350000,5.53(-5.15 %),3900,222190000,57320,3189540000,379889534,1.64
27/01/2021,-5000,-259040000,5.15(-6.87 %),19350,1021310000,24350,1280350000,380355134,1.59
28/01/2021,1033500,5034881000,4.79(-6.99 %),1036900,5051201000,3400,16320000,379840511,1.63
29/01/2021,41230,1943240000,4.83(0.84 %),62030,2945350000,20800,1002110000,379322934,1.7
01/02/2021,-73980,-3368020000,4.5(-6.83 %),12330,563270000,86310,3931290000,379443134,1.68
02/02/2021,-4840,-209930000,4.26(-5.33 %),3250,136780000,8090,346710000,379414034,1.69
03/02/2021,-364700,-1591233000,4.45(4.46 %),55000,241930000,419700,1833163000,379979534,1.61
04/02/2021,-967900,-4339530000,4.46(0.22 %),800,3580000,968700,4343110000,380947434,1.51
05/02/2021,-5600,-251340000,4.56(2.24 %),200,9100000,5800,260440000,380508284,1.57
08/02/2021,-72660,-3195530000,4.33(-5.04 %),2150,91850000,74810,3287380000,380906484,1.53
09/02/2021,-285600,-1262776000,4.56(5.31 %),211400,921080000,497000,2183856000,382015634,1.39
17/02/2021,66000,322226000,4.83(5.92 %),113700,542388000,47700,220162000,381949634,1.4
18/02/2021,-131900,-643789000,4.85(0.41 %),14300,68359000,146200,712148000,382081534,1.38
19/02/2021,-28430,-1368040000,4.81(-0.82 %),800,38510000,29230,1406550000,382830884,1.32
22/02/2021,-22620,-1087430000,4.79(-0.42 %),150,7170000,22770,1094600000,382876974,1.31
23/02/2021,800,3599000,4.68(-2.30 %),8000,37745000,7200,34146000,382591234,1.33
24/02/2021,60,2810000,4.62(-1.28 %),80,3740000,20,930000,383306674,1.26
25/02/2021,-620,-28340000,4.6(-0.43 %),30,1370000,650,29710000,383534074,1.24
26/02/2021,400,17450000,4.7(2.17 %),1000,45600000,600,28150000,383531274,1.24
01/03/2021,-6600,-30919000,4.7(0.00 %),800,3731000,7400,34650000,383531474,1.23
02/03/2021,22400,105548000,4.71(0.21 %),22500,106021000,100,473000,383509074,1.23
03/03/2021,87800,413567000,4.83(2.55 %),97800,460667000,10000,47100000,383421274,1.24
04/03/2021,25620,1253230000,4.8(-0.62 %),26770,1309850000,1150,56620000,383162654,1.28
05/03/2021,-35000,-166250000,4.84(0.83 %),0,0,35000,166250000,383200074,1.26
08/03/2021,-59100,-285258000,4.85(0.21 %),9300,45046000,68400,330304000,383259174,1.26
09/03/2021,-47700,-246676000,5(3.09 %),84800,412502000,132500,659178000,383306874,1.25
10/03/2021,-72900,-370224000,5.14(2.80 %),0,0,72900,370224000,383379774,1.24
11/03/2021,-18120,-926880000,5.11(-0.58 %),250,12800000,18370,939680000,383191074,1.28
12/03/2021,40700,207425000,5.06(-0.98 %),53500,272105000,12800,64680000,383520274,1.23
15/03/2021,302200,1566853000,5.24(3.56 %),304600,1579476000,2400,12623000,383218074,1.26
16/03/2021,-332200,-1728579000,5.23(-0.19 %),1000,5215000,333200,1733794000,383550274,1.23
17/03/2021,2600,14791000,5.22(-0.19 %),26900,143073000,24300,128282000,383547674,1.23
18/03/2021,-18190,-949170000,5.22(0.00 %),630,32950000,18820,982120000,383203054,1.28
19/03/2021,-11950,-617270000,5.19(-0.57 %),20,1040000,11970,618310000,383536054,1.24
22/03/2021,123100,645122000,5.26(1.35 %),196100,1027572000,73000,382450000,383725974,1.21
23/03/2021,6740,353800000,5.23(-0.57 %),6790,356420000,50,2620000,383484384,1.24
24/03/2021,-11480,-592010000,5.19(-0.76 %),60,3090000,11540,595100000,383603484,1.23
25/03/2021,-1760,-90940000,5.15(-0.77 %),240,12460000,2000,103400000,383674090,1.22
26/03/2021,-225700,-1130057000,5.13(-0.39 %),13800,69577000,239500,1199634000,384016674,1.18
29/03/2021,340,15510000,5.48(6.82 %),6800,364490000,6460,348980000,383708190,1.22
30/03/2021,-5380,-304540000,5.59(2.01 %),750,42530000,6130,347070000,383720690,1.22
31/03/2021,-3200,-16780000,5.55(-0.72 %),15000,84000000,18200,100780000,384070274,1.17
01/04/2021,6440,362390000,5.58(0.54 %),6690,376350000,250,13960000,383942983,1.19
02/04/2021,17300,99000000,5.66(1.43 %),23200,132590000,5900,33590000,383992583,1.18
05/04/2021,-9800,-55337000,5.66(0.00 %),7700,43719000,17500,99056000,384002383,1.18
06/04/2021,-8420,-475280000,5.66(0.00 %),220,12400000,8640,487680000,383991933,1.19
07/04/2021,4200,242420000,5.72(1.06 %),5740,331530000,1540,89110000,383940433,1.2
08/04/2021,21500,123649000,5.74(0.35 %),22000,126534000,500,2885000,384023083,1.17
09/04/2021,-410,-23750000,5.83(1.57 %),110,6370000,520,30120000,384020700,1.19
12/04/2021,-51440,-3200100000,6.23(6.86 %),4760,295910000,56200,3496010000,383988500,1.19
13/04/2021,-295000,-1805389000,6.09(-2.25 %),14900,93305000,309900,1898694000,384836583,1.09
14/04/2021,140400,875221000,6.05(-0.66 %),161300,1005968000,20900,130747000,384696183,1.1
15/04/2021,28500,174158000,6.09(0.66 %),77400,473998000,48900,299840000,384667683,0.0
16/04/2021,200,12060000,5.99(-1.64 %),350,21180000,150,9120000,384609000,1.12
19/04/2021,-147800,-856008000,5.92(-1.17 %),13900,81131000,161700,937139000,384813483,1.09
20/04/2021,-3500,-203060000,5.81(-1.86 %),1660,96780000,5160,299840000,384648300,1.12
22/04/2021,15000,81150000,5.41(-6.88 %),15000,81150000,0,0,384833483,1.09
23/04/2021,-800,-4032000,5.04(-6.84 %),4200,21168000,5000,25200000,384834283,1.09
26/04/2021,-106500,-545839000,5.33(5.75 %),134300,703521000,240800,1249360000,384940783,1.08
27/04/2021,19800,101705000,5.3(-0.56 %),64600,341321000,44800,239616000,384920983,1.08
28/04/2021,-22400,-116213000,5.4(1.89 %),51400,271176000,73800,387389000,384943383,1.08
29/04/2021,-80300,-433287000,5.44(0.74 %),38600,213410000,118900,646697000,385023683,1.07
04/05/2021,-14810,-773880000,5.28(-2.94 %),220,11220000,15030,785100000,384844559,1.1
05/05/2021,55500,297108000,5.36(1.52 %),95000,503636000,39500,206528000,384791259,1.09
06/05/2021,4530,242160000,5.36(0.00 %),5890,315090000,1360,72930000,384883359,1.09
07/05/2021,-78100,-413700000,5.3(-1.12 %),0,0,78100,413700000,384824059,1.09
10/05/2021,-102400,-533395000,5.25(-0.94 %),1100,5735000,103500,539130000,384926459,1.08
11/05/2021,135500,716078000,5.24(-0.19 %),181700,957640000,46200,241562000,384790959,1.09
12/05/2021,147800,778131000,5.6(6.87 %),173700,915526000,25900,137395000,384643159,1.11
13/05/2021,-57000,-320379000,5.58(-0.36 %),17600,98569000,74600,418948000,384700159,1.1
14/05/2021,-129900,-725993000,5.57(-0.18 %),1800,9999000,131700,735992000,384830059,1.09
17/05/2021,-249100,-1373057000,5.41(-2.87 %),500,2725000,249600,1375782000,385079159,1.06
18/05/2021,-14000,-74222000,5.29(-2.22 %),1000,5335000,15000,79557000,385093159,1.06
19/05/2021,-15900,-85115000,5.25(-0.76 %),7000,37020000,22900,122135000,385109059,1.06
20/05/2021,-4400,-22890000,5.18(-1.33 %),0,0,4400,22890000,385113459,1.06
21/05/2021,-73200,-383320000,5.24(1.16 %),21700,111580000,94900,494900000,385186659,1.05
24/05/2021,0,0,5.22(-0.38 %),0,0,0,0,385428209,1.03
25/05/2021,3990,210310000,5.25(0.57 %),3990,210310000,0,0,385392709,1.04
26/05/2021,2990,162760000,5.35(1.90 %),6050,322210000,3060,159450000,385427109,1.03
27/05/2021,1500,7935000,5.2(-2.80 %),1500,7935000,0,0,385115359,1.06
28/05/2021,-57200,-297143000,5.22(0.38 %),9500,49457000,66700,346600000,385172559,1.05
31/05/2021,-5300,-27470000,5.13(-1.72 %),3500,18090000,8800,45560000,385177859,1.05
01/06/2021,-8700,-44631000,5.11(-0.39 %),1300,6669000,10000,51300000,385443157,1.02
02/06/2021,-34900,-176642000,5.21(1.96 %),100,508000,35000,177150000,385478057,1.02
03/06/2021,44700,235832000,5.26(0.96 %),59400,312419000,14700,76587000,385433357,1.02
04/06/2021,-366300,-1936537000,5.28(0.38 %),90600,484710000,456900,2421247000,385799657,0.98
07/06/2021,-180,-9400000,5.38(1.89 %),0,0,180,9400000,385412257,1.03
08/06/2021,-1010,-54670000,5.46(1.49 %),0,0,1010,54670000,385426957,1.03
09/06/2021,4900,26673000,5.49(0.55 %),23000,124792000,18100,98119000,385806657,0.98
10/06/2021,-74900,-413814000,5.5(0.18 %),5600,31288000,80500,445102000,385881557,0.97
11/06/2021,300,16550000,5.49(-0.18 %),500,27510000,200,10960000,385862157,0.99
14/06/2021,168200,951729000,5.72(4.19 %),204900,1160697000,36700,208968000,385710357,0.99
15/06/2021,17250,995770000,6.01(5.07 %),19210,1112860000,1960,117090000,385563763,1.02
16/06/2021,-6860,-409000000,6.02(0.17 %),5690,336970000,12550,745970000,385508863,1.02
17/06/2021,221300,1326563000,6(-0.33 %),242000,1451163000,20700,124600000,385385157,1.03
18/06/2021,12050,730240000,6.05(0.83 %),15720,954320000,3670,224080000,385165873,1.06
21/06/2021,28820,1757280000,6.2(2.48 %),30620,1867220000,1800,109940000,384985173,1.08
22/06/2021,-5770,-356260000,6.16(-0.65 %),100,6150000,5870,362410000,385004873,1.08
23/06/2021,220500,1347305000,6.11(-0.81 %),225600,1378603000,5100,31298000,384813657,1.09
24/06/2021,24840,1506340000,6.01(-1.64 %),26370,1599230000,1530,92890000,384570281,1.13
25/06/2021,22710,1370590000,6(-0.17 %),22860,1379630000,150,9040000,384400371,1.14
28/06/2021,189200,1148962000,6.01(0.17 %),189200,1148962000,0,0,384148957,1.16
29/06/2021,86400,520002000,6.04(0.50 %),93200,560848000,6800,40846000,384062557,1.17
30/06/2021,16430,979960000,5.9(-2.32 %),17430,1039760000,1000,59800000,383965571,1.19
01/07/2021,225200,1314063000,5.8(-1.69 %),235200,1372463000,10000,58400000,383965571,1.18
02/07/2021,5080,292780000,5.75(-0.86 %),5320,306560000,240,13780000,383683971,1.22
05/07/2021,-7150,-400210000,5.55(-3.48 %),2420,135050000,9570,535260000,383669771,1.22
06/07/2021,126900,714521000,5.33(-3.96 %),138000,775635000,11100,61114000,383859371,1.19
07/07/2021,18130,957590000,5.2(-2.44 %),18130,957590000,0,0,383362871,1.26
08/07/2021,13480,715940000,5.34(2.69 %),13480,715940000,0,0,383323771,1.26
09/07/2021,-11200,-595670000,5.22(-2.25 %),1190,62610000,12390,658280000,383322971,1.26
12/07/2021,-1700,-91190000,4.86(-6.90 %),5360,268040000,7060,359230000,383269371,1.27
13/07/2021,-12370,-606980000,5.1(4.94 %),500,24990000,12870,631970000,383264371,1.27
14/07/2021,-24930,-1270670000,5.1(0.00 %),0,0,24930,1270670000,383388271,1.26
15/07/2021,-32100,-164697000,5.11(0.20 %),100,505000,32200,165202000,384077371,1.17
16/07/2021,-14350,-731430000,5.09(-0.39 %),310,15770000,14660,747200000,383584321,1.23
19/07/2021,-171800,-841120000,4.91(-3.54 %),11000,52800000,182800,893920000,384392671,1.13
20/07/2021,-4490,-214100000,4.96(1.02 %),4080,200900000,8570,415000000,383814041,1.21
21/07/2021,-43100,-208823000,4.95(-0.20 %),34900,173285000,78000,382108000,384480671,1.13
22/07/2021,34500,173926000,5.05(2.02 %),48000,240169000,13500,66243000,384446171,1.13
23/07/2021,-59400,-294361000,4.9(-2.97 %),5100,25500000,64500,319861000,384505571,1.12
26/07/2021,-8670,-404810000,4.78(-2.45 %),0,0,8670,404810000,384219119,1.16
27/07/2021,-2060,-103520000,5(4.60 %),1730,86890000,3790,190410000,384215319,1.17
28/07/2021,-31900,-161252000,5(0.00 %),20100,101851000,52000,263103000,384644771,1.11
29/07/2021,1040,52500000,5.04(0.80 %),1660,83630000,620,31130000,384329819,1.15
30/07/2021,19300,96853000,5.01(-0.60 %),29600,148714000,10300,51861000,384615071,1.11
02/08/2021,18500,94351000,5.04(0.60 %),20800,105851000,2300,11500000,384390159,1.13
03/08/2021,-11900,-60573000,5.09(0.99 %),100,507000,12000,61080000,384402059,1.13
04/08/2021,45400,235491000,5.2(2.16 %),46400,240595000,1000,5104000,384356659,1.14
05/08/2021,-21400,-116604000,5.46(6.02 %),4900,26675000,26300,143279000,384378059,1.14
06/08/2021,-261000,-1417776000,5.45(-0.18 %),500,2705000,261500,1420481000,384639059,1.11
09/08/2021,-22100,-119247000,5.4(-0.92 %),7900,42516000,30000,161763000,384661159,1.11
10/08/2021,-2000,-10719000,5.39(-0.19 %),6900,37260000,8900,47979000,384663159,1.11
11/08/2021,-245100,-1318073000,5.36(-0.56 %),79000,425942000,324100,1744015000,384908259,1.08
12/08/2021,-232700,-1237305000,5.25(-2.05 %),0,0,232700,1237305000,385140959,1.05
13/08/2021,-79000,-413328000,5.2(-0.95 %),2000,10464000,81000,423792000,385219959,1.05
16/08/2021,9000,49756000,5.16(-0.77 %),54900,287233000,45900,237477000,385210959,1.05
17/08/2021,49500,260420000,5.27(2.13 %),49700,261470000,200,1050000,385120959,1.06
18/08/2021,-106100,-556436000,5.25(-0.38 %),5300,27983000,111400,584419000,385317059,1.03
19/08/2021,-22100,-114721000,5.11(-2.67 %),0,0,22100,114721000,385339159,1.03
20/08/2021,-29600,-143048000,5.11(0.00 %),52200,264760000,81800,407808000,385368759,1.03
23/08/2021,-115800,-581853000,5(-2.15 %),9400,47104000,125200,628957000,385484559,1.02
24/08/2021,-65900,-331905000,5(0.00 %),0,0,65900,331905000,385550459,1.01
25/08/2021,-37000,-184727000,5(0.00 %),0,0,37000,184727000,385587459,1.01
26/08/2021,7000,35000000,5.02(0.40 %),7000,35000000,0,0,385580459,1.01
27/08/2021,71600,359216000,5.05(0.60 %),78900,395789000,7300,36573000,385508859,1.01
30/08/2021,78800,398148000,5.05(0.00 %),78800,398148000,0,0,385430059,1.02
31/08/2021,107300,545178000,5.1(0.99 %),112300,570678000,5000,25500000,385322759,1.03
01/09/2021,70600,362330000,5.13(0.59 %),70600,362330000,0,0,385195719,1.05
06/09/2021,119300,615680000,5.18(0.97 %),124300,641430000,5000,25750000,385076419,1.06
07/09/2021,-29100,-148841000,5.1(-1.54 %),0,0,29100,148841000,385105519,1.06
08/09/2021,-275000,-1379679000,5.04(-1.18 %),2400,12025000,277400,1391704000,385380519,1.03
09/09/2021,-128600,-640616000,5.07(0.60 %),5000,24800000,133600,665416000,385509119,1.01
10/09/2021,-100000,-499250000,4.98(-1.78 %),0,0,100000,499250000,385609119,1.0
13/09/2021,-10500,-52500000,5.1(2.41 %),0,0,10500,52500000,385619619,1.0
14/09/2021,-52700,-265262000,5.01(-1.76 %),0,0,52700,265262000,385672319,1.0
15/09/2021,-8700,-42854000,5.01(0.00 %),28100,141310000,36800,184164000,385681019,1.0
16/09/2021,-145900,-729659000,5(-0.20 %),20300,101507000,166200,831166000,385826919,0.98
17/09/2021,-20100,-101837000,5.15(3.00 %),1200,6228000,21300,108065000,385847019,0.98
20/09/2021,131400,687383000,5.2(0.97 %),131400,687383000,0,0,385715619,0.99
21/09/2021,-89400,-455377000,5.13(-1.35 %),79900,407253000,169300,862630000,385805019,0.98
22/09/2021,200600,1073944000,5.48(6.82 %),205500,1100796000,4900,26852000,385604419,1.0
23/09/2021,-147700,-807078000,5.24(-4.38 %),73000,383120000,220700,1190198000,385752119,0.99
24/09/2021,-21500,-112654000,5.24(0.00 %),5800,30740000,27300,143394000,385773619,0.99
27/09/2021,-232800,-1181058000,5.01(-4.39 %),0,0,232800,1181058000,386006419,0.96
28/09/2021,280400,1414168000,5.06(1.00 %),281600,1420144000,1200,5976000,385726019,0.99
29/09/2021,-70400,-357361000,5.07(0.20 %),10000,50700000,80400,408061000,385796419,0.98
30/09/2021,-45000,-228083000,5.06(-0.20 %),1500,7610000,46500,235693000,385841419,0.98
01/10/2021,-263300,-1329003000,5(-1.19 %),1857535,8749421850,2120835,10078424850,385718224,0.99
04/10/2021,23000,115734000,5(0.00 %),23300,117238000,300,1504000,385695224,0.99
05/10/2021,18800,94465000,5.01(0.20 %),38900,195565000,20100,101100000,385676424,1.0
06/10/2021,-20900,-105399000,5.03(0.40 %),800,4045000,21700,109444000,385697324,0.0
07/10/2021,221800,1118874000,5.04(0.20 %),255300,1288315000,33500,169441000,385475524,0.0
08/10/2021,39600,200892000,5.09(0.99 %),133200,679774000,93600,478882000,385435924,0.0
11/10/2021,-20800,0,5.04(-0.98 %),1000,0,21800,0,385456724,0.0
12/10/2021,10500,52700000,5.02(-0.40 %),13000,65320000,2500,12620000,385446224,0.0
13/10/2021,8600,43258000,5.04(0.40 %),8600,43258000,0,0,385437624,0.0
14/10/2021,260500,1341644000,5.2(3.17 %),260500,1341644000,0,0,385177124,0.0
15/10/2021,-88600,-455879000,5.1(-1.92 %),10300,53241000,98900,509120000,385265724,0.0
18/10/2021,-128600,-654648000,5.07(-0.59 %),10600,54109000,139200,708757000,385394324,0.0
19/10/2021,-95500,-482508000,5.04(-0.59 %),1500,7600000,97000,490108000,385489824,0.0
20/10/2021,-106200,-534572000,5.04(0.00 %),600,3032000,106800,537604000,385596024,0.0
21/10/2021,103200,525270000,5.08(0.79 %),120200,611836000,17000,86566000,385386624,0.0
22/10/2021,-147900,-749534000,5.05(-0.59 %),4000,20280000,151900,769814000,385534524,0.0
25/10/2021,167700,846905000,5.05(0.00 %),167700,846905000,0,0,385366824,0.0
26/10/2021,12200,60418000,5.03(-0.40 %),144400,728228000,132200,667810000,385354624,0.0
27/10/2021,442200,2231249000,5.04(0.20 %),442500,2232763000,300,1514000,384912424,0.0
28/10/2021,190400,989702000,5.16(2.38 %),247600,1284022000,57200,294320000,384722024,1.1
29/10/2021,-50600,-261103000,5.15(-0.19 %),52700,272457000,103300,533560000,384772624,1.09
01/11/2021,351300,1930523000,5.51(6.99 %),389400,2137387000,38100,206864000,385109859,1.06
02/11/2021,-88300,-485548000,5.56(0.91 %),172100,972490000,260400,1458038000,385198159,1.05
03/11/2021,0,0,5.36(-3.60 %),0,0,0,0,385198159,1.05
04/11/2021,0,0,5.37(0.19 %),0,0,0,0,385198159,1.05
05/11/2021,660000,3731111000,5.74(6.89 %),668200,3776797000,8200,45686000,384538159,0.0
08/11/2021,122600,752254000,6.14(6.97 %),166000,1018730000,43400,266476000,385075559,1.06
09/11/2021,-45100,-278777000,6.56(6.84 %),291000,1891132000,336100,2169909000,385120659,1.06
10/11/2021,476800,3204096000,6.7(2.13 %),543200,3650304000,66400,446208000,384643859,0.0
11/11/2021,696400,4826325000,7.13(6.42 %),767000,5308526000,70600,482201000,384424259,1.13
12/11/2021,502400,3575465000,7.62(6.87 %),513200,3656504000,10800,81039000,383921859,1.19
15/11/2021,-543400,-4362243000,8.15(6.96 %),22500,178929000,565900,4541172000,384465259,1.13
16/11/2021,-311200,-2540648000,8.28(1.60 %),95200,781143000,406400,3321791000,384776459,1.09
17/11/2021,-367600,-2979555000,8.2(-0.97 %),24200,197775000,391800,3177330000,385144059,1.05
18/11/2021,575200,4844965000,8.61(5.00 %),717000,6024639000,141800,1179674000,384568859,1.12
19/11/2021,-1490600,-12392699000,8.01(-6.97 %),224500,1965250000,1715100,14357949000,386059459,0.95
22/11/2021,25400,252717000,7.45(-6.99 %),409500,3185852000,384100,2933135000,386034059,0.96
23/11/2021,808400,5699525000,7.15(-4.03 %),916100,6453238000,107700,753713000,385225659,1.04
24/11/2021,-89300,-592217000,7.06(-1.26 %),186600,1397857000,275900,1990074000,385314959,1.04
25/11/2021,158800,1090232000,7.5(6.23 %),484300,3412001000,325500,2321769000,385156159,1.05
26/11/2021,-1784500,-13313086000,7.2(-4.00 %),9100,67398000,1793600,13380484000,386940659,0.0
29/11/2021,0,0,7.69(6.81 %),0,0,0,0,386940659,0.86
30/11/2021,-120100,-986658000,8.23(6.88 %),4100,33743000,124200,1020401000,387060759,0.85
01/12/2021,1149800,9989204000,8.7(5.71 %),1524600,13201680000,374800,3212476000,385405211,1.03
02/12/2021,41700,377366000,8.8(1.15 %),350300,3147447000,308600,2770081000,385363511,1.03
03/12/2021,-152800,-1299887000,8.8(0.00 %),113300,994165000,266100,2294052000,385516311,1.01
06/12/2021,-449400,-3871081000,8.63(-1.93 %),539800,4794127000,989200,8665208000,385965711,0.97
07/12/2021,437300,3844420000,9.23(6.95 %),474600,4181854000,37300,337434000,385528411,1.01
08/12/2021,-44800,-444190000,9.87(6.93 %),150400,1482434000,195200,1926624000,385573211,1.01
09/12/2021,597800,6042575000,10.2(3.34 %),953000,9722015000,355200,3679440000,384975411,0.0
10/12/2021,-139100,-1393265000,10.55(3.43 %),260400,2656365000,399500,4049630000,385114511,1.06
13/12/2021,-51100,-572060000,11.25(6.64 %),24700,275510000,75800,847570000,385165611,1.05
14/12/2021,-865400,-9988695000,12(6.67 %),107200,1280565000,972600,11269260000,386031011,0.0
15/12/2021,-1447300,-17615530000,12.2(1.67 %),129500,1583355000,1576800,19198885000,387478311,0.0
16/12/2021,80100,1045890000,13.05(6.97 %),223500,2801335000,143400,1755445000,387398211,0.0
17/12/2021,-258600,-3497365000,12.15(-6.90 %),23700,311195000,282300,3808560000,387656811,0.0
20/12/2021,566000,6835875000,12.75(4.94 %),654200,7898065000,88200,1062190000,387090811,0.0
21/12/2021,-136100,-1767270000,13.6(6.67 %),3800,49450000,139900,1816720000,387226911,0.0
22/12/2021,-70500,-995020000,14.5(6.62 %),42700,607760000,113200,1602780000,387297411,0.0
23/12/2021,-635100,-9118765800,14.9(2.76 %),21500,308697000,656600,9427462800,387932511,0.0
24/12/2021,24000,352272000,14.2(-4.70 %),36800,540150400,12800,187878400,387273411,0.0
27/12/2021,48900,664645000,14.5(2.11 %),126600,1784495000,77700,1119850000,386745450,0.88
28/12/2021,13000,184010000,13.55(-6.55 %),31400,445550000,18400,261540000,386732450,0.0
29/12/2021,32400,458980000,14.45(6.25 %),93800,1306520000,61400,847540000,386710750,0.88
30/12/2021,81300,1244635000,14.25(-1.72 %),200500,3000530000,119200,1755895000,386528650,0.9
31/12/2021,38500,525250000,13.3(-6.99 %),68900,940845000,30400,415595000,386521148,0.91
04/01/2022,503700,6670570000,13(-2.26 %),545700,7224475000,42000,553905000,386094648,0.95
05/01/2022,894500,12075020000,13.9(6.92 %),915300,12347890000,20800,272870000,385209761,1.05
06/01/2022,-309000,-4338920000,14.2(2.16 %),93600,1351110000,402600,5690030000,385158161,1.05
07/01/2022,-363700,-5170525000,14.3(0.70 %),16500,237065000,380200,5407590000,385162461,1.05
10/01/2022,956900,9340786000,15.3(6.99 %),1008900,10110631000,52000,769845000,384556161,1.12
11/01/2022,-965600,-15179545000,15.25(-0.33 %),71400,1125460000,1037000,16305005000,384864961,1.08
12/01/2022,-92100,-1270575000,14.85(-2.94 %),102100,1567625000,194200,2838200000,384814861,1.09
13/01/2022,-705400,-9885985000,14(-6.04 %),100500,1490195000,805900,11376180000,385751361,0.99
14/01/2022,439100,6015335000,14.95(6.79 %),462200,6338245000,23100,322910000,385483361,1.02
17/01/2022,555600,8660880000,15.65(4.68 %),605000,9448350000,49400,787470000,385684261,1.0
18/01/2022,897000,14001185000,14.9(-4.79 %),1141200,17738840000,244200,3737655000,384566161,1.12
19/01/2022,-665400,-9744085000,14.3(-4.03 %),9300,136370000,674700,9880455000,384606261,1.11
20/01/2022,-536600,-7401710000,13.85(-0.36 %),4100,54490000,540700,7456200000,384846361,1.09
21/01/2022,-981500,-13453725000,13.65(1.87 %),10100,138530000,991600,13592255000,385510961,1.01
24/01/2022,-162400,-2109560000,12.7(-7.30 %),22300,297215000,184700,2406775000,386029317,0.96
25/01/2022,1211900,14697830000,11.85(-6.69 %),1213000,14710915000,1100,13085000,385807907,0.98
26/01/2022,378300,4420256000,12.65(6.30 %),465700,5447730400,87400,1027474400,385526907,1.01
27/01/2022,-167900,-2147995000,12.65(-0.39 %),2000,25300000,169900,2173295000,385526007,1.01
28/01/2022,-629500,-7576375000,11.8(-7.09 %),9700,114605000,639200,7690980000,385603707,1.0
07/02/2022,28300,343060000,11.8(0.00 %),45400,554550000,17100,211490000,385728207,0.99
08/02/2022,330000,3985980000,12.2(3.39 %),339700,4102820000,9700,116840000,386027707,0.96
09/02/2022,439800,5342560000,12.45(2.05 %),439800,5342560000,0,0,385605008,1.0
10/02/2022,-99700,-1257940000,12.65(1.20 %),34500,440065000,134200,1698005000,385580208,1.01
11/02/2022,-757900,-9577170000,12.4(-2.36 %),14100,177460000,772000,9754630000,385566108,1.01
14/02/2022,23800,274900000,11.55(-6.85 %),23800,274900000,0,0,385676508,1.0
15/02/2022,34000,365750000,11.65(0.43 %),56900,636800000,22900,271050000,386391598,0.92
16/02/2022,-178500,-2021805000,11.1(-5.13 %),36000,406280000,214500,2428085000,386355598,0.92
17/02/2022,460700,5061640000,11.15(0.45 %),472600,5193090000,11900,131450000,385905898,0.97
18/02/2022,-53200,-601235000,11(-1.79 %),86800,950745000,140000,1551980000,386033598,0.96
21/02/2022,174000,1969655000,11.3(2.73 %),220300,2478040000,46300,508385000,385825198,0.98
22/02/2022,-167600,-1911735000,11.5(1.77 %),13900,157230000,181500,2068965000,385951298,0.97
23/02/2022,-645300,-7346425000,11.25(-2.17 %),3000,34150000,648300,7380575000,385994598,0.96
24/02/2022,-332900,-3552255000,10.5(-7.08 %),28700,303390000,361600,3855645000,386147398,0.95
25/02/2022,257200,2652910000,10.2(-2.86 %),288800,2981155000,31600,328245000,386506898,0.91
28/02/2022,43300,451540000,10.25(0.49 %),79100,822000000,35800,370460000,386789398,0.88
01/03/2022,40700,431665000,10.95(6.31 %),43800,465160000,3100,33495000,386777198,0.88
02/03/2022,-277100,-3173590000,11.25(2.27 %),19500,222845000,296600,3396435000,386793498,0.88
03/03/2022,-15700,-176030000,11.15(-1.33 %),21100,237145000,36800,413175000,386775498,0.88
04/03/2022,45400,528045000,11.9(6.25 %),59900,691365000,14500,163320000,387012198,0.85
07/03/2022,-66500,-819630000,12.5(5.04 %),29000,351175000,95500,1170805000,387019998,0.85
08/03/2022,189100,2306965000,11.7(-6.40 %),194100,2366465000,5000,59500000,386840398,0.87
09/03/2022,86800,976060000,11.95(2.14 %),144300,1623960000,57500,647900000,386791598,0.88
10/03/2022,68900,853625000,12.15(1.25 %),91400,1129250000,22500,275625000,386705198,0.89
11/03/2022,150300,1877345000,12.4(1.64 %),179300,2229975000,29000,352630000,386583398,0.9
14/03/2022,-173200,-2114275000,11.7(-5.65 %),5900,69115000,179100,2183390000,386599998,0.9
15/03/2022,-37200,-434695000,11.75(0.43 %),43100,512440000,80300,947135000,386585898,0.9
16/03/2022,-116100,-1363155000,11.5(-2.54 %),23900,282050000,140000,1645205000,386741098,0.88
17/03/2022,6400,75180000,12.1(5.22 %),18400,213680000,12000,138500000,386802998,0.87
18/03/2022,7900,100560000,11.95(-1.24 %),54400,665875000,46500,565315000,386888598,0.87
21/03/2022,217500,2685855000,12.3(2.50 %),221800,2738745000,4300,52890000,386678798,0.89
22/03/2022,10500,117825000,13.15(6.91 %),31400,390745000,20900,272920000,386693898,0.89
23/03/2022,39000,514160000,13.15(-0.38 %),60500,800145000,21500,285985000,386637698,0.89
24/03/2022,189100,2499030000,13.35(1.14 %),189900,2509550000,800,10520000,386468698,0.91
25/03/2022,-183700,-2443875000,13.15(-1.87 %),48700,647525000,232400,3091400000,386441498,0.91
28/03/2022,152300,1962335000,13.3(0.76 %),176800,2287185000,24500,324850000,386265498,0.93
29/03/2022,-197500,-2630090000,13.4(0.75 %),28700,381760000,226200,3011850000,386469198,0.91
30/03/2022,-37700,-517405000,13.65(1.87 %),400,5500000,38100,522905000,386493298,0.91
31/03/2022,-73500,-998760000,13.1(-4.38 %),0,0,73500,998760000,386719498,0.88
01/04/2022,56600,767650000,13.15(0.38 %),106400,1412620000,49800,644970000,386651198,0.89
04/04/2022,40900,548890000,13.35(1.14 %),43600,585270000,2700,36380000,386681098,0.89
05/04/2022,12600,168210000,13.2(-1.49 %),12600,168210000,0,0,386718299,0.88
06/04/2022,25100,332920000,13.25(0.38 %),100500,1331650000,75400,998730000,386620499,0.89
07/04/2022,-31000,-410825000,13.3(0.00 %),2400,31745000,33400,442570000,386651499,0.0
08/04/2022,-9400,-120645000,12.4(-6.77 %),8300,103765000,17700,224410000,386685119,0.89
12/04/2022,28100,332350000,11.55(-6.85 %),70100,854495000,42000,522145000,386657019,0.0
13/04/2022,16700,179800000,12.15(4.74 %),31500,357400000,14800,177600000,386648419,0.89
14/04/2022,-4800,-58170000,11.3(-7.38 %),0,0,4800,58170000,386676619,0.89
15/04/2022,335400,4029640000,12.05(6.64 %),353500,4247745000,18100,218105000,386337919,0.92
18/04/2022,85300,1026425000,11.6(-4.13 %),106100,1266985000,20800,240560000,386236619,0.94
19/04/2022,20800,225440000,10.85(-6.47 %),35500,394725000,14700,169285000,386219219,0.94
20/04/2022,206800,2155080000,10.1(-6.91 %),219200,2289410000,12400,134330000,386134419,0.0
21/04/2022,1206700,11743345000,10.1(0.00 %),1209300,11768095000,2600,24750000,384825570,1.09
22/04/2022,-410900,-4254100000,9.8(-2.97 %),48700,496605000,459600,4750705000,384789270,1.09
25/04/2022,-500000,-4722427000,9.12(-6.94 %),29600,290735000,529600,5013162000,384762270,1.09
26/04/2022,1483400,13428886000,9.74(7.03 %),1552000,14073782000,68600,644896000,383669870,1.21
27/04/2022,-1249200,-12457783000,10.2(5.15 %),2800,27548000,1252000,12485331000,384196674,1.16
28/04/2022,63200,639780000,10.05(-1.47 %),82900,843155000,19700,203375000,384182374,1.16
29/04/2022,-114700,-1168210000,10.2(0.99 %),10300,104550000,125000,1272760000,385424074,1.02
04/05/2022,-515400,-5187854000,9.92(-2.75 %),64100,643472000,579500,5831326000,385379674,1.03
05/05/2022,-134500,-1342960000,9.99(0.91 %),232300,2268242000,366800,3611202000,385514174,0.0
06/05/2022,-31500,-296100000,9.4(-6.00 %),113800,1069720000,145300,1365820000,445281517,0.99
09/05/2022,-155700,-1362375000,8.75(-6.91 %),112800,987000000,268500,2349375000,445535517,0.96
10/05/2022,529800,4799988000,9.06(2.95 %),645500,5848230000,115700,1048242000,445035317,1.02
11/05/2022,-106200,-960406000,8.96(-1.10 %),123600,1108463000,229800,2068869000,445141517,0.0
12/05/2022,18700,160460000,8.34(-6.92 %),112400,978662000,93700,818202000,445122817,0.0
13/05/2022,142300,1143305000,7.76(-6.95 %),320300,2554490000,178000,1411185000,445093022,1.01
16/05/2022,75000,603750000,8.05(3.21 %),125400,1009470000,50400,405720000,445061322,1.01
17/05/2022,360800,3106488000,8.61(6.30 %),395800,3407838000,35000,301350000,444843522,1.04
18/05/2022,-113800,-1024200000,9(4.65 %),48300,434700000,162100,1458900000,444845622,1.04
19/05/2022,67200,606816000,9.03(0.33 %),146100,1319283000,78900,712467000,444734522,1.05
20/05/2022,323400,2907366000,8.99(-0.11 %),445400,4004146000,122000,1096780000,444451222,1.08
23/05/2022,-78300,-689823000,8.81(-2.11 %),269300,2372533000,347600,3062356000,444260822,1.1
24/05/2022,-176000,-1534720000,8.72(-0.91 %),15600,136032000,191600,1670752000,444367222,1.09
25/05/2022,557000,5180100000,9.3(6.90 %),643800,5987340000,86800,807240000,444071022,1.12
26/05/2022,-640000,-5811200000,9.08(-2.37 %),5800,52664000,645800,5863864000,444256822,1.1
27/05/2022,239000,2248990000,9.41(3.41 %),268800,2529408000,29800,280418000,444074822,1.12
30/05/2022,-20700,-193752000,9.36(-0.43 %),94000,879840000,114700,1073592000,444626622,1.06
31/05/2022,-222700,-2053294000,9.22(-1.91 %),47100,434262000,269800,2487556000,444609322,1.06
01/06/2022,152900,1414325000,9.25(0.54 %),290400,2686200000,137500,1271875000,444433622,1.08
02/06/2022,-173600,-1545040000,8.9(-4.30 %),68100,606090000,241700,2151130000,444635322,1.06
03/06/2022,17200,149984000,8.72(-2.02 %),149300,1301896000,132100,1151912000,444623522,1.06
06/06/2022,78300,688308000,8.5(-2.30 %),128400,1123590000,50100,435282000,444736822,1.05
07/06/2022,-401300,-3390985000,8.45(-0.59 %),93900,793455000,495200,4184440000,444775022,1.04
08/06/2022,456600,3995250000,8.75(2.94 %),468000,4095000000,11400,99750000,444357122,1.09
09/06/2022,-160500,-1373880000,8.56(-2.73 %),8500,72760000,169000,1446640000,444843822,1.04
10/06/2022,-288100,-2359539000,8.19(-4.77 %),32600,266994000,320700,2626533000,444822631,1.04
13/06/2022,-496900,-3786378000,7.62(-7.07 %),26900,204978000,523800,3991356000,444964731,1.02
14/06/2022,-318200,-2491506000,7.83(3.03 %),15100,118233000,333300,2609739000,445270331,0.99
15/06/2022,-89200,-673460000,7.55(-3.21 %),55000,415250000,144200,1088710000,445739131,0.94
16/06/2022,14600,109500000,7.5(-1.32 %),37900,284250000,23300,174750000,446034531,0.91
17/06/2022,47800,333644000,6.98(-6.93 %),52900,369242000,5100,35598000,446125831,0.9
20/06/2022,24600,132815000,7.2(2.86 %),170700,1190581000,146100,1057766000,445978431,0.91
21/06/2022,29000,223300000,7.7(6.94 %),120300,926310000,91300,703010000,445863231,0.93
22/06/2022,-65600,-524800000,8(3.90 %),200,1600000,65800,526400000,446009131,0.91
23/06/2022,-156000,-1285440000,8.24(3.00 %),49600,408704000,205600,1694144000,446050831,0.91
24/06/2022,-41300,-333704000,8.08(-1.46 %),88700,716696000,130000,1050400000,446027931,0.91
27/06/2022,213900,1809390000,8.64(6.67 %),247500,2092710000,33600,283320000,445986036,0.91
28/06/2022,-20000,-172800000,8.64(0.47 %),3900,33696000,23900,206496000,446112136,0.9
29/06/2022,-60700,-530274000,8.6(0.00 %),13000,111030000,73700,641304000,446132736,0.9
30/06/2022,-172700,-1436864000,8.32(-3.26 %),54400,452608000,227100,1889472000,446102236,0.9
01/07/2022,198200,1763980000,8.9(7.23 %),308300,2743870000,110100,979890000,445867636,0.93
04/07/2022,208800,1987579000,9.52(6.97 %),245900,2340273000,37100,352694000,445906936,0.92
05/07/2022,-43000,-405060000,9.42(-0.84 %),28300,266586000,71300,671646000,445930636,0.92
06/07/2022,434300,4190995000,9.65(2.66 %),459900,4438035000,25600,247040000,445507836,0.97
07/07/2022,-333700,-3236890000,9.7(0.00 %),7400,71780000,341100,3308670000,445571736,0.96
08/07/2022,-106200,172200000,9.62(-0.82 %),123600,357725000,229800,185525000,445677936,0.95
11/07/2022,16800,172200000,10.25(6.77 %),34900,357725000,18100,185525000,445895836,0.92
12/07/2022,-419900,-4408950000,10.5(1.94 %),20700,217350000,440600,4626300000,445913136,0.92
13/07/2022,13100,144100000,11(4.76 %),13200,145200000,100,1100000,445918026,0.92
14/07/2022,37600,409840000,10.9(-0.91 %),42500,463250000,4900,53410000,446316126,0.88
15/07/2022,-8900,-98345000,11.05(1.38 %),0,0,8900,98345000,446316226,0.88
18/07/2022,-94800,-1109160000,11.7(5.41 %),9100,106470000,103900,1215630000,446312026,0.88
19/07/2022,-94800,-1104420000,11.65(-0.43 %),12000,139800000,106800,1244220000,446308926,0.88
20/07/2022,30500,330925000,10.85(-7.26 %),47500,515375000,17000,184450000,446365326,0.87
21/07/2022,14500,160950000,11.1(1.83 %),25300,280830000,10800,119880000,446446826,0.86
22/07/2022,-156000,-23870000,10.85(-2.25 %),49600,96565000,205600,120435000,446454926,0.86
25/07/2022,176500,2012100000,11.4(4.59 %),186500,2126100000,10000,114000000,446279226,0.88
26/07/2022,134600,1480600000,11(-3.51 %),138400,1522400000,3800,41800000,446151926,0.9
27/07/2022,215600,2436280000,11.3(2.73 %),227600,2571880000,12000,135600000,445934326,0.92
28/07/2022,-171500,-1886500000,11(-2.65 %),3300,36300000,174800,1922800000,445934826,0.92
29/07/2022,-19800,-220770000,11.15(1.36 %),1200,13380000,21000,234150000,445945626,0.92
01/08/2022,-107500,-1220125000,11.35(1.34 %),31500,357525000,139000,1577650000,446088926,0.9
02/08/2022,83400,1009140000,12.1(6.14 %),196200,2374020000,112800,1364880000,445913726,0.92
03/08/2022,-44500,-547350000,12.3(1.65 %),30900,380070000,75400,927420000,446021826,0.91
04/08/2022,63900,789165000,12.35(0.41 %),81100,1001585000,17200,212420000,446053526,0.91
05/08/2022,-107100,-1333395000,12.45(0.40 %),94800,1180260000,201900,2513655000,446034126,0.91
08/08/2022,2500,29625000,11.85(-5.20 %),94500,1119825000,92000,1090200000,445956826,0.92
09/08/2022,1900,22895000,12.05(1.26 %),138400,1667720000,136500,1644825000,446020326,0.91
10/08/2022,14600,170820000,11.7(-3.31 %),34600,404820000,20000,234000000,446077726,0.9
11/08/2022,205000,2501000000,12.2(4.27 %),207800,2535160000,2800,34160000,446006426,0.91
12/08/2022,-139600,-1668220000,11.95(-2.05 %),115700,1382615000,255300,3050835000,445910726,0.92
15/08/2022,-58200,-718770000,12.35(2.92 %),196700,2429245000,254900,3148015000,445716826,0.94
16/08/2022,-129400,-1591620000,12.3(-0.81 %),68600,843780000,198000,2435400000,445903585,0.92
17/08/2022,-1200,-14280000,11.9(-3.25 %),10900,129710000,12100,143990000,446147535,0.9
18/08/2022,-24100,-280765000,11.65(-2.10 %),500,5825000,24600,286590000,446345035,0.87
19/08/2022,-18100,-210865000,11.65(-0.43 %),4200,48930000,22300,259795000,446352935,0.87
22/08/2022,245400,3042960000,12.4(5.98 %),262200,3251280000,16800,208320000,446115335,0.9
23/08/2022,117900,1456065000,12.35(-0.40 %),118500,1463475000,600,7410000,446019135,0.91
24/08/2022,341200,4316180000,12.65(2.02 %),344900,4362985000,3700,46805000,445691035,0.95
25/08/2022,83100,1047060000,12.6(-0.79 %),83100,1047060000,0,0,445608617,0.95
26/08/2022,23100,294525000,12.75(1.19 %),92500,1179375000,69400,884850000,445519817,0.96
29/08/2022,-292000,-3810600000,13.05(1.95 %),500,6525000,292500,3817125000,445519317,0.96
30/08/2022,-2200,-28490000,12.95(-1.15 %),800,10360000,3000,38850000,445587917,0.96
31/08/2022,152700,1977465000,12.95(-0.38 %),155600,2015020000,2900,37555000,445724817,0.94
05/09/2022,67900,879305000,12.95(-0.38 %),77600,1004920000,9700,125615000,445650217,0.95
06/09/2022,900,11205000,12.45(-4.23 %),4500,56025000,3600,44820000,445648617,0.95
07/09/2022,2500,30875000,12.35(-1.20 %),7700,95095000,5200,64220000,445650617,0.95
08/09/2022,-46600,-554540000,11.9(-4.03 %),5400,64260000,52000,618800000,445648817,0.95
09/09/2022,47700,591480000,12.4(4.20 %),68100,844440000,20400,252960000,445585917,0.96
12/09/2022,922420,591480000,12.8(3.23 %),938000,844440000,15580,252960000,444699917,1.05
13/09/2022,904029,4296140800,12.85(0.39 %),939100,4431360000,35071,135219200,443781217,1.15
14/09/2022,564352,4296140800,13.7(6.20 %),573100,4431360000,8748,135219200,443223697,1.21
15/09/2022,7300,7731622400,13.6(-0.73 %),66500,7851470000,59200,119847600,0,1.21
16/09/2022,2733295,37172812000,13.6(0.00 %),4559300,62006480000,1826005,24833668000,438641716,1.71
19/09/2022,-647200,-8963720000,13.85(1.84 %),63100,873935000,710300,9837655000,439288916,1.64
20/09/2022,52710,730033500,13.85(-0.36 %),160900,2228465000,108190,1498431500,440302921,1.53
21/09/2022,83686,1142313900,13.65(-1.80 %),88200,1203930000,4514,61616100,440925021,1.46
22/09/2022,-38100,-527685000,13.85(1.09 %),142300,1970855000,180400,2498540000,440890911,1.46
23/09/2022,334800,4653720000,13.9(0.00 %),410600,5707340000,75800,1053620000,440484825,1.51
26/09/2022,84000,1150800000,13.7(-1.44 %),176600,2419420000,92600,1268620000,440488625,1.51
27/09/2022,-99200,-1334240000,13.45(-1.82 %),33200,446540000,132400,1780780000,440531225,1.5
28/09/2022,-766400,-9618320000,12.55(-7.04 %),105400,1322770000,871800,10941090000,440518425,1.5
29/09/2022,-67400,-835760000,12.4(-1.59 %),20800,257920000,88200,1093680000,440630025,1.49
30/09/2022,27000,357750000,13.25(6.85 %),34500,457125000,7500,99375000,441467325,1.4
03/10/2022,90700,1120145000,12.35(-7.14 %),90800,1121380000,100,1235000,441464725,1.4
04/10/2022,56900,671420000,11.8(-4.84 %),86900,1025420000,30000,354000000,441385325,1.41
05/10/2022,-16200,-200880000,12.4(5.08 %),23500,291400000,39700,492280000,441361925,1.41
06/10/2022,33900,391545000,11.55(-6.85 %),33900,391545000,0,0,441358025,1.41
07/10/2022,115996,1246957000,10.75(-7.33 %),116004,1247043000,8,86000,441281721,1.42
10/10/2022,551900,6126090000,11.1(2.78 %),561900,6237090000,10000,111000000,440719821,1.48
11/10/2022,-123329,-1276455150,10.35(-6.76 %),25,258750,123354,1276713900,440719804,1.48
12/10/2022,-159200,-1533096000,9.63(-7.40 %),32300,311049000,191500,1844145000,440697504,1.48
13/10/2022,28496,282110400,9.9(3.12 %),336596,3332300400,308100,3050190000,440484262,1.51
14/10/2022,-381050,-3829552500,10.05(1.52 %),10550,106027500,391600,3935580000,440665212,1.49
17/10/2022,265496,2511592160,9.46(-6.34 %),267400,2529604000,1904,18011840,440705912,1.48
18/10/2022,508100,4969218000,9.78(2.95 %),559300,5469954000,51200,500736000,440538212,1.5
19/10/2022,-53000,-465404000,9.54(-2.65 %),195100,1914664000,248100,2380068000,440591212,0.0
20/10/2022,107200,984269000,9.05(-4.74 %),234500,2143813000,127300,1159544000,440237816,0.0
21/10/2022,689100,6024236000,8.5(-6.59 %),816600,7177262000,127500,1153026000,439472616,0.0
24/10/2022,2288000,19848518000,8.83(3.88 %),2309500,20038820000,21500,190302000,437305216,0.0
25/10/2022,180400,1637947000,9.03(2.61 %),364500,3250427000,184100,1612480000,437124816,0.0
26/10/2022,-791700,-7047258000,8.7(-3.33 %),51000,447830000,842700,7495088000,438022316,0.0
27/10/2022,719400,6554654000,9.3(6.90 %),739400,6734854000,20000,180200000,436589216,1.93
28/10/2022,-694050,-6315855000,9.1(-2.15 %),79000,718900000,773050,7034755000,437352916,1.84
31/10/2022,-176000,-1524160000,8.66(-4.84 %),234300,2029038000,410300,3553198000,437138617,1.87
01/11/2022,125998,1103742480,8.76(0.69 %),191600,1678416000,65602,574673520,437720067,1.8
02/11/2022,299400,2691606000,8.99(2.16 %),362000,3254380000,62600,562774000,437768367,1.8
03/11/2022,-47920,-421696000,8.8(-2.22 %),23980,211024000,71900,632720000,437809989,1.8
04/11/2022,-478700,-3968423000,8.29(-5.80 %),53500,443515000,532200,4411938000,437819089,1.79
07/11/2022,324000,2498040000,7.71(-7.11 %),520800,4015368000,196800,1517328000,437370189,1.84
08/11/2022,1046600,8163480000,7.8(1.30 %),1051600,8202480000,5000,39000000,436850789,1.9
09/11/2022,-321800,-2542220000,7.9(1.28 %),30300,239370000,352100,2781590000,437017289,1.88
10/11/2022,-338400,-2487240000,7.35(-6.96 %),53600,393960000,392000,2881200000,436968689,1.89
11/11/2022,-84800,-580032000,6.84(-7.57 %),46300,316692000,131100,896724000,437274489,1.85
14/11/2022,1379300,8786141000,6.37(-6.32 %),1397800,8903986000,18500,117845000,436268689,1.96
15/11/2022,1257310,7455848300,5.93(-7.34 %),1266710,7511590300,9400,55742000,435133079,2.08
16/11/2022,818400,5188656000,6.34(7.46 %),853400,5410556000,35000,221900000,434298179,2.17
17/11/2022,0,5188656000,6.78(7.62 %),0,5410556000,0,221900000,434307579,2.17
18/11/2022,551500,3998375000,7.25(6.62 %),664600,4818350000,113100,819975000,433677979,2.24
21/11/2022,-478900,-3711475000,7.75(6.16 %),40700,315425000,519600,4026900000,433637279,2.25
22/11/2022,-1135306,-8855386800,7.8(0.00 %),54300,423540000,1189606,9278926800,433696079,2.24
23/11/2022,-341460,-2509731000,7.35(-5.77 %),162840,1196874000,504300,3706605000,434052839,2.2
24/11/2022,-53300,-418938000,7.86(6.94 %),50000,393000000,103300,811938000,435192445,2.08
25/11/2022,-608900,-5120849000,8.41(6.46 %),7200,60552000,616100,5181401000,435689545,2.02
28/11/2022,-970701,-8697480960,8.96(6.67 %),62600,560896000,1033301,9258376960,436660246,1.92
29/11/2022,-809300,-7218956000,8.92(-0.89 %),106700,951764000,916000,8170720000,437469546,1.83
30/11/2022,-632501,-5724134050,9.05(1.69 %),147400,1333970000,779901,7058104050,438102047,1.76
01/12/2022,-784900,-6914969000,8.81(-3.19 %),53000,466930000,837900,7381899000,437072546,1.87
02/12/2022,364500,3320595000,9.11(3.52 %),462900,4217019000,98400,896424000,436708046,1.91
05/12/2022,-66102,-588307800,8.9(-2.20 %),109000,970100000,175102,1558407800,436774148,1.91
06/12/2022,58300,555016000,9.52(6.97 %),64500,614040000,6200,59024000,436715848,0.0
07/12/2022,-368800,-3385584000,9.18(-3.37 %),114000,1046520000,482800,4432104000,437084648,0.0
08/12/2022,38300,352360000,9.2(0.00 %),38300,352360000,0,0,439097349,1.66
09/12/2022,136900,1288229000,9.41(2.28 %),153100,1440671000,16200,152442000,439427049,1.62
12/12/2022,115185,1037816850,9.01(-4.15 %),182000,1639820000,66815,602003150,436794263,1.9
13/12/2022,4400,41360000,9.4(4.44 %),75600,710640000,71200,669280000,436789863,1.91
14/12/2022,2395,22153750,9.25(-1.60 %),2400,22200000,5,46250,436787468,1.91
15/12/2022,143800,1312894000,9.13(-1.83 %),144200,1316546000,400,3652000,436643668,0.0
16/12/2022,1891394,17495394500,9.25(1.65 %),1975200,18270600000,83806,775205500,434752274,0.0
19/12/2022,-38200,-341890000,8.95(-3.76 %),17100,153045000,55300,494935000,434790474,2.12
20/12/2022,60000,499800000,8.33(-7.44 %),135100,1125383000,75100,625583000,434730474,2.13
21/12/2022,-42350,-377338500,8.91(7.35 %),27100,241461000,69450,618799500,434772824,2.12
22/12/2022,113900,1013710000,8.9(0.00 %),114200,1016380000,300,2670000,434658924,2.14
23/12/2022,44800,386176000,8.62(-3.15 %),61100,526682000,16300,140506000,434614124,0.0
26/12/2022,-22140,-177784200,8.03(-6.63 %),1310,10519300,23450,188303500,434636264,2.14
27/12/2022,881402,7571243180,8.59(7.38 %),891500,7657985000,10098,86741820,433754862,2.23
28/12/2022,94000,808400000,8.6(0.00 %),96000,825600000,2000,17200000,433660862,0.0
29/12/2022,228400,2032760000,8.9(3.49 %),228400,2032760000,0,0,435964263,1.99
30/12/2022,-529900,-4853884000,9.16(2.92 %),95000,870200000,624900,5724084000,435871263,2.0
03/01/2023,-224010,-2125854900,9.49(3.15 %),23300,221117000,247310,2346971900,435847963,2.01
04/01/2023,-332927,-3003001540,9.02(-5.05 %),6600,59532000,339527,3062533540,436466263,1.94
05/01/2023,216500,2024275000,9.35(3.89 %),265700,2484295000,49200,460020000,436447873,1.94
06/01/2023,74400,695640000,9.35(-0.53 %),93600,875160000,19200,179520000,436693800,1.92
09/01/2023,112000,1019200000,9.1(-3.19 %),118700,1080170000,6700,60970000,436624300,1.92
10/01/2023,161380,1470171800,9.11(0.11 %),250200,2279322000,88820,809150200,436393300,1.95
11/01/2023,148720,1397968000,9.4(3.30 %),159820,1502308000,11100,104340000,436240180,1.96
12/01/2023,144502,1343868600,9.3(-1.06 %),147002,1367118600,2500,23250000,436181998,1.97
13/01/2023,74600,681844000,9.14(-1.72 %),118100,1079434000,43500,397590000,436074998,1.98
16/01/2023,-33700,-301615000,8.95(-1.65 %),7700,68915000,41400,370530000,436069798,1.98
17/01/2023,214192,1942721440,9.07(0.78 %),224300,2034401000,10108,91679560,435888998,2.0
18/01/2023,580000,5469400000,9.43(3.63 %),585300,5519379000,5300,49979000,435345098,2.06
19/01/2023,444293,4278541590,9.63(2.45 %),444300,4278609000,7,67410,434910906,2.11
27/01/2023,480700,4619527000,9.61(0.10 %),480700,4619527000,0,0,434435506,2.16
30/01/2023,65700,618237000,9.41(-1.98 %),92100,866661000,26400,248424000,434343413,2.17
31/01/2023,96298,916756960,9.52(1.28 %),154100,1467032000,57802,550275040,434189313,2.19
01/02/2023,-40265,-358761150,8.91(-6.21 %),116700,1039797000,156965,1398558150,434099013,2.2
02/02/2023,9200,78660000,8.55(-3.93 %),12400,106020000,3200,27360000,434144415,2.19
03/02/2023,69200,595812000,8.61(0.12 %),69200,595812000,0,0,434232180,2.18
06/02/2023,174700,1525131000,8.73(1.51 %),178100,1554813000,3400,29682000,434057280,2.2
07/02/2023,5684,48882400,8.6(-1.15 %),10000,86000000,4316,37117600,434047280,2.2
08/02/2023,20900,178695000,8.55(-0.58 %),26300,224865000,5400,46170000,434024380,2.2
09/02/2023,25700,219221000,8.53(-0.81 %),25700,219221000,0,0,434002996,2.21
10/02/2023,6100,50325000,8.25(-2.94 %),6200,51150000,100,825000,434002196,2.21
13/02/2023,14100,108288000,7.68(-7.47 %),35000,268800000,20900,160512000,433967196,2.21
14/02/2023,256700,1963755000,7.65(-0.65 %),277500,2122875000,20800,159120000,433689796,2.24
15/02/2023,44200,352716000,7.98(3.64 %),56100,447678000,11900,94962000,433654596,2.24
16/02/2023,-9500,-76000000,8(0.00 %),21900,175200000,31400,251200000,433653496,2.24
17/02/2023,221700,1764732000,7.96(-0.50 %),228900,1822044000,7200,57312000,433436496,2.27
20/02/2023,28800,239040000,8.3(3.75 %),143800,1193540000,115000,954500000,433324096,2.28
21/02/2023,204237,1674743400,8.2(-1.20 %),208300,1708060000,4063,33316600,433122996,2.3
22/02/2023,210700,1653995000,7.85(-4.27 %),215100,1688535000,4400,34540000,432978796,2.32
23/02/2023,-184470,-1461002400,7.92(0.25 %),4530,35877600,189000,1496880000,432978329,2.32
24/02/2023,197642,1539631180,7.79(-1.39 %),201700,1571243000,4058,31611820,432780687,2.34
27/02/2023,-128800,-953120000,7.4(-5.13 %),12000,88800000,140800,1041920000,432958029,2.32
28/02/2023,240720,1793364000,7.45(0.68 %),268610,2001144500,27890,207780500,432693477,2.35
01/03/2023,263320,2027564000,7.7(2.67 %),304920,2347884000,41600,320320000,432529357,2.36
02/03/2023,71450,544449000,7.62(-1.04 %),81050,617601000,9600,73152000,432476197,2.37
03/03/2023,-16570,-123446500,7.45(-1.97 %),23430,174553500,40000,298000000,432494367,2.37
06/03/2023,1698,12667080,7.46(-0.53 %),113700,848202000,112002,835534920,432390267,2.38
07/03/2023,181161,1353272670,7.47(-0.40 %),181700,1357299000,539,4026330,432248567,2.39
08/03/2023,135800,1025290000,7.55(0.67 %),145800,1100790000,10000,75500000,432214769,2.4
09/03/2023,-17800,-139018000,7.81(2.76 %),30000,234300000,47800,373318000,432185308,2.4
10/03/2023,-37900,-289556000,7.64(-2.05 %),25000,191000000,62900,480556000,432170308,2.4
13/03/2023,-237900,-1781871000,7.49(-1.45 %),74500,558005000,312400,2339876000,432408208,0.0
14/03/2023,-2307,-17025660,7.38(-1.60 %),6900,50922000,9207,67947660,432199608,2.4
15/03/2023,-1700,-12835000,7.55(2.03 %),25700,194035000,27400,206870000,432486308,2.37
16/03/2023,50200,370978000,7.39(-2.76 %),50200,370978000,0,0,432445315,2.37
17/03/2023,3940800,29950080000,7.6(2.70 %),3990000,30324000000,49200,373920000,428482715,2.8
20/03/2023,-76890,-563603700,7.33(-3.55 %),34410,252225300,111300,815829000,428448305,2.8
21/03/2023,-36300,1539631180,7.34(0.55 %),8300,1571243000,44600,31611820,428489205,2.8
22/03/2023,1500,11105000,7.34(0.55 %),3500,25865000,2000,14760000,428487705,0.0
23/03/2023,-18900,-137970000,7.26(-0.55 %),7100,51820000,26000,189790000,428506605,0.0
24/03/2023,-3700,-27088000,7.3(0.00 %),0,0,3700,27088000,428510305,0.0
27/03/2023,45300,333408000,7.36(0.82 %),47300,348128000,2000,14720000,428465005,0.0
28/03/2023,18690,139053600,7.44(0.54 %),34800,258912000,16110,119858400,428446315,0.0
29/03/2023,-800,-5912000,7.39(-0.14 %),0,0,800,5912000,428586095,2.79
30/03/2023,-46600,-342976000,7.36(-0.54 %),22900,168544000,69500,511520000,428579305,2.79
31/03/2023,5300,38849000,7.33(-0.95 %),10100,74033000,4800,35184000,428570005,2.79
03/04/2023,6636,49040040,7.39(1.23 %),50500,373195000,43864,324154960,428589005,2.79
04/04/2023,-59980,-458847000,7.65(3.38 %),82200,628830000,142180,1087677000,428511605,2.8
05/04/2023,-43300,-327348000,7.56(-1.82 %),16000,120960000,59300,448308000,428539469,2.79
06/04/2023,-9010,-68476000,7.6(0.00 %),12000,91200000,21010,159676000,428669649,2.78
07/04/2023,-135000,-1005750000,7.45(-1.97 %),2100,15645000,137100,1021395000,428726849,2.77
10/04/2023,-159200,-1209920000,7.6(1.33 %),10800,82080000,170000,1292000000,428737059,2.77
11/04/2023,-69000,-539580000,7.82(2.89 %),31300,244766000,100300,784346000,428842859,2.76
12/04/2023,-63700,-490490000,7.7(-1.28 %),5000,38500000,68700,528990000,429007859,2.74
13/04/2023,-9000,-69300000,7.7(0.00 %),10000,77000000,19000,146300000,429098159,2.73
14/04/2023,23400,180180000,7.7(0.00 %),25200,194040000,1800,13860000,429141659,2.73
17/04/2023,646380,5267997000,8.15(5.84 %),677800,5524070000,31420,256073000,428482859,2.8
18/04/2023,-31100,-247867000,7.97(-2.80 %),15000,119550000,46100,367417000,428469659,2.8
19/04/2023,10191,83056650,8.15(1.88 %),12000,97800000,1809,14743350,428489079,2.8
20/04/2023,-497700,-4039338000,8.07(-1.59 %),12800,103186000,510500,4142524000,428986779,2.75
21/04/2023,-206400,-1628496000,7.89(-2.59 %),100,789000,206500,1629285000,428524088,2.8
24/04/2023,-42200,-320720000,7.6(-3.80 %),59800,454480000,102000,775200000,428974788,2.75
25/04/2023,-162800,-1251932000,7.69(1.18 %),19600,150724000,182400,1402656000,429161688,2.73
26/04/2023,-291300,-2210967000,7.59(-1.43 %),6100,46299000,297400,2257266000,429257588,2.72
27/04/2023,-216600,-1637910000,7.5(-1.19 %),7000,52570000,223600,1690480000,429474188,2.69
28/04/2023,-26800,-207056000,7.62(1.60 %),33000,247580000,59800,454636000,429500988,2.69
04/05/2023,-19400,-148653000,7.54(-1.05 %),6000,45450000,25400,194103000,429697368,2.67
05/05/2023,-40000,-303369000,7.51(-0.40 %),0,0,40000,303369000,429974768,2.64
08/05/2023,64400,499550000,7.83(4.26 %),78200,604492000,13800,104942000,429921968,2.65
09/05/2023,-142400,-1106938000,7.78(-0.26 %),3700,28712000,146100,1135650000,429958268,2.64
10/05/2023,235900,1879350000,8.05(3.21 %),251100,1998596000,15200,119246000,429722368,2.67
11/05/2023,-79300,-630339000,7.95(-1.85 %),3100,24589000,82400,654928000,429863988,2.65
12/05/2023,45400,361449000,8.05(0.62 %),51100,406932000,5700,45483000,429828088,2.66
15/05/2023,-85100,-677433000,7.65(-4.97 %),25800,203629000,110900,881062000,429913188,2.65
16/05/2023,-23300,-183719000,7.8(1.96 %),6000,46200000,29300,229919000,429936488,2.64
17/05/2023,25500,199650000,7.7(-1.28 %),25800,202050000,300,2400000,429910988,2.65
18/05/2023,-54800,-419996000,7.64(-0.78 %),6000,45600000,60800,465596000,429965788,2.64
19/05/2023,-39700,-304496000,7.7(0.79 %),0,0,39700,304496000,430005488,2.64
22/05/2023,-1100,-8738000,7.78(1.04 %),1900,14782000,3000,23520000,430006588,2.64
23/05/2023,5000,38496000,7.83(0.64 %),10600,82624000,5600,44128000,430001588,2.64
24/05/2023,-1700,-13335000,7.73(-1.28 %),400,3120000,2100,16455000,430003288,2.64
25/05/2023,-100,-769000,7.67(-0.78 %),0,0,100,769000,430003388,2.64
26/05/2023,0,0,7.77(1.30 %),0,0,0,0,430003388,2.64
29/05/2023,224900,1810777000,8.05(3.60 %),265900,2140646000,41000,329869000,429778488,2.66
30/05/2023,-97500,-778054000,7.99(-0.75 %),56800,456264000,154300,1234318000,429875988,2.65
31/05/2023,83300,682420000,8.18(2.38 %),104500,855526000,21200,173106000,429792688,2.66
01/06/2023,-181900,-1477970000,8.12(-0.73 %),12000,97460000,193900,1575430000,429705470,2.67
02/06/2023,-109700,-885753000,8.03(-1.11 %),0,0,109700,885753000,429815170,2.66
05/06/2023,141800,1158623000,8.11(1.00 %),142000,1160245000,200,1622000,429673370,2.67
06/06/2023,38500,313350000,8.19(0.99 %),50700,412698000,12200,99348000,429634870,2.68
07/06/2023,-22100,-182066000,8.21(0.24 %),0,0,22100,182066000,429656970,2.67
08/06/2023,333700,2801191000,8.18(-0.37 %),393700,3306027000,60000,504836000,429323270,2.71
09/06/2023,-58400,-475792000,8.1(-0.98 %),1700,13833000,60100,489625000,429381670,2.7
12/06/2023,12900,103428000,8.06(-0.49 %),35300,284196000,22400,180768000,429368770,2.71
13/06/2023,-89600,-725166000,8.11(0.62 %),16600,134351000,106200,859517000,429458370,2.7
14/06/2023,-15100,-122143000,8.02(-1.11 %),3600,28948000,18700,151091000,429473470,2.69
15/06/2023,-5800,-48194000,8.19(2.12 %),2200,18046000,8000,66240000,429479270,2.69
16/06/2023,-1207700,-9692771000,8.03(-2.07 %),33900,277277000,1241600,9970048000,429794948,2.66
19/06/2023,21900,173344000,7.9(-1.25 %),21900,173344000,0,0,429781018,2.66
20/06/2023,4800,37991000,7.96(0.76 %),7100,56253000,2300,18262000,429776218,2.66
21/06/2023,-3500,-27940000,7.97(-0.38 %),3000,23910000,6500,51850000,431012518,2.53
22/06/2023,277600,2236970000,8.08(1.38 %),281300,2266718000,3700,29748000,430734918,2.56
23/06/2023,30800,248781000,8.04(-0.74 %),30800,248781000,0,0,430704118,2.56
26/06/2023,50800,404684000,7.95(-0.62 %),50800,404684000,0,0,430662210,2.57
27/06/2023,-17700,-139506000,7.97(-0.38 %),78500,624152000,96200,763658000,430679910,2.56
28/06/2023,-98900,-792565000,7.95(-0.62 %),61600,491953000,160500,1284518000,430778810,2.55
29/06/2023,59300,499881000,8.3(3.75 %),126100,1052423000,66800,552542000,430719510,2.56
30/06/2023,21700,177679000,8.15(-1.81 %),21800,178496000,100,817000,430697810,2.56
03/07/2023,8100,66381000,8.17(-0.37 %),41600,339071000,33500,272690000,430631009,2.57
04/07/2023,32400,270993000,8.39(2.32 %),72400,606783000,40000,335790000,430598609,2.57
05/07/2023,39300,327912000,8.27(-1.55 %),60200,502302000,20900,174390000,430559309,2.58
06/07/2023,-30700,-249828000,8.15(-1.81 %),39000,317329000,69700,567157000,430558329,2.58
07/07/2023,-58900,-478302000,8.19(-0.12 %),54600,445155000,113500,923457000,430524629,2.58
10/07/2023,211100,1734415000,8.2(0.00 %),218100,1792115000,7000,57700000,430313529,2.6
11/07/2023,864100,7355788000,8.76(6.83 %),930000,7923330000,65900,567542000,429449429,2.7
12/07/2023,39100,338944000,8.71(-1.02 %),69900,609664000,30800,270720000,429410329,2.7
13/07/2023,12500,116566000,8.81(1.26 %),74700,658585000,62200,542019000,429397829,2.7
14/07/2023,12500,108726000,8.72(-0.91 %),115100,1006707000,102600,897981000,429403909,2.7
17/07/2023,121500,1062309000,8.68(-0.23 %),122800,1073762000,1300,11453000,429282409,2.71
18/07/2023,72000,637938000,8.72(0.23 %),196800,1732636000,124800,1094698000,429210409,2.72
19/07/2023,-619700,-5358582000,8.5(-2.30 %),45100,388917000,664800,5747499000,429205309,2.72
20/07/2023,-94300,-802790000,8.49(-0.12 %),8700,73863000,103000,876653000,429299609,2.71
21/07/2023,109400,943181000,8.65(1.76 %),109500,944043000,100,862000,429190209,2.72
24/07/2023,300100,2627981000,8.79(1.03 %),311200,2724750000,11100,96769000,429668558,2.67
25/07/2023,46800,407876000,8.67(-1.48 %),49800,434246000,3000,26370000,429618858,2.68
26/07/2023,-8600,-75666000,8.64(-0.35 %),65800,566705000,74400,642371000,429627458,2.68
27/07/2023,-303200,-2597046000,8.54(-0.70 %),12400,107096000,315600,2704142000,429930658,2.64
28/07/2023,253600,2193648000,8.8(3.53 %),262900,2275056000,9300,81408000,429677058,2.67
31/07/2023,81400,726297000,8.88(0.91 %),125300,1122130000,43900,395833000,429595658,2.68
01/08/2023,-2500,-18078000,8.9(0.00 %),150900,1343784000,153400,1361862000,429556650,2.69
02/08/2023,-4900,-47306000,9.1(2.25 %),127100,1150500000,132000,1197806000,429561550,2.68
03/08/2023,11600,101964000,8.9(-2.20 %),64400,578873000,52800,476909000,429549950,2.69
04/08/2023,-20400,-185763000,9.15(2.81 %),20000,178000000,40400,363763000,429532854,2.69
07/08/2023,-74100,-679071000,9.18(0.33 %),65800,605308000,139900,1284379000,429606954,2.68
08/08/2023,172700,1698242000,9.81(6.86 %),329500,3180197000,156800,1481955000,429434254,2.7
09/08/2023,41800,398635000,9.55(-2.65 %),72600,700249000,30800,301614000,429392454,2.7
10/08/2023,-33100,-314785000,9.21(-3.56 %),111000,1037773000,144100,1352558000,429425554,2.7
11/08/2023,-152300,-1411683000,9.27(0.65 %),72500,658445000,224800,2070128000,429577854,2.68
14/08/2023,-283300,-2613595000,9.2(-1.08 %),5200,47907000,288500,2661502000,429441154,2.7
15/08/2023,-51400,-479934000,9.2(0.00 %),1700,15903000,53100,495837000,429664259,2.67
16/08/2023,-24000,-223564000,9.2(0.00 %),22700,208841000,46700,432405000,429930059,2.64
17/08/2023,-45200,-415610000,9.1(-1.09 %),50800,466748000,96000,882358000,429975259,2.64
18/08/2023,-67300,-607556000,8.47(-6.92 %),119500,1041032000,186800,1648588000,429859637,2.65
21/08/2023,52500,449372000,8.57(0.82 %),75000,644187000,22500,194815000,429880637,2.65
22/08/2023,-45500,-403491000,8.99(4.53 %),30200,257076000,75700,660567000,430037237,2.63
23/08/2023,6400,48905000,8.8(-2.11 %),69800,619621000,63400,570716000,429989937,2.64
24/08/2023,-71000,-649392000,9.29(5.57 %),37200,329079000,108200,978471000,430060937,2.63
25/08/2023,34000,305633000,8.92(-3.98 %),51900,468185000,17900,162552000,430047028,2.63
28/08/2023,46000,411279000,9.04(1.35 %),46800,418443000,800,7164000,430001028,2.64
29/08/2023,7700,69231000,8.9(-1.55 %),7800,70146000,100,915000,430118498,2.62
30/08/2023,45300,402754000,8.9(0.00 %),55300,492754000,10000,90000000,430073198,2.63
31/08/2023,11800,108013000,9.18(3.15 %),163700,1499973000,151900,1391960000,429900556,2.65
05/09/2023,-100600,-922951000,9.2(0.22 %),1100,10089000,101700,933040000,429909456,2.65
06/09/2023,-7000,-64211000,9.14(-0.65 %),23700,217008000,30700,281219000,429916456,2.65
07/09/2023,90300,836423000,9.23(0.98 %),128100,1187768000,37800,351345000,430011356,2.64
08/09/2023,-18100,-170785000,9.19(-0.43 %),21200,197301000,39300,368086000,430020856,2.63
11/09/2023,-66300,-610154000,8.9(-3.16 %),20800,186399000,87100,796553000,430037856,2.63
12/09/2023,-66500,-593206000,8.97(0.79 %),108100,957806000,174600,1551012000,429969056,2.64
13/09/2023,-74900,-667929000,8.77(-2.23 %),400,3550000,75300,671479000,430055756,2.63
14/09/2023,36900,317233000,8.5(-3.08 %),50400,432935000,13500,115702000,430179960,2.62
15/09/2023,-415400,-3532933000,8.51(0.12 %),111200,949132000,526600,4482065000,430144140,2.62
18/09/2023,0,0,8.44(-0.82 %),0,0,0,0,430144140,2.62
19/09/2023,17800,148162000,8.3(-1.66 %),28900,240857000,11100,92695000,429962993,2.64
20/09/2023,22100,187600000,8.5(2.41 %),22100,187600000,0,0,429940893,2.64
21/09/2023,17000,144715000,8.46(-0.47 %),23700,201817000,6700,57102000,429923893,2.65
22/09/2023,21200,173571000,8.07(-4.61 %),42900,351601000,21700,178030000,430400959,2.59
25/09/2023,-11100,-94945000,7.51(-6.94 %),12900,97551000,24000,192496000,430394916,2.59
26/09/2023,408300,3074277000,7.51(0.00 %),541600,4084105000,133300,1009828000,429875016,2.65
27/09/2023,-37200,-282727000,7.85(4.53 %),68200,520562000,105400,803289000,429912216,2.65
28/09/2023,-33600,-260616000,7.8(-0.64 %),7100,54970000,40700,315586000,429945816,2.64
29/09/2023,-561100,-4364016000,7.72(-1.03 %),21400,166692000,582500,4530708000,430048196,2.63
02/10/2023,48800,384172000,7.9(2.33 %),74300,584109000,25500,199937000,430014659,2.64
03/10/2023,-81600,-632452000,7.65(-3.16 %),10100,76459000,91700,708911000,430587059,2.57
04/10/2023,-1800,-12141000,7.72(0.92 %),49500,380548000,51300,392689000,430588859,2.57
05/10/2023,-57400,-452301000,8.1(4.92 %),1300,9965000,58700,462266000,430660479,2.57
06/10/2023,-59700,-490689000,8.2(1.23 %),5900,48325000,65600,539014000,430720179,2.56
09/10/2023,-48200,-401615000,8.45(3.05 %),7500,61432000,55700,463047000,430768379,2.55
10/10/2023,-48300,-406547000,8.43(-0.24 %),0,0,48300,406547000,430822679,2.55
11/10/2023,-3700,-29953000,8.4(-0.36 %),30600,257754000,34300,287707000,430847779,2.55
12/10/2023,9300,78418000,8.22(-2.14 %),9300,78418000,0,0,430886776,2.54
13/10/2023,35600,297305000,8.32(1.22 %),35700,298145000,100,840000,430885376,2.54
16/10/2023,3700,31073000,8.33(0.12 %),10100,84430000,6400,53357000,430875276,2.54
17/10/2023,21000,162612000,8.03(-3.60 %),44400,357090000,23400,194478000,430830976,2.55
18/10/2023,-42700,-336926000,7.7(-4.11 %),29500,232460000,72200,569386000,430807878,2.55
19/10/2023,23600,193119000,7.98(3.64 %),37400,299761000,13800,106642000,430793878,2.55
20/10/2023,8100,63785000,8.15(2.13 %),8300,65371000,200,1586000,430857778,2.54
23/10/2023,-131600,-1113566000,8.71(6.87 %),112800,970755000,244400,2084321000,430758848,2.56
24/10/2023,-87300,-765219000,8.72(0.11 %),300,2619000,87600,767838000,430846148,2.55
25/10/2023,-131500,-1153942000,8.79(0.80 %),0,0,131500,1153942000,430758738,2.56
26/10/2023,-90900,-772706000,8.69(-1.14 %),60900,513432000,151800,1286138000,431037020,2.53
27/10/2023,-29400,-256825000,8.75(0.69 %),2100,18325000,31500,275150000,431166467,2.51
30/10/2023,21100,175805000,8.33(-4.80 %),21100,175805000,0,0,431297169,2.5
31/10/2023,153300,1255590000,8.03(-3.60 %),185400,1522490000,32100,266900000,431143210,2.51
01/11/2023,12200,98264000,8.16(1.62 %),12200,98264000,0,0,431131020,2.52
02/11/2023,-301700,-2493096000,8.32(1.96 %),13100,110040000,314800,2603136000,431432720,2.48
03/11/2023,-138000,-1161238000,8.2(-1.44 %),8900,74648000,146900,1235886000,431570720,2.47
06/11/2023,4300,34951000,8.3(1.22 %),12800,105226000,8500,70275000,431566420,2.47
07/11/2023,-48400,-411094000,8.38(0.96 %),15900,135185000,64300,546279000,431614820,2.46
08/11/2023,125300,1052014000,8.63(2.98 %),128000,1074906000,2700,22892000,431454624,2.48
09/11/2023,81600,694763000,8.5(-1.51 %),102700,878522000,21100,183759000,431416224,2.48
10/11/2023,199100,1798268000,8.7(2.35 %),243700,2199875000,44600,401607000,431175224,2.51
13/11/2023,28100,253857000,9(3.45 %),51100,463266000,23000,209409000,431145283,2.51
14/11/2023,-55440,-499144230,8.9(-1.11 %),2100,18626000,57540,517770230,431202564,2.51
15/11/2023,289600,2635633000,8.98(0.90 %),292000,2657489000,2400,21856000,430912964,2.54
16/11/2023,0,0,9(0.22 %),0,0,0,0,430912964,2.54
17/11/2023,-243900,-2250610000,9.12(1.33 %),13900,127726000,257800,2378336000,430923023,2.54
20/11/2023,56600,530058000,9.4(3.07 %),139700,1305796000,83100,775738000,430813523,2.55
21/11/2023,-184800,-1737416000,9.26(-1.49 %),26700,249676000,211500,1987092000,431044623,2.52
22/11/2023,-126700,-1189155000,9.36(1.08 %),14700,137240000,141400,1326395000,431113023,2.52
23/11/2023,156700,1565843000,9.8(4.70 %),270200,2652159000,113500,1086316000,430956323,2.53
24/11/2023,149100,1501785000,10.4(6.12 %),327900,3314908000,178800,1813123000,430807223,2.55
27/11/2023,221400,2348480000,10.6(1.92 %),223900,2374385000,2500,25905000,430585823,2.57
28/11/2023,510500,5415455000,10.7(0.94 %),560400,5943420000,49900,527965000,430075323,2.63
29/11/2023,128100,1417965000,11.25(5.14 %),444800,4970020000,316700,3552055000,429947223,2.64
30/11/2023,2525100,28189945000,11.15(-0.89 %),2989900,33351605000,464800,5161660000,427422123,2.92
01/12/2023,817400,9324495000,11.8(5.83 %),857100,9778150000,39700,453655000,427000740,2.96
04/12/2023,-1103900,-13107805000,12.2(3.39 %),17500,208565000,1121400,13316370000,428104640,2.84
05/12/2023,-90300,-1100105000,11.9(-2.46 %),43700,530290000,134000,1630395000,428194940,2.83
06/12/2023,-61500,-756410000,12.6(5.88 %),17000,206790000,78500,963200000,428256440,2.83
07/12/2023,-750200,-9173765000,12.4(-1.59 %),100400,1217980000,850600,10391745000,429006640,2.74
08/12/2023,133800,1629685000,12.15(-2.02 %),157000,1914705000,23200,285020000,428872840,2.76
11/12/2023,211000,2597640000,13(7.00 %),283200,3496760000,72200,899120000,428661840,2.78
12/12/2023,-138500,-1821060000,13.1(0.77 %),16600,218170000,155100,2039230000,428800340,2.77
13/12/2023,-64000,-857795000,13.55(3.44 %),34200,462790000,98200,1320585000,428864340,2.76
14/12/2023,-144600,-1960170000,13.45(-0.74 %),16600,224750000,161200,2184920000,429008940,2.74
15/12/2023,-1214000,-15855270000,13.05(-2.97 %),301800,3942480000,1515800,19797750000,430222940,2.61
18/12/2023,745400,9884135000,13.3(1.92 %),753100,9987380000,7700,103245000,429477540,2.69
19/12/2023,13900,147400000,12.4(-6.77 %),76000,950040000,62100,802640000,429463640,2.7
20/12/2023,1333200,16333545000,12.5(0.81 %),1512100,18528875000,178900,2195330000,428130440,2.84
21/12/2023,-38700,-581375000,13.35(6.80 %),411600,5214745000,450300,5796120000,428169140,2.83
22/12/2023,-324300,-4374905000,13.5(1.12 %),62300,840910000,386600,5215815000,428493440,2.8
25/12/2023,-122000,-1689660000,13.75(1.85 %),63700,881035000,185700,2570695000,428615440,2.79
26/12/2023,-28500,-401995000,13.65(-0.73 %),95200,1294480000,123700,1696475000,428643940,2.78
27/12/2023,500700,6941370000,13.85(1.47 %),500700,6941370000,0,0,428143240,2.84
28/12/2023,-142600,-1930775000,13.7(-1.08 %),202800,2752225000,345400,4683000000,428285840,2.82
29/12/2023,-615200,-8276945000,13.2(-3.65 %),98900,1321950000,714100,9598895000,428901040,2.76
02/01/2024,447700,5994650000,13.6(3.03 %),694700,9270330000,247000,3275680000,427456416,2.91
03/01/2024,-920600,-12461500000,13.7(0.74 %),22100,299185000,942700,12760685000,428726531,2.77
04/01/2024,-365800,-4919635000,13.3(-2.92 %),38800,524230000,404600,5443865000,429092331,2.74
05/01/2024,-164900,-2107900000,13.1(-1.50 %),191100,2483860000,356000,4591760000,429257231,2.72
08/01/2024,83600,1095335000,12.85(-1.91 %),149800,1967595000,66200,872260000,429173631,2.73
09/01/2024,212500,2827670000,13.35(3.89 %),374300,4940365000,161800,2112695000,429345024,2.71
10/01/2024,-269600,-3545605000,13.25(-0.75 %),1100,14445000,270700,3560050000,429410100,2.7
11/01/2024,691500,9738065000,14.1(6.42 %),862200,12038730000,170700,2300665000,428709728,2.78
12/01/2024,184000,2548590000,13.8(-2.13 %),195800,2711285000,11800,162695000,427660531,2.89
15/01/2024,-87300,-1175530000,13.3(-3.62 %),400,5480000,87700,1181010000,428954944,2.75
16/01/2024,37000,484785000,13.5(1.50 %),80800,1069415000,43800,584630000,428885952,2.76
17/01/2024,-311700,-4176780000,13.5(0.00 %),0,0,311700,4176780000,428973632,2.75
18/01/2024,-81600,-1095010000,13.4(-0.74 %),2000,26800000,83600,1121810000,428104131,2.84
19/01/2024,-27500,-377945000,13.7(2.24 %),47100,640260000,74600,1018205000,428131631,2.84
22/01/2024,1092700,15174990000,14(2.19 %),1108100,15388200000,15400,213210000,427038931,2.96
23/01/2024,684000,9982285000,14.65(4.64 %),830900,12116120000,146900,2133835000,426354931,3.03
24/01/2024,-108700,-1563390000,14.3(-2.39 %),72200,1064890000,180900,2628280000,426463631,3.02
25/01/2024,-583000,-8442845000,14.75(3.15 %),281100,4118210000,864100,12561055000,427046631,2.96
26/01/2024,-212200,-3133865000,14.7(-0.34 %),49100,727990000,261300,3861855000,427258831,2.93
29/01/2024,-93200,-1363300000,14.7(0.00 %),200,2920000,93400,1366220000,428304128,2.82
30/01/2024,1385000,20584325000,14.95(1.70 %),1490200,22145125000,105200,1560800000,427075232,2.95
31/01/2024,-1440100,-20835650000,14.2(-5.02 %),264200,3821650000,1704300,24657300000,426904416,2.97
01/02/2024,103100,1464775000,14.35(1.06 %),443000,6354900000,339900,4890125000,426904423,2.97
02/02/2024,-1466900,-20966515000,14(-2.44 %),6200,88265000,1473100,21054780000,426566624,3.01
05/02/2024,839600,11238235000,13.35(-4.64 %),1132500,15243130000,292900,4004895000,427088713,2.95
06/02/2024,282813,3777819200,13.3(-0.37 %),524500,7035270000,241687,3257450800,428420800,2.81
07/02/2024,549500,7308250000,13.15(-1.13 %),734100,9769840000,184600,2461590000,427979600,2.86
15/02/2024,54290,716911000,13.45(2.28 %),565500,7578365000,511210,6861454000,427655776,2.89
16/02/2024,-1451300,-19074515000,12.75(-5.20 %),52800,681805000,1504100,19756320000,427787600,2.88
19/02/2024,750858,9363763700,13(1.96 %),1613071,20444618800,862213,11080855100,426685728,2.99
20/02/2024,-1151200,-14755075000,12.6(-3.08 %),89900,1149500000,1241100,15904575000,428099900,2.84
21/02/2024,-141561,-1795869050,12.8(1.59 %),18476,235539000,160037,2031408050,428943648,2.75
22/02/2024,-1526700,-19773765000,12.6(-1.56 %),43200,552340000,1569900,20326105000,428943648,2.75
23/02/2024,107500,1362190000,12.2(-3.17 %),185200,2329435000,77700,967245000,429614513,2.68
26/02/2024,2126800,26247200000,12.6(3.28 %),2133700,26332540000,6900,85340000,429552576,2.69
27/02/2024,-124450,-1584775250,12.65(0.40 %),400,5070000,124850,1589845250,427612163,2.89
28/02/2024,-103700,-1323615000,12.55(-0.79 %),86900,1096670000,190600,2420285000,427715863,2.88
29/02/2024,-226600,-2470885000,12.8(1.99 %),1165700,14805060000,1392300,17275945000,428509024,2.8
01/03/2024,-461500,-5861210000,12.7(-0.78 %),32400,411480000,493900,6272690000,428476639,2.8
04/03/2024,345300,4393265000,12.8(0.79 %),503000,6431110000,157700,2037845000,428131339,2.84
05/03/2024,514652,6789583000,13.2(3.12 %),635600,8339735000,120948,1550152000,429346144,2.71
06/03/2024,219300,2869925000,12.95(-1.89 %),293700,3843610000,74400,973685000,427397387,2.92
07/03/2024,-185700,-2439890000,12.95(0.39 %),129500,1678055000,315200,4117945000,427583087,2.9
08/03/2024,-433200,-5577860000,12.55(-3.09 %),96500,1224705000,529700,6802565000,428016287,2.85
11/03/2024,-167000,-2085405000,12.2(-2.79 %),59000,728490000,226000,2813895000,428183287,2.83
12/03/2024,25000,305345000,12.4(1.64 %),134500,1672600000,109500,1367255000,429781600,2.66
13/03/2024,19100,237900000,12.45(0.40 %),21800,271525000,2700,33625000,429985789,2.64
14/03/2024,-66400,-822030000,12.5(0.40 %),58900,740780000,125300,1562810000,430052189,2.63
15/03/2024,-374100,-4605995000,12.3(-1.60 %),7800,96970000,381900,4702965000,430426289,2.59
18/03/2024,224800,2640050000,11.75(-4.47 %),306700,3618305000,81900,978255000,429849900,2.65
19/03/2024,193100,2287080000,11.85(0.85 %),198000,2344665000,4900,57585000,430033800,2.63
20/03/2024,3412400,41887560000,12.65(6.75 %),3473600,42623345000,61200,735785000,426595989,3.0
21/03/2024,12100,148970000,12.7(0.40 %),72300,919590000,60200,770620000,426583889,3.01
22/03/2024,-129900,-1639615000,12.45(-1.97 %),23300,290895000,153200,1930510000,426713789,2.99
25/03/2024,-1537200,-19151235000,12.45(0.00 %),57300,707985000,1594500,19859220000,426615700,3.0
26/03/2024,89200,1106830000,12.6(1.20 %),169400,2123190000,80200,1016360000,431444289,2.48
27/03/2024,-74000,-931975000,12.55(-0.40 %),300,3765000,74300,935740000,428193700,2.83
28/03/2024,310100,3716365000,12.95(3.19 %),871700,11009955000,561600,7293590000,427402200,2.92
29/03/2024,-386700,-5065230000,13.05(0.77 %),16500,214490000,403200,5279720000,427460000,2.91
01/04/2024,-19100,-244435000,12.65(-3.07 %),19400,249375000,38500,493810000,428002200,2.85
02/04/2024,-1337900,-16778160000,12.7(0.40 %),6500,81280000,1344400,16859440000,428797906,2.77
03/04/2024,31100,366185000,12.8(0.79 %),677300,8669650000,646200,8303465000,427760100,2.88
04/04/2024,-8800,-111700000,12.65(-1.17 %),600,7620000,9400,119320000,428775606,2.77
05/04/2024,335600,4241350000,12.9(1.98 %),363300,4597740000,27700,356390000,429386800,2.7
08/04/2024,1387800,18215405000,13(0.78 %),1437500,18872075000,49700,656670000,427052206,2.96
09/04/2024,45600,594730000,13.15(1.15 %),48000,626150000,2400,31420000,427006606,2.96
10/04/2024,333500,4465055000,13.4(1.90 %),713700,9624890000,380200,5159835000,426673106,3.0
11/04/2024,-638700,-8539340000,13.3(-0.75 %),49900,666880000,688600,9206220000,427226900,2.94
12/04/2024,-289500,-3911695000,13.4(0.75 %),54600,737025000,344100,4648720000,427552500,2.9
15/04/2024,-817600,-10815010000,12.5(-6.72 %),180300,2297265000,997900,13112275000,428418906,2.81
16/04/2024,-179200,-2211610000,12.6(0.80 %),80400,971670000,259600,3183280000,428598106,2.79
17/04/2024,-36900,-464515000,11.85(-5.95 %),75600,906400000,112500,1370915000,428455806,2.8
19/04/2024,554300,6310140000,11.8(-0.42 %),695600,7925870000,141300,1615730000,427901506,2.86
22/04/2024,-2400,-27975000,12.05(2.12 %),31000,376305000,33400,404280000,428899424,2.76
23/04/2024,251500,3049230000,12.15(0.83 %),302800,3670305000,51300,621075000,428738000,2.77
24/04/2024,348200,4291030000,12.3(1.23 %),379800,4680075000,31600,389045000,427304206,2.93
25/04/2024,-203500,-2553610000,12.5(1.63 %),1300,16220000,204800,2569830000,427507706,2.91
26/04/2024,175300,2190190000,12.4(-0.80 %),179300,2239790000,4000,49600000,428293984,2.82
02/05/2024,-32100,-396270000,12.25(-1.21 %),12500,153750000,44600,550020000,428486272,2.8
03/05/2024,175500,2225155000,12.45(1.63 %),250800,3159830000,75300,934675000,428239500,2.83
06/05/2024,225400,2722745000,13(4.42 %),659600,8368760000,434200,5646015000,427624480,2.89
07/05/2024,-35700,-473205000,13.2(1.54 %),23300,302920000,59000,776125000,427676480,2.89
08/05/2024,-87500,-1214640000,13.5(2.27 %),468700,6153650000,556200,7368290000,427642000,2.89
09/05/2024,-278000,-3754480000,13.45(-0.37 %),136900,1825150000,414900,5579630000,491264128,2.54
10/05/2024,3400,19030000,13.2(-1.86 %),93100,1238920000,89700,1219890000,491727300,2.5
13/05/2024,1179300,15833150000,13.7(3.79 %),1494900,20080475000,315600,4247325000,490647300,2.6
14/05/2024,-684700,-9416420000,13.55(-1.09 %),24600,337805000,709300,9754225000,427796278,9.74
15/05/2024,-211600,-2868655000,13.55(0.00 %),2000,27165000,213600,2895820000,428007878,9.72
16/05/2024,-796700,-10783460000,13.65(0.74 %),9200,125130000,805900,10908590000,428804578,9.63
17/05/2024,2938300,42286925000,14.6(6.96 %),3643700,52456100000,705400,10169175000,488295872,2.82
20/05/2024,1149900,17048505000,14.75(1.03 %),1173100,17395580000,23200,347075000,487928672,2.86
21/05/2024,1794000,26376155000,14.9(1.02 %),1817900,26728015000,23900,351860000,486816200,2.96
22/05/2024,-3808300,-55611390000,14.2(-4.70 %),18400,264035000,3826700,55875425000,486821000,2.96
23/05/2024,1322500,19257005000,14.6(2.82 %),2271500,32811755000,949000,13554750000,484573472,3.18
24/05/2024,-1130000,-16609840000,14.45(-1.03 %),757800,10752465000,1887800,27362305000,425741478,9.97
27/05/2024,315800,4498675000,14.6(1.04 %),358600,5114425000,42800,615750000,488232736,2.83
28/05/2024,-1444100,-21615335000,14.95(2.40 %),87000,1286750000,1531100,22902085000,490033536,2.66
29/05/2024,-884400,-13307205000,14.6(-2.34 %),58800,869025000,943200,14176230000,490017536,2.66
30/05/2024,883600,12413850000,14.65(0.34 %),1230800,17410960000,347200,4997110000,490317920,2.63
31/05/2024,985800,14366415000,14.5(-1.02 %),1585400,22988125000,599600,8621710000,489675744,2.69
03/06/2024,455100,6613070000,15(3.45 %),506800,7380490000,51700,767420000,489675731,3.07
04/06/2024,-1259600,-18744150000,14.4(-4.00 %),78300,1140300000,1337900,19884450000,490935331,2.94
05/06/2024,12700,182295000,14.25(-1.04 %),12700,182295000,0,0,490922631,2.94
06/06/2024,-1681,-38413300,14.3(0.35 %),46500,657975000,48181,696388300,491367831,2.53
07/06/2024,10800,153605000,14.4(0.70 %),39900,572645000,29100,419040000,491327931,2.54
10/06/2024,-1040482,-14911514000,14(-2.78 %),40518,584811000,1081000,15496325000,492368413,2.78
11/06/2024,16711,223201800,14.2(1.43 %),214300,2967155000,197589,2743953200,491367831,2.53
12/06/2024,23659,334925750,14.2(0.00 %),34859,492975750,11200,158050000,492196535,2.46
13/06/2024,0,0,13.95(-1.76 %),0,0,0,0,492394024,2.44
14/06/2024,27700,284130000,13.3(-4.66 %),634300,8501720000,606600,8217590000,491770924,2.5
17/06/2024,276000,3637925000,13.4(0.75 %),319900,4222925000,43900,585000000,491956524,2.48
18/06/2024,-121990,-1650694500,13.6(1.49 %),8200,111160000,130190,1761854500,492554924,2.42
19/06/2024,-1195200,-15811800000,12.8(-5.88 %),34400,445790000,1229600,16257590000,492564424,2.42
20/06/2024,815400,10185380000,12.55(-1.95 %),1045100,13133970000,229700,2948590000,491649514,2.51
21/06/2024,-841900,-10453270000,12.4(-1.20 %),51000,639630000,892900,11092900000,492828114,2.4
24/06/2024,1223700,15203725000,12.6(1.61 %),1257600,15627035000,33900,423310000,491800214,2.49
25/06/2024,-975125,-12231507500,12.5(-0.79 %),0,0,975125,12231507500,492693114,2.41
26/06/2024,-197625,-2486986250,12.7(1.60 %),2000,25150000,199625,2512136250,492725014,2.41
27/06/2024,-834200,-10430535000,12.45(-1.97 %),1000,12450000,835200,10442985000,493699139,2.31
28/06/2024,-265253,-3262094850,12.1(-2.81 %),200,2420000,265453,3264514850,493898564,2.29
04/07/2024,188700,2313790000,12.35(0.82 %),193400,2371365000,4700,57575000,495228817,0.0
05/07/2024,-226500,-2730430000,11.95(-3.24 %),17200,207765000,243700,2938195000,495455317,0.0
08/07/2024,-16600,-199250000,11.8(-1.26 %),7000,83250000,23600,282500000,495471917,0.0
09/07/2024,488000,5872590000,11.95(1.27 %),690500,8285615000,202500,2413025000,494983917,0.0
10/07/2024,-35600,-426810000,12(0.42 %),24300,293825000,59900,720635000,495019517,0.0
11/07/2024,-44200,-533580000,12.05(0.42 %),69400,834685000,113600,1368265000,495063717,0.0
12/07/2024,315500,3834970000,12.2(1.24 %),525000,6414735000,209500,2579765000,494748217,0.0
15/07/2024,-155800,-1889980000,12.05(-1.23 %),0,0,155800,1889980000,494904017,0.0
16/07/2024,2900,34975000,12.05(0.00 %),2900,34975000,0,0,494901117,0.0
17/07/2024,-239000,-2876360000,11.85(-1.66 %),39100,465740000,278100,3342100000,495140117,0.0
18/07/2024,-353200,-4340545000,12.35(4.22 %),110900,1332450000,464100,5672995000,495493317,0.0
19/07/2024,-149500,-1845525000,11.95(-3.24 %),9300,114855000,158800,1960380000,495642817,0.0
22/07/2024,159700,1893245000,11.95(0.00 %),197400,2337710000,37700,444465000,495483117,0.0
23/07/2024,-110700,-1307345000,11.6(-2.93 %),3100,36695000,113800,1344040000,495593817,0.0
24/07/2024,161700,1899945000,11.85(2.16 %),171800,2016045000,10100,116100000,495432117,0.0
25/07/2024,-7100,-83760000,11.75(-0.84 %),1500,17500000,8600,101260000,495439217,0.0
26/07/2024,755100,9095670000,12.05(2.55 %),873300,10511550000,118200,1415880000,494684117,0.0
29/07/2024,-126800,-1543355000,12.4(2.90 %),87400,1083765000,214200,2627120000,494810917,0.0
30/07/2024,-126800,-1543355000,12.15(-2.02 %),87400,1083765000,214200,2627120000,494937717,0.0
31/07/2024,-792400,-9860880000,12.15(0.00 %),30300,373355000,822700,10234235000,495730117,0.0
01/08/2024,-15300,-184680000,11.8(-2.88 %),119000,1421245000,134300,1605925000,494504903,0.0
02/08/2024,552800,6570965000,12.1(2.54 %),668500,7939760000,115700,1368795000,493952103,0.0
05/08/2024,0,2405000,11.6(-4.13 %),13900,164715000,13900,162310000,493952103,0.0
06/08/2024,167900,1983395000,11.85(2.16 %),223500,2634995000,55600,651600000,493784203,0.0
07/08/2024,-117300,-1373000000,11.55(-2.53 %),5200,60945000,122500,1433945000,493901503,0.0
08/08/2024,-633100,-7140690000,10.75(-6.93 %),28300,305715000,661400,7446405000,494534603,0.0
09/08/2024,773100,8000010000,10.45(-2.79 %),1009500,10517345000,236400,2517335000,493761503,0.0
12/08/2024,32700,343875000,10.5(0.48 %),32800,344940000,100,1065000,493728803,0.0
13/08/2024,40100,421735000,10.45(-0.48 %),43200,454595000,3100,32860000,493688703,0.0
14/08/2024,-278800,-2817812000,10.05(-3.83 %),16100,162685000,294900,2980497000,493967503,0.0
15/08/2024,457800,4605830000,10.05(0.00 %),458500,4612905000,700,7075000,493509703,0.0
16/08/2024,228500,2351875000,10.4(3.48 %),229300,2360095000,800,8220000,493281203,0.0
19/08/2024,-180200,-1895255000,10.5(0.96 %),35000,365250000,215200,2260505000,493461403,0.0
20/08/2024,-125700,-1356680000,10.6(0.95 %),100300,1066205000,226000,2422885000,493587103,0.0
21/08/2024,-217300,-2309365000,10.7(0.94 %),13400,142475000,230700,2451840000,493804403,0.0
22/08/2024,-51300,-542385000,10.5(-1.87 %),40100,424225000,91400,966610000,493855703,0.0
23/08/2024,13600,142160000,10.4(-0.95 %),15000,156790000,1400,14630000,493842103,0.0
26/08/2024,155300,1639095000,10.45(0.48 %),198800,2097920000,43500,458825000,493686803,0.0
27/08/2024,164500,1719345000,10.5(0.48 %),164600,1720390000,100,1045000,493522303,0.0
28/08/2024,1431600,15694420000,11(4.76 %),1841200,20173845000,409600,4479425000,492090703,0.0
29/08/2024,-523800,-5695885000,10.85(-1.36 %),12000,130100000,535800,5825985000,492614503,0.0
30/08/2024,76700,824500000,10.65(-1.84 %),105600,1134980000,28900,310480000,492537803,0.0
04/09/2024,-1811800,-18655570000,10.25(-3.76 %),115600,1190555000,1927400,19846125000,492968925,0.0
05/09/2024,-146000,-1494395000,10.2(-0.49 %),45700,465635000,191700,1960030000,493114925,0.0
06/09/2024,494300,5060845000,10.25(0.49 %),525600,5380400000,31300,319555000,492620625,0.0
09/09/2024,-12000,-123795000,10.4(1.46 %),0,0,12000,123795000,492632625,0.0
10/09/2024,285500,3042215000,10.65(2.40 %),527200,5619125000,241700,2576910000,492347125,0.0
11/09/2024,-405900,-4292395000,10.6(-0.47 %),0,0,405900,4292395000,492753025,0.0
12/09/2024,3400,35970000,10.45(-1.42 %),3400,35970000,0,0,492749625,0.0
13/09/2024,-208200,-2172075000,10.45(0.00 %),13500,139725000,221700,2311800000,492957825,0.0
16/09/2024,-11500,-120290000,10.35(-0.96 %),0,0,11500,120290000,492969325,0.0
17/09/2024,-200,530000,10.45(0.97 %),83700,869650000,83900,869120000,492969525,0.0
18/09/2024,343500,3631855000,10.55(0.96 %),344000,3637155000,500,5300000,492626025,0.0
19/09/2024,14400,147680000,10.55(0.00 %),51400,544715000,37000,397035000,492611625,0.0
20/09/2024,1527100,16319720000,10.7(1.42 %),1528100,16330320000,1000,10600000,491084525,0.0
23/09/2024,-48500,-507680000,10.4(-2.80 %),5000,52475000,53500,560155000,491133025,0.0
24/09/2024,-27200,-284325000,10.5(0.96 %),6400,67520000,33600,351845000,491160225,0.0
25/09/2024,833800,8878390000,10.65(1.43 %),863300,9191090000,29500,312700000,490326425,0.0
26/09/2024,-102500,-1105935000,10.65(0.00 %),42100,454245000,144600,1560180000,490428925,0.0
27/09/2024,-13000,-136365000,10.65(0.00 %),104100,1110750000,117100,1247115000,490441925,0.0
30/09/2024,133200,1429715000,10.85(1.88 %),165100,1771045000,31900,341330000,490308725,0.0
01/10/2024,-693300,-7612065000,11.15(2.76 %),30900,333720000,724200,7945785000,492536553,0.0
02/10/2024,-280900,-3084975000,10.9(-2.24 %),31000,340025000,311900,3425000000,492817453,0.0
03/10/2024,-858000,-9389685000,10.55(-3.21 %),3000,32740000,861000,9422425000,493675453,0.0
04/10/2024,291800,3183115000,11.2(6.16 %),327400,3577295000,35600,394180000,493383653,0.0
07/10/2024,258300,2848470000,10.9(-2.68 %),265400,2927820000,7100,79350000,493125353,0.0
08/10/2024,238100,2614275000,10.9(0.00 %),239600,2630700000,1500,16425000,492887253,0.0
09/10/2024,-40000,-440130000,11.05(1.38 %),49400,548340000,89400,988470000,492927253,0.0
10/10/2024,-457100,-5110405000,11(-0.45 %),300,3350000,457400,5113755000,493384353,0.0
11/10/2024,18800,207060000,11(0.00 %),33400,367680000,14600,160620000,493365553,0.0
14/10/2024,-12100,-133850000,11(0.00 %),28000,308000000,40100,441850000,493377653,0.0
15/10/2024,266800,2966220000,11(0.00 %),314900,3497855000,48100,531635000,493110853,0.0
16/10/2024,-60200,-653910000,10.8(-1.82 %),2700,29295000,62900,683205000,493171053,0.0
17/10/2024,-22800,-245740000,10.8(0.00 %),17200,182620000,40000,428360000,493193853,0.0
18/10/2024,-166500,-1792910000,10.6(-1.85 %),1800,19110000,168300,1812020000,493360353,0.0
21/10/2024,86500,923725000,10.6(0.00 %),114500,1223325000,28000,299600000,493273853,0.0
22/10/2024,46000,487775000,10.5(-0.94 %),102300,1084380000,56300,596605000,493227853,0.0
23/10/2024,145500,1543945000,10.7(1.90 %),188700,1999550000,43200,455605000,493082353,0.0
24/10/2024,219500,2336175000,10.55(-1.40 %),264500,2817625000,45000,481450000,492862853,0.0
25/10/2024,-587800,-6059885000,10.15(-3.79 %),200,2075000,588000,6061960000,493450653,0.0
28/10/2024,-73400,-739550000,10.15(0.00 %),106300,1079270000,179700,1818820000,493524053,0.0
29/10/2024,-66600,-685700000,10.2(0.49 %),21200,218200000,87800,903900000,493590653,0.0
30/10/2024,-189900,-1973985000,10.35(1.47 %),11600,120600000,201500,2094585000,493780553,0.0
31/10/2024,-33500,-348350000,10.35(0.00 %),1000,10450000,34500,358800000,493814053,0.0
01/11/2024,-30500,-315575000,10.25(-0.97 %),0,0,30500,315575000,494420738,0.0
04/11/2024,260400,2716455000,10.3(0.49 %),280600,2925230000,20200,208775000,494160338,0.0
05/11/2024,-66900,-690755000,10.35(0.49 %),4300,44540000,71200,735295000,494227238,0.0
06/11/2024,556300,5763065000,10.45(0.97 %),583900,6049180000,27600,286115000,493670938,0.0
07/11/2024,343400,3596800000,10.4(-0.48 %),343700,3599935000,300,3135000,493327538,0.0
08/11/2024,-159300,-1655050000,10.35(-0.48 %),31800,330720000,191100,1985770000,493486838,0.0
11/11/2024,405500,4218590000,10.5(1.45 %),418900,4357380000,13400,138790000,493081338,0.0
12/11/2024,496200,5381835000,11.2(6.67 %),534900,5809190000,38700,427355000,489467791,2.71
13/11/2024,635700,7201610000,11.3(0.89 %),994500,11295210000,358800,4093600000,491949438,0.0
14/11/2024,1196900,13810430000,11.75(3.98 %),1365300,15799830000,168400,1989400000,490752538,0.0
15/11/2024,343200,4018005000,11.8(0.43 %),628700,7406435000,285500,3388430000,490409338,0.0
18/11/2024,621500,7120585000,11.4(-3.39 %),743700,8531555000,122200,1410970000,489787838,0.0
19/11/2024,620500,7170850000,11.4(0.00 %),1023500,11845965000,403000,4675115000,489167338,0.0
20/11/2024,163800,1915270000,11.65(2.19 %),347900,4058775000,184100,2143505000,489003538,0.0
21/11/2024,-89400,-1045380000,11.65(0.00 %),64400,746920000,153800,1792300000,489092938,0.0
22/11/2024,-1290100,-15754515000,11.7(0.43 %),548500,6453510000,1838600,22208025000,490383038,0.0
25/11/2024,-327200,-3821415000,12.1(3.42 %),368600,4411575000,695800,8232990000,488442583,2.81
26/11/2024,-1120900,-13480640000,12.15(0.41 %),113700,1380210000,1234600,14860850000,490167483,2.65
27/11/2024,-638600,-7605690000,11.75(-3.29 %),0,0,638600,7605690000,490863283,2.58
28/11/2024,392700,4718645000,11.95(1.70 %),703200,8409030000,310500,3690385000,491394683,2.53
29/11/2024,500100,5941545000,11.95(0.00 %),528900,6285545000,28800,344000000,491504383,2.52
02/12/2024,-597900,-7110975000,11.65(-2.51 %),130900,1568990000,728800,8679965000,491683983,2.5
03/12/2024,543800,6389660000,11.8(1.29 %),549300,6454010000,5500,64350000,491163483,2.55
04/12/2024,111300,1264755000,11.4(-3.39 %),198500,2278695000,87200,1013940000,491693783,2.5
05/12/2024,1081300,12506070000,11.7(2.63 %),1211400,14002685000,130100,1496615000,490487891,2.62
09/12/2024,113300,1343970000,12.6(5.88 %),666400,8152270000,553100,6808300000,489377891,2.72
10/12/2024,150400,1891170000,12.45(-1.19 %),562200,7067850000,411800,5176680000,489411591,2.72
16/12/2024,-359100,-4514930000,12.5(0.81 %),280000,3519250000,639100,8034180000,490343791,2.63
17/12/2024,-386800,-4804640000,12.45(-0.40 %),0,0,386800,4804640000,490675691,2.6
18/12/2024,-1599700,-20154385000,12.4(-0.40 %),19500,244035000,1619200,20398420000,491295291,2.54
19/12/2024,-250300,-3080355000,12.35(-0.40 %),200,2460000,250500,3082815000,491682010,2.5
20/12/2024,-1252700,-15325060000,12.25(-0.81 %),185500,2315400000,1438200,17640460000,493115680,2.37
24/12/2024,0,0,12.75(-0.78 %),0,0,0,0,493596310,2.32
25/12/2024,-43200,-549320000,12.5(-1.96 %),100,1270000,43300,550590000,493596410,2.32
26/12/2024,-396600,-4982730000,12.5(0.00 %),800,10040000,397400,4992770000,493743619,2.31
27/12/2024,-221000,-2761960000,12(-4.00 %),111100,1339910000,332100,4101870000,493675819,2.32
30/12/2024,238000,2827755000,12(0.00 %),261800,3115575000,23800,287820000,493811419,2.3
31/12/2024,-255100,-3080870000,12.05(0.42 %),34500,412780000,289600,3493650000,494109019,2.27
02/01/2025,770200,9547730000,12.3(2.07 %),783200,9706020000,13000,158290000,493349626,2.35
03/01/2025,-340200,-4079725000,11.85(-3.66 %),2800,33490000,343000,4113215000,493636426,2.32
06/01/2025,-5300,-91955000,11.6(-2.11 %),111800,1295165000,117100,1387120000,493537626,2.33
07/01/2025,-165400,-1935195000,11.65(0.43 %),110800,1301900000,276200,3237095000,493537626,2.33
08/01/2025,-570400,-6856645000,11.85(1.72 %),99700,1176810000,670100,8033455000,493787230,2.3
09/01/2025,-80400,-959495000,11.95(0.84 %),2000,23800000,82400,983295000,494061440,2.28
10/01/2025,188000,2226125000,11.65(-2.51 %),188000,2226125000,0,0,494543540,2.23
13/01/2025,1084900,12678925000,11.8(1.29 %),1250900,14642655000,166000,1963730000,493375132,2.34
14/01/2025,-221700,-2601460000,11.55(-2.12 %),0,0,221700,2601460000,493375132,2.34
15/01/2025,-164000,-1902875000,11.65(0.87 %),0,0,164000,1902875000,493541132,2.33
16/01/2025,93600,1103300000,11.75(0.86 %),188400,2221960000,94800,1118660000,493447532,0.0
17/01/2025,-140300,-1660775000,11.8(0.43 %),0,0,140300,1660775000,493738502,2.31
20/01/2025,11800,139805000,11.8(0.00 %),44200,522310000,32400,382505000,493789102,2.3
21/01/2025,291800,3472480000,11.95(1.27 %),291900,3473670000,100,1190000,493637502,2.32
22/01/2025,40900,489640000,12.1(1.26 %),246400,2990300000,205500,2500660000,493423502,2.34
23/01/2025,-146000,-1777375000,12.2(0.83 %),43000,520400000,189000,2297775000,493380692,2.34
24/01/2025,-295300,-3600045000,12.2(0.00 %),2000,24400000,297300,3624445000,493584192,2.32
03/02/2025,-164900,-1952230000,0(0.00 %),20500,241150000,185400,2193380000,493752692,2.31
04/02/2025,-8400,-100015000,11.9(0.42 %),10000,118000000,18400,218015000,494039992,2.28
05/02/2025,130700,1587130000,12(0.84 %),337000,4067175000,206300,2480045000,493888428,2.3
06/02/2025,-361000,-4442510000,12(0.00 %),234100,2853255000,595100,7295765000,493672743,2.32
07/02/2025,27400,340660000,12.3(2.50 %),54200,666330000,26800,325670000,493824843,2.3
10/02/2025,-10700,-138230000,12.45(1.22 %),340500,4187635000,351200,4325865000,494079443,2.28
11/02/2025,-348900,-4360960000,12.55(0.80 %),0,0,348900,4360960000,494106243,2.27
12/02/2025,-44200,-558010000,12.3(-1.99 %),50000,617500000,94200,1175510000,494407443,2.25
13/02/2025,191600,2358360000,12.4(0.81 %),338600,4178035000,147000,1819675000,494417682,2.25
14/02/2025,50400,624955000,12.4(0.00 %),117600,1461920000,67200,836965000,494394282,2.25
17/02/2025,509600,6382525000,12.45(0.40 %),624400,7817700000,114800,1435175000,493916882,2.29
18/02/2025,434200,5519135000,12.6(1.20 %),552200,7013155000,118000,1494020000,493431882,2.34
19/02/2025,226600,2851980000,12.75(1.19 %),594700,7539100000,368100,4687120000,492952041,2.38
20/02/2025,790200,10018715000,12.75(0.00 %),832400,10558725000,42200,540010000,492237641,2.45
21/02/2025,858500,10881555000,12.95(1.57 %),927400,11750955000,68900,869400000,491678341,2.5
24/02/2025,-318200,-4116735000,13(0.39 %),440700,5755945000,758900,9872680000,491279841,2.54
25/02/2025,25600,328805000,13(0.00 %),293900,3819440000,268300,3490635000,491048909,2.56
26/02/2025,-599900,-7813280000,12.7(-2.31 %),159200,2090090000,759100,9903370000,491648609,2.51
27/02/2025,1349200,17161200000,13.25(4.33 %),1486400,18952925000,137200,1791725000,490430561,2.62
28/02/2025,-363400,-4720115000,13(-1.89 %),118600,1551675000,482000,6271790000,491071061,2.56
03/03/2025,-355100,-4626235000,12.7(-2.31 %),12300,158055000,367400,4784290000,491195961,2.55
04/03/2025,-952500,-12085625000,12.65(-0.39 %),1000,12700000,953500,12098325000,491676961,2.5
05/03/2025,158400,2015530000,12.5(-1.19 %),295600,3739030000,137200,1723500000,491748761,2.5
06/03/2025,-637900,-7962100000,12.55(0.40 %),0,0,637900,7962100000,492702268,2.41
07/03/2025,-460600,-5790465000,12.55(0.00 %),4600,57770000,465200,5848235000,492834868,2.39
10/03/2025,-478200,-5960685000,12.55(0.00 %),100,1245000,478300,5961930000,493472668,2.33
11/03/2025,-398400,-4945055000,12.5(-0.40 %),0,0,398400,4945055000,493472668,2.33
12/03/2025,772800,9827675000,12.7(1.60 %),916800,11660560000,144000,1832885000,493499168,2.33
13/03/2025,-297300,-3750355000,12.35(-2.76 %),9000,113790000,306300,3864145000,493888573,2.3
14/03/2025,-9500,-119265000,12.45(0.81 %),200,2470000,9700,121735000,494032473,2.28
17/03/2025,-530100,-6569540000,12.45(0.00 %),500,6180000,530600,6575720000,494338273,2.25
18/03/2025,-270900,-3397155000,12.5(0.40 %),28500,355555000,299400,3752710000,494319673,2.25
19/03/2025,-30400,-374315000,12.4(-0.80 %),1300,16010000,31700,390325000,494849459,2.2
20/03/2025,-19200,-236775000,12.4(0.00 %),500,6150000,19700,242925000,495148367,2.18
21/03/2025,183400,2302390000,12.35(-0.40 %),385400,4798220000,202000,2495830000,494795580,2.21
24/03/2025,561500,6977700000,12.35(0.00 %),581200,7225125000,19700,247425000,494234180,2.26
25/03/2025,880500,11111900000,12.7(2.83 %),895300,11297640000,14800,185740000,493540964,2.33
26/03/2025,377300,4866230000,12.7(0.00 %),424200,5473720000,46900,607490000,493136364,2.37
27/03/2025,-149000,-1892345000,12.6(-0.79 %),400,5070000,149400,1897415000,493150774,2.36
28/03/2025,-371500,-4654880000,12.4(-1.59 %),400,5005000,371900,4659885000,493197374,2.36
31/03/2025,-725200,-8885240000,12.2(-1.61 %),700,8570000,725900,8893810000,493346074,2.35
01/04/2025,-2000,-23925000,12.3(0.82 %),68400,839960000,70400,863885000,493649574,2.32
02/04/2025,-31400,-385855000,12.4(0.81 %),17700,218075000,49100,603930000,494358045,2.25
03/04/2025,-728800,-8575550000,11.55(-6.85 %),48900,564825000,777700,9140375000,494379545,2.25
04/04/2025,-105500,-1134185000,11(-4.76 %),4500,48765000,110000,1182950000,494424145,2.24
08/04/2025,81900,847605000,10.25(-6.82 %),82300,851735000,400,4130000,495119645,2.18
09/04/2025,1280600,12866407000,9.81(-4.29 %),1287500,12935908000,6900,69501000,493942145,2.29
10/04/2025,-1900,-19855000,10.45(6.52 %),0,0,1900,19855000,493941345,2.29
11/04/2025,272700,3035255000,11.15(6.70 %),338200,3763735000,65500,728480000,493610045,2.32
14/04/2025,-79000,-879085000,11.4(2.24 %),329700,3726815000,408700,4605900000,493282245,2.35
15/04/2025,432400,5013145000,12.15(6.58 %),1109600,13145095000,677200,8131950000,492238244,2.45
16/04/2025,577400,7134425000,12.5(2.88 %),1059100,13209435000,481700,6075010000,491587844,2.51
17/04/2025,122200,1486180000,12.4(-0.80 %),584000,7168570000,461800,5682390000,491681051,2.5
18/04/2025,-443900,-5530695000,12.4(0.00 %),70100,865215000,514000,6395910000,492092651,2.47
21/04/2025,506600,6116000000,12(-3.23 %),924700,11133225000,418100,5017225000,491629751,2.51
22/04/2025,-447100,-5398840000,11.85(-1.25 %),1445100,16691730000,1892200,22090570000,490698651,2.6
23/04/2025,-159900,-1931345000,12(1.27 %),0,0,159900,1931345000,491122751,2.56
24/04/2025,-127600,-1773200000,12.25(2.08 %),518700,6266745000,646300,8039945000,492496251,2.43
25/04/2025,27100,371850000,12.45(1.63 %),865500,10744540000,838400,10372690000,491790651,2.49
28/04/2025,165800,2203590000,13.3(6.83 %),718800,9461470000,553000,7257880000,491718151,2.5
29/04/2025,911700,12134500000,13.1(-1.50 %),1335400,17861385000,423700,5726885000,491221151,2.55
05/05/2025,972200,11274745000,13.4(2.29 %),972200,13041315000,0,1766570000,490932851,2.57
06/05/2025,-309700,-4161610000,12.8(-4.48 %),362900,4822860000,672600,8984470000,491356551,2.53
07/05/2025,1705400,22135100000,13.15(2.73 %),1861900,24175750000,156500,2040650000,489651151,2.7
08/05/2025,-600000,-7778550000,13(-1.14 %),21600,280200000,621600,8058750000,489960851,2.67
09/05/2025,192100,2487180000,13(0.00 %),999100,13127000000,807000,10639820000,489768751,2.68
12/05/2025,-26500,-339340000,13.15(1.15 %),199400,2612130000,225900,2951470000,490368751,2.63
13/05/2025,-714600,-9747385000,13.5(2.66 %),1159000,15528135000,1873600,25275520000,490368751,2.63
14/05/2025,-826600,-11271555000,13.6(0.74 %),124100,1689595000,950700,12961150000,490395240,2.63
15/05/2025,97900,-6582940000,13.2(-2.94 %),97900,1312495000,0,7895435000,491109840,2.56
16/05/2025,902500,3760835000,13.3(0.76 %),902500,11911630000,0,8150795000,491647147,2.51
19/05/2025,98200,-13290025000,12.8(-3.76 %),98200,1287105000,0,14577130000,492141247,2.46
20/05/2025,1033005,12037478100,13.1(2.34 %),1033005,13499760500,0,1462282400,491220012,2.55
21/05/2025,415700,2961103000,13.3(1.53 %),415700,5419820000,0,2458717000,492022116,2.47
22/05/2025,725200,-10653445000,13.15(-1.13 %),725200,9595815000,0,20249260000,492022116,2.47
23/05/2025,1894600,25409310000,13.8(4.94 %),2689700,36176090000,795100,10766780000,490127573,2.65
26/05/2025,405200,-970535000,13.65(-1.09 %),405200,5462190000,0,6432725000,490912673,2.58
27/05/2025,-1842100,-25455930000,13.75(0.73 %),10100,138805000,1852200,25594735000,490912673,2.58
28/05/2025,1089700,4479275000,14.1(2.55 %),1089700,15244215000,0,10764940000,490658473,2.6
29/05/2025,148724,-9963954350,13.9(-1.42 %),148724,2061395650,0,12025350000,492500581,2.43
30/05/2025,1409857,17389388400,14(0.72 %),1409857,19613168400,0,2223780000,491250324,2.54
02/06/2025,30100,-17841010000,13.7(-2.14 %),30100,408940000,0,18249950000,491957500,2.48
03/06/2025,797300,4464696800,13.05(-4.74 %),797300,10836490000,0,6371793200,491636536,2.51
04/06/2025,1034000,6356505000,13.2(1.15 %),1034000,13531635000,0,7175130000,492460236,2.43
05/06/2025,96400,-1179695000,13(-1.52 %),96400,1260690000,0,2440385000,492460236,2.43
06/06/2025,756800,-966880000,13.15(1.15 %),756800,10148925000,0,11115805000,492460236,2.43
09/06/2025,250200,-6478647000,12.75(-3.04 %),250200,3243440000,0,9722087000,492550036,2.42
10/06/2025,58300,-3541131600,12.95(1.57 %),58300,753090000,0,4294221600,492621836,2.41
11/06/2025,-268700,-3512835000,13(0.39 %),48200,628130000,316900,4140965000,493112616,2.37
12/06/2025,-126900,-1673355000,13.25(1.92 %),53000,700835000,179900,2374190000,493383864,2.34
13/06/2025,-1218100,-15607075000,12.8(-3.40 %),186100,2403930000,1404200,18011005000,493652564,2.32
16/06/2025,97600,1259035000,12.95(1.17 %),97600,1259035000,0,0,493681864,2.31
17/06/2025,610100,7909430000,12.9(-0.39 %),638900,8282325000,28800,372895000,494289896,2.26
18/06/2025,540800,6978390000,13.15(1.94 %),681100,8830595000,140300,1852205000,493749096,2.31
19/06/2025,-52400,-683020000,12.95(-1.52 %),20400,270050000,72800,953070000,493749096,2.31
20/06/2025,430500,5576000000,13(0.39 %),607600,7898800000,177100,2322800000,493318596,2.35
23/06/2025,-342300,-4419675000,12.9(-0.77 %),5300,68620000,347600,4488295000,493371000,2.34
24/06/2025,24600,321380000,12.9(0.00 %),49700,646440000,25100,325060000,493346400,2.35
25/06/2025,227000,2974935000,13.1(1.55 %),243800,3195805000,16800,220870000,493461700,2.34
26/06/2025,-114700,-1486585000,12.95(-1.15 %),600,7770000,115300,1494355000,493461700,2.34
27/06/2025,-148600,-1922765000,12.9(-0.39 %),30600,395265000,179200,2318030000,493461700,2.34
30/06/2025,45800,594395000,12.95(0.39 %),176400,2292195000,130600,1697800000,493530600,2.33
01/07/2025,1360700,17867665000,13.2(1.93 %),1365600,17932130000,4900,64465000,492318506,2.44
02/07/2025,-596000,-7958880000,13.2(0.00 %),0,0,596000,7958880000,492318506,2.44
03/07/2025,227100,3004680000,13.2(0.00 %),371600,4927050000,144500,1922370000,492091406,2.47
04/07/2025,-519200,-6871695000,13.35(1.14 %),560200,7473875000,1079400,14345570000,492687412,2.41
07/07/2025,-1386300,-18739335000,13.55(1.50 %),300,4020000,1386600,18743355000,492687412,2.41
08/07/2025,452900,6130955000,13.6(0.37 %),655000,8885385000,202100,2754430000,492753743,2.4
09/07/2025,-192700,-2744910000,13.6(0.00 %),339300,4672860000,532000,7417770000,494139443,2.27
10/07/2025,46000,631640000,13.55(-0.37 %),122600,1673625000,76600,1041985000,494139443,2.27
11/07/2025,21100,220555000,13.4(-1.11 %),579900,7759270000,558800,7538715000,494265043,2.26
14/07/2025,66800,941400000,14.1(5.22 %),529600,7131300000,462800,6189900000,494198243,2.27
15/07/2025,-110300,-1535340000,13.65(-3.19 %),12100,169535000,122400,1704875000,494198243,2.27
16/07/2025,281500,3818850000,13.6(-0.37 %),292400,3968135000,10900,149285000,493916743,2.29
17/07/2025,1064000,14772645000,13.9(2.21 %),1616100,22444245000,552100,7671600000,493916743,2.29
18/07/2025,2215300,31723675000,14.85(6.83 %),2255300,32301520000,40000,577845000,490744860,2.59
21/07/2025,1006700,14676985000,14.6(-1.68 %),1179200,17253460000,172500,2576475000,489735760,2.69
22/07/2025,-225400,-3355415000,15(2.74 %),913800,13635625000,1139200,16991040000,489735760,2.69
23/07/2025,-2374200,-35202350000,14.5(-3.33 %),166400,2475115000,2540600,37677465000,489735760,2.69
24/07/2025,236800,3153985000,14(-3.45 %),864800,12187355000,628000,9033370000,489724392,2.69
25/07/2025,-2459000,-34695090000,14.05(0.36 %),68400,964925000,2527400,35660015000,492098592,2.46
28/07/2025,-68500,-981710000,14.2(1.07 %),79800,1135350000,148300,2117060000,492098592,2.46
29/07/2025,-1013700,-14155250000,13.3(-6.34 %),306600,4259850000,1320300,18415100000,494556392,2.23
30/07/2025,367100,4934755000,13.65(2.63 %),379100,5096465000,12000,161710000,494257769,2.26
31/07/2025,570800,7954665000,13.95(2.20 %),594700,8288095000,23900,333430000,494700669,2.22
01/08/2025,481800,6717075000,13.9(-0.36 %),515400,7190085000,33600,473010000,494218869,2.26
04/08/2025,165200,2294925000,13.95(0.36 %),292900,4082325000,127700,1787400000,494053669,2.28
05/08/2025,4999700,72426255000,14.9(6.81 %),5763600,83582670000,763900,11156415000,489053969,2.75
06/08/2025,-188800,-2861710000,15.2(2.01 %),367000,5643070000,555800,8504780000,489053969,2.75
07/08/2025,1782500,26822265000,15.1(-0.66 %),1876900,28253410000,94400,1431145000,487269869,2.92
08/08/2025,1009500,15974195000,16.15(6.95 %),3372600,53285625000,2363100,37311430000,486449200,3.0
11/08/2025,-457900,-7618980000,16(-0.93 %),1185700,19009890000,1643600,26628870000,486446400,3.0
12/08/2025,109000,1596035000,16.2(1.25 %),1748400,27894565000,1639400,26298530000,486336025,3.01
13/08/2025,-2484900,-40028015000,16.2(0.00 %),1343700,21677840000,3828600,61705855000,486793925,2.97
14/08/2025,-564800,-8975530000,15.9(-1.85 %),525300,8399715000,1090100,17375245000,486793925,2.97
15/08/2025,650000,10135895000,15.9(0.00 %),1830300,28977595000,1180300,18841700000,488558825,2.8
18/08/2025,687000,10785605000,16.65(4.72 %),1775400,28597420000,1088400,17811815000,488436625,2.81
19/08/2025,-1312700,-22220365000,16.65(0.00 %),595100,10080710000,1907800,32301075000,488436625,2.81
20/08/2025,1007400,15817325000,16.3(-2.10 %),2880200,46183035000,1872800,30365710000,487427048,2.91
21/08/2025,2818900,47089755000,16.85(3.37 %),3810100,63478620000,991200,16388865000,485918503,3.05
22/08/2025,-440900,-7419995000,16.1(-4.45 %),924500,14918365000,1365400,22338360000,485918503,3.05
25/08/2025,3363500,55986265000,17.2(6.83 %),4284500,71733260000,921000,15746995000,485918503,3.05
