Ngay,KLGDRong,GTDGRong,ThayDoi,KLMua,GtMua,KLBan,GtBan,RoomConLai,DangSoHuu
30/03/2010,6600,270300000,0(0.00 %),6600,270300000,0,0,22003800,0.1
31/03/2010,188000,7737790000,0(0.00 %),203000,8392000000,15000,654210000,21815800,0.52
01/04/2010,0,0,0(0.00 %),0,0,0,0,21815800,0.52
02/04/2010,3000,132000000,0(0.00 %),3000,132000000,0,0,21812800,0.53
05/04/2010,6500,276620000,0(0.00 %),6500,276620000,0,0,21806300,0.54
06/04/2010,-8000,-352000000,0(0.00 %),2000,88000000,10000,440000000,21814300,0.52
07/04/2010,-18300,-813170000,0(0.00 %),1700,74630000,20000,887800000,21832600,0.48
08/04/2010,-46000,-2079100000,0(0.00 %),0,0,46000,2079100000,21878600,0.38
09/04/2010,-40000,-1892400000,0(0.00 %),0,0,40000,1892400000,21918600,0.29
12/04/2010,-2700,-138350000,0(0.00 %),1300,64850000,4000,203200000,21921300,0.29
13/04/2010,0,0,0(0.00 %),0,0,0,0,21921300,0.29
14/04/2010,2500,117100000,0(0.00 %),4500,216500000,2000,99400000,21918800,0.29
15/04/2010,-28000,-1393510000,0(0.00 %),0,0,28000,1393510000,21946800,0.23
16/04/2010,-8500,-427400000,0(0.00 %),0,0,8500,427400000,21955300,0.21
19/04/2010,-5300,-265300000,0(0.00 %),0,0,5300,265300000,21960600,0.2
20/04/2010,-4200,-214200000,0(0.00 %),0,0,4200,214200000,21964800,0.19
21/04/2010,0,0,0(0.00 %),0,0,0,0,21964800,0.19
22/04/2010,29000,1593670000,0(0.00 %),29000,1593670000,0,0,21935800,0.25
26/04/2010,316400,17117770000,0(0.00 %),320000,17312530000,3600,194760000,21619400,0.96
27/04/2010,258000,13762400000,0(0.00 %),258000,13762400000,0,0,21361400,1.53
28/04/2010,2100,110300000,53.2(-0.19 %),2100,110300000,0,0,21359300,1.53
04/05/2010,0,0,54.3(2.26 %),0,0,0,0,21359300,1.53
06/05/2010,0,0,56(2.94 %),0,0,0,0,21359300,1.53
07/05/2010,4000,211200000,53.7(-4.11 %),4000,211200000,0,0,21355300,1.54
10/05/2010,0,0,50.6(-5.60 %),0,0,0,0,21355300,1.54
11/05/2010,0,0,51.1(0.79 %),0,0,0,0,21355300,1.54
12/05/2010,0,0,48.7(-5.98 %),0,0,0,0,21355300,1.54
13/05/2010,0,0,49.2(0.41 %),0,0,0,0,21355300,1.54
14/05/2010,0,0,49.3(-0.20 %),0,0,0,0,21355300,1.54
17/05/2010,2700,131250000,48.2(-2.23 %),2700,131250000,0,0,21352600,1.55
18/05/2010,4700,226940000,49.2(0.82 %),4700,226940000,0,0,21347900,1.56
19/05/2010,0,0,50(2.67 %),0,0,0,0,21347900,1.56
20/05/2010,1500,74000000,51.5(4.25 %),2000,100000000,500,26000000,21346400,1.56
21/05/2010,-9400,-452030000,48.3(-4.17 %),600,30000000,10000,482030000,21355800,1.54
24/05/2010,-11500,-564350000,49.3(1.44 %),4000,197400000,15500,761750000,21367300,1.52
25/05/2010,-1200,-57980000,48.2(-2.03 %),0,0,1200,57980000,21368500,1.51
26/05/2010,0,0,27.6(6.98 %),0,0,0,0,21368500,1.51
27/05/2010,-7000,-206500000,29.5(6.88 %),0,0,7000,206500000,21375500,1.5
28/05/2010,168600,5288500000,31.5(6.78 %),183600,5760900000,15000,472400000,21206900,1.87
31/05/2010,-400,-12650000,31.1(-0.96 %),600,18650000,1000,31300000,21207300,1.87
01/06/2010,200000,6136120000,31.2(-0.64 %),200000,6136120000,0,0,21007300,2.32
02/06/2010,400,12200000,30.9(0.98 %),400,12200000,0,0,21006900,2.32
03/06/2010,0,0,30.8(0.65 %),0,0,0,0,21006900,2.32
04/06/2010,100,3100000,30.5(-1.29 %),100,3100000,0,0,21006800,2.32
07/06/2010,150000,4359000000,28.8(-5.88 %),150000,4359000000,0,0,20856800,2.65
08/06/2010,1000,29000000,29.2(0.69 %),1000,29000000,0,0,20855800,2.65
09/06/2010,0,0,29.2(0.69 %),0,0,0,0,20855800,2.65
10/06/2010,0,0,29(-1.02 %),0,0,0,0,20855800,2.65
11/06/2010,100,2900000,29.1(0.69 %),100,2900000,0,0,20855700,2.65
14/06/2010,0,0,29.1(-0.68 %),0,0,0,0,20855700,2.65
15/06/2010,0,0,28.9(-0.69 %),0,0,0,0,20855700,2.65
16/06/2010,0,0,29.2(0.69 %),0,0,0,0,20855700,2.65
17/06/2010,0,0,29.4(1.03 %),0,0,0,0,20855700,2.65
18/06/2010,-16100,-490660000,30.8(5.12 %),0,0,16100,490660000,20871800,2.62
21/06/2010,0,0,32.5(6.91 %),0,0,0,0,20871800,2.62
22/06/2010,-500,-17150000,34.3(6.85 %),0,0,500,17150000,20872300,2.62
23/06/2010,5500,197800000,36.1(6.18 %),6000,215900000,500,18100000,20866800,2.63
24/06/2010,-200300,-7096420000,35.4(-0.84 %),0,0,200300,7096420000,21067100,2.18
25/06/2010,-200,-6920000,34.6(-3.08 %),0,0,200,6920000,21067300,2.18
28/06/2010,0,0,34.7(1.76 %),0,0,0,0,21067300,2.18
29/06/2010,-1000,-34800000,34.6(0.00 %),0,0,1000,34800000,21068300,2.18
30/06/2010,0,0,33(-4.35 %),0,0,0,0,21068300,2.18
01/07/2010,-29400,-967220000,32.9(-0.90 %),0,0,29400,967220000,21097700,2.12
02/07/2010,0,0,33.1(0.61 %),0,0,0,0,21097700,2.12
05/07/2010,0,0,32.9(-0.90 %),0,0,0,0,21097700,2.12
06/07/2010,0,0,31.9(-3.04 %),0,0,0,0,21097700,2.12
07/07/2010,1000,32100000,31.7(-1.25 %),1000,32100000,0,0,21096700,2.12
08/07/2010,0,0,32(0.31 %),0,0,0,0,21096700,2.12
09/07/2010,0,0,32(-0.93 %),0,0,0,0,21096700,2.12
12/07/2010,3400,110520000,32.3(0.62 %),13400,432430000,10000,321910000,21093300,2.13
13/07/2010,0,0,34.2(6.88 %),0,0,0,0,21093300,2.13
14/07/2010,0,0,33.8(0.60 %),0,0,0,0,21093300,2.13
15/07/2010,0,0,32.4(-6.09 %),0,0,0,0,21093300,2.13
16/07/2010,2000,64000000,31.8(-3.05 %),2000,64000000,0,0,21091300,2.13
19/07/2010,0,0,31.1(-2.51 %),0,0,0,0,21091300,2.13
20/07/2010,0,0,31.9(2.57 %),0,0,0,0,21091300,2.13
21/07/2010,0,0,31.3(-2.19 %),0,0,0,0,21091300,2.13
22/07/2010,-13400,-416740000,30.8(-2.53 %),0,0,13400,416740000,21104700,2.1
23/07/2010,1000,31100000,30.7(-1.60 %),1000,31100000,0,0,21103700,2.1
26/07/2010,0,0,31(0.00 %),0,0,0,0,21103700,2.1
27/07/2010,0,0,30.7(0.33 %),0,0,0,0,21103700,2.1
28/07/2010,0,0,29.7(-3.88 %),0,0,0,0,21103700,2.1
29/07/2010,0,0,29.6(-1.33 %),0,0,0,0,21103700,2.1
30/07/2010,0,0,29.5(-1.01 %),0,0,0,0,21103700,2.1
02/08/2010,0,0,29.1(-2.35 %),0,0,0,0,21103700,2.1
03/08/2010,0,0,29(-1.69 %),0,0,0,0,21103700,2.1
04/08/2010,0,0,28.4(-2.41 %),0,0,0,0,21103700,2.1
05/08/2010,0,0,28.3(-1.39 %),0,0,0,0,21103700,2.1
06/08/2010,0,0,28.4(-0.35 %),0,0,0,0,21103700,2.1
09/08/2010,0,0,27(-4.93 %),0,0,0,0,21103700,2.1
10/08/2010,300,7890000,26(-5.80 %),300,7890000,0,0,21103400,2.1
11/08/2010,400,10560000,26.3(0.77 %),400,10560000,0,0,21103000,2.1
12/08/2010,0,0,24.5(-6.84 %),0,0,0,0,21103000,2.1
13/08/2010,0,0,24.9(0.00 %),0,0,0,0,21103000,2.1
16/08/2010,15000,385500000,26.4(6.88 %),15000,385500000,0,0,21088000,2.14
17/08/2010,0,0,25.2(-3.08 %),0,0,0,0,21088000,2.14
18/08/2010,0,0,24.6(-3.91 %),0,0,0,0,21088000,2.14
19/08/2010,0,0,24.4(-0.81 %),0,0,0,0,21088000,2.14
20/08/2010,0,0,24.3(-0.82 %),0,0,0,0,21088000,2.14
23/08/2010,0,0,23.8(-2.06 %),0,0,0,0,21088000,2.14
24/08/2010,0,0,22.5(-6.64 %),0,0,0,0,21088000,2.14
25/08/2010,0,0,21.3(-6.58 %),0,0,0,0,21088000,2.14
26/08/2010,0,0,21.4(0.00 %),0,0,0,0,21088000,2.14
27/08/2010,0,0,21.2(-1.40 %),0,0,0,0,21088000,2.14
30/08/2010,0,0,22.7(6.57 %),0,0,0,0,21088000,2.14
31/08/2010,0,0,24(6.67 %),0,0,0,0,21088000,2.14
01/09/2010,0,0,24.8(5.08 %),0,0,0,0,21088000,2.14
06/09/2010,0,0,26.2(6.94 %),0,0,0,0,21117800,2.14
07/09/2010,0,0,25.3(-2.32 %),0,0,0,0,21088000,2.14
08/09/2010,0,0,24.3(-5.08 %),0,0,0,0,21088000,2.14
09/09/2010,5000,125000000,24.6(0.82 %),5000,125000000,0,0,21083000,2.15
10/09/2010,0,0,23.2(-6.45 %),0,0,0,0,21083000,27.92
13/09/2010,100,2350000,22(-6.78 %),100,2350000,0,0,47223260,1.78
14/09/2010,0,0,22.5(1.81 %),0,0,0,0,47223260,1.78
15/09/2010,0,0,21.8(-1.80 %),0,0,0,0,47223260,1.78
16/09/2010,0,0,22.1(0.45 %),0,0,0,0,47223260,1.78
17/09/2010,0,0,23.4(6.85 %),0,0,0,0,47223260,1.78
20/09/2010,0,0,23.3(1.75 %),0,0,0,0,47223260,1.78
21/09/2010,0,0,22.8(-3.39 %),0,0,0,0,47223260,1.78
22/09/2010,-3000,-68400000,22.9(-0.87 %),0,0,3000,68400000,47226260,1.77
23/09/2010,100,2240000,22.3(-3.04 %),100,2240000,0,0,47226160,1.77
24/09/2010,0,0,22.3(0.45 %),0,0,0,0,47226160,1.77
27/09/2010,0,0,22.3(0.00 %),0,0,0,0,47226160,1.77
28/09/2010,0,0,22.3(0.45 %),0,0,0,0,47226160,1.77
29/09/2010,0,0,21.4(-5.31 %),0,0,0,0,47226160,1.77
30/09/2010,0,0,21.3(-2.29 %),0,0,0,0,47226160,1.77
01/10/2010,0,0,21.1(-0.47 %),0,0,0,0,47226160,1.77
04/10/2010,-5400,-111060000,19.8(-6.60 %),0,0,5400,111060000,47231560,1.77
05/10/2010,-105400,-1981180000,18.7(-6.50 %),31800,613940000,137200,2595120000,47336960,1.66
06/10/2010,1000,19000000,19.6(3.70 %),1000,19000000,0,0,47335960,1.66
07/10/2010,0,0,19.4(0.00 %),0,0,0,0,47335960,1.66
08/10/2010,0,0,18.7(-3.61 %),0,0,0,0,47335960,1.66
11/10/2010,0,0,18.7(-1.58 %),0,0,0,0,47335960,1.66
12/10/2010,28000,505200000,18.1(-4.23 %),50000,907200000,22000,402000000,47307960,1.69
13/10/2010,-49800,-907200000,18.3(0.00 %),0,0,49800,907200000,47357760,1.64
14/10/2010,21000,395400000,19.4(6.59 %),21000,395400000,0,0,47336760,1.66
15/10/2010,37600,731200000,19.4(1.04 %),40000,778000000,2400,46800000,47299160,1.7
18/10/2010,12000,229120000,19.2(-2.04 %),17000,327120000,5000,98000000,47287160,1.71
19/10/2010,30000,561000000,18.8(-3.59 %),30000,561000000,0,0,47257160,1.74
20/10/2010,20000,359050000,17.8(-5.32 %),20000,359050000,0,0,47237160,1.76
21/10/2010,20000,360000000,18(0.00 %),20000,360000000,0,0,47217160,1.78
22/10/2010,300,5400000,18.3(1.10 %),300,5400000,0,0,47216860,1.78
25/10/2010,5000,90000000,18.6(2.20 %),5000,90000000,0,0,47211860,1.79
26/10/2010,19600,380940000,19.5(6.56 %),19600,380940000,0,0,47192260,1.81
27/10/2010,43500,828300000,18.8(-3.09 %),43500,828300000,0,0,47148760,1.85
28/10/2010,20000,370000000,18.6(-2.62 %),20000,370000000,0,0,47128760,1.87
29/10/2010,0,0,18.9(1.07 %),0,0,0,0,47128760,1.87
01/11/2010,41000,766100000,18.5(-2.12 %),41000,766100000,0,0,47087760,1.91
02/11/2010,20000,367000000,18.5(-0.54 %),20000,367000000,0,0,47067760,1.93
03/11/2010,20200,366100000,18.1(-1.63 %),20200,366100000,0,0,47047560,1.95
04/11/2010,5000,91000000,18.3(0.55 %),5000,91000000,0,0,47042560,1.96
05/11/2010,0,0,18.9(3.28 %),0,0,0,0,47042560,1.96
08/11/2010,20000,370000000,18.5(-2.12 %),20000,370000000,0,0,47022560,1.98
09/11/2010,20800,378800000,18.1(-3.21 %),20800,378800000,0,0,47001760,2.0
10/11/2010,0,0,18.1(-0.55 %),0,0,0,0,47001760,2.0
11/11/2010,45500,808050000,17.4(-3.87 %),45500,808050000,0,0,46956260,2.04
12/11/2010,50500,834820000,16.5(-6.25 %),50500,834820000,0,0,46905760,2.09
15/11/2010,-85700,-1381100000,15.6(-6.02 %),14300,225580000,100000,1606680000,46991460,2.01
16/11/2010,46000,694850000,15(-6.25 %),46000,694850000,0,0,46945460,2.05
17/11/2010,27500,420950000,15.4(1.32 %),28000,428700000,500,7750000,46917960,2.08
18/11/2010,1000,15600000,16(3.90 %),1000,15600000,0,0,46916960,2.08
19/11/2010,59800,949220000,15.4(-3.14 %),59800,949220000,0,0,46857160,2.14
22/11/2010,42700,637360000,14.9(-5.70 %),43000,641800000,300,4440000,46814460,2.19
23/11/2010,-113800,-1699300000,15.2(2.01 %),36200,543200000,150000,2242500000,46928260,2.07
24/11/2010,27000,395100000,14.8(-1.33 %),27000,395100000,0,0,46901260,2.1
25/11/2010,19000,288500000,15.7(6.80 %),20000,304000000,1000,15500000,46882260,2.12
26/11/2010,20000,318600000,16.1(3.87 %),20000,318600000,0,0,46862260,2.14
29/11/2010,66000,1060900000,17.1(6.88 %),66500,1069400000,500,8500000,46796260,2.2
30/11/2010,21000,369050000,17.6(6.67 %),21000,369050000,0,0,46775260,2.22
01/12/2010,62400,1099840000,17.3(-1.70 %),62400,1099840000,0,0,46712860,2.29
02/12/2010,9500,169850000,18.9(6.78 %),10000,179000000,500,9150000,46703360,2.3
03/12/2010,700,13650000,19.5(6.56 %),10000,195000000,9300,181350000,46702660,2.3
06/12/2010,45800,952040000,20.5(5.13 %),46000,956200000,200,4160000,46656860,2.34
07/12/2010,7500,154860000,20.8(0.00 %),49500,1070960000,42000,916100000,46649360,2.35
08/12/2010,-8000,-156000000,20.2(-4.27 %),10000,208000000,18000,364000000,46657360,2.34
09/12/2010,-47900,-1009100000,21.7(6.90 %),3100,62400000,51000,1071500000,46705260,2.29
10/12/2010,-100000,-2220000000,22.2(6.73 %),0,0,100000,2220000000,46805260,2.19
13/12/2010,-100000,-2370000000,23.7(6.76 %),0,0,100000,2370000000,46905260,2.09
14/12/2010,-6000,-129860000,24.4(2.95 %),56000,1411800000,62000,1541660000,46911260,2.09
15/12/2010,29200,745730000,24.9(-0.40 %),72300,1820690000,43100,1074960000,46882060,2.12
16/12/2010,119300,2814080000,23.5(-6.75 %),200000,4714000000,80700,1899920000,46762760,2.24
17/12/2010,13000,328900000,25.3(6.75 %),120000,3029000000,107000,2700100000,46749760,2.25
20/12/2010,19000,491900000,25(-0.40 %),45000,1170800000,26000,678900000,46837260,2.16
21/12/2010,-106500,-2588160000,24.6(-3.53 %),29000,723640000,135500,3311800000,46856260,2.14
22/12/2010,35000,870500000,23.4(-4.10 %),40000,992500000,5000,122000000,46821260,2.18
23/12/2010,26000,622680000,22.8(-5.00 %),60000,1404000000,34000,781320000,46795260,2.2
24/12/2010,0,0,22.6(-1.74 %),0,0,0,0,46795260,2.2
27/12/2010,55000,1275700000,23.2(1.75 %),55000,1275700000,0,0,46740260,2.26
28/12/2010,-1000,-24400000,24.8(6.90 %),0,0,1000,24400000,46741260,2.26
29/12/2010,30600,776720000,24(-1.23 %),35600,901120000,5000,124400000,46710660,2.29
30/12/2010,30100,718480000,23.6(-3.67 %),30100,718480000,0,0,46680560,2.32
31/12/2010,122000,2921040000,23.8(-0.42 %),122000,2921040000,0,0,46558560,2.44
04/01/2011,40000,978000000,23.7(-0.84 %),40000,978000000,0,0,46518560,2.48
05/01/2011,222900,5150290000,22.8(-5.00 %),276900,6378490000,54000,1228200000,46295660,2.7
06/01/2011,24100,544150000,22.7(-1.30 %),42100,951250000,18000,407100000,46271560,2.73
07/01/2011,81600,1866480000,22.2(-2.20 %),101600,2306480000,20000,440000000,46189960,2.81
10/01/2011,-28000,-602400000,21.2(-6.19 %),0,0,28000,602400000,46217960,2.78
11/01/2011,-133000,-2721100000,20.1(-6.51 %),8000,160000000,141000,2881100000,46350960,2.65
12/01/2011,-1000,-19800000,20.7(1.97 %),4000,83700000,5000,103500000,46351960,2.65
13/01/2011,39900,845650000,20.9(1.46 %),69900,1463650000,30000,618000000,46312060,2.69
14/01/2011,0,0,21.3(2.40 %),0,0,0,0,46312060,2.68
17/01/2011,131000,2894030000,22(4.76 %),135000,2979230000,4000,85200000,46181060,2.81
18/01/2011,0,0,21(-4.55 %),0,0,0,0,46181060,2.82
19/01/2011,-20000,-414000000,20.8(-3.26 %),0,0,20000,414000000,46201060,2.8
20/01/2011,-3200,-68180000,20.3(-2.40 %),2300,46970000,5500,115150000,46204260,2.79
21/01/2011,-91700,-1875880000,20.2(-1.46 %),20000,410000000,111700,2285880000,46292760,2.71
24/01/2011,-43000,-861450000,19.4(-5.37 %),0,0,43000,861450000,46335760,2.66
25/01/2011,2000,38000000,19(-4.04 %),2000,38000000,0,0,46333760,2.67
26/01/2011,-34000,-671500000,19.6(2.08 %),0,0,34000,671500000,46367760,2.63
27/01/2011,-15000,-300000000,20.1(2.03 %),10000,200000000,25000,500000000,46382760,2.62
28/01/2011,-3000,-61640000,19.6(-1.51 %),27000,535360000,30000,597000000,46385760,2.61
08/02/2011,5000000,96000000000,19.9(0.00 %),5000000,96000000000,0,0,41385760,7.61
09/02/2011,-12000,-252400000,20.8(5.05 %),20000,422000000,32000,674400000,41397760,7.6
10/02/2011,0,0,20.5(-2.38 %),0,0,0,0,41397760,7.6
11/02/2011,1000,20600000,20.6(0.00 %),1000,20600000,0,0,41396760,7.6
14/02/2011,50000,1025000000,20.5(0.00 %),50000,1025000000,0,0,41346760,7.65
15/02/2011,-32100,-638590000,20(-2.44 %),1500,30050000,33600,668640000,41378860,7.62
16/02/2011,-60000,-1194300000,19.8(-1.49 %),0,0,60000,1194300000,41438860,7.56
17/02/2011,-249500,-4775600000,19(-5.00 %),500,9500000,250000,4785100000,41688360,7.31
18/02/2011,0,0,18.4(-3.66 %),0,0,0,0,41688360,7.31
21/02/2011,0,0,17.3(-6.49 %),0,0,0,0,41688360,7.31
22/02/2011,-387500,-6259400000,16.5(-4.62 %),51000,831700000,438500,7091100000,42075860,6.92
23/02/2011,-44500,-741550000,16.6(2.47 %),26000,428000000,70500,1169550000,42120360,6.88
24/02/2011,-66000,-1042380000,15.9(-3.64 %),11000,174500000,77000,1216880000,42186360,6.81
25/02/2011,-112400,-1837630000,16.6(5.73 %),2500,40200000,114900,1877830000,42298760,6.7
28/02/2011,-30000,-502930000,16(-1.23 %),30000,480000000,60000,982930000,42328760,6.67
01/03/2011,9000,142600000,15.8(-3.07 %),20000,318000000,11000,175400000,0,0.0
02/03/2011,0,0,14.7(-6.96 %),0,0,0,0,42328760,6.67
03/03/2011,45000,605830000,13.8(-6.76 %),90000,1260000000,45000,654170000,0,0.0
04/03/2011,-44100,-631720000,14.2(1.43 %),2000,28400000,46100,660120000,0,0.0
07/03/2011,-20000,-284000000,14.4(1.41 %),0,0,20000,284000000,0,0.0
08/03/2011,50000,713070000,13.9(-3.47 %),50000,713070000,0,0,0,0.0
09/03/2011,7100,85600000,13.3(-6.34 %),50000,665000000,42900,579400000,0,0.0
10/03/2011,-29000,-397700000,14.3(6.72 %),10000,140000000,39000,537700000,0,0.0
11/03/2011,0,0,15(6.38 %),0,0,0,0,0,0.0
14/03/2011,62900,1003350000,15.5(3.33 %),122900,1941350000,60000,938000000,0,0.0
15/03/2011,65000,994000000,15.2(-3.80 %),65000,994000000,0,0,0,0.0
16/03/2011,50100,780050000,15.9(3.25 %),100100,1554050000,50000,774000000,42027046,6.97
17/03/2011,-62200,-989480000,16.5(6.45 %),20000,328500000,82200,1317980000,42089246,6.91
18/03/2011,22200,365100000,17.4(6.75 %),43800,732300000,21600,367200000,42067046,6.93
21/03/2011,67000,1185900000,17.2(1.18 %),84000,1491900000,17000,306000000,42000046,7.0
22/03/2011,-127100,-2159960000,16.4(-6.82 %),0,0,127100,2159960000,42127146,6.87
23/03/2011,14000,233200000,16.8(0.60 %),14000,233200000,0,0,42113146,6.89
24/03/2011,19200,316140000,16(-3.03 %),19200,316140000,0,0,42093946,6.91
25/03/2011,10000,154000000,15.5(-4.91 %),40000,622000000,30000,468000000,42083946,6.92
28/03/2011,29000,468380000,16(2.56 %),29000,468380000,0,0,42054946,6.94
29/03/2011,-20000,-305500000,15.3(-4.97 %),0,0,20000,305500000,42074946,6.92
30/03/2011,3000,43500000,15.2(-1.30 %),28000,415000000,25000,371500000,42071946,6.93
31/03/2011,0,0,15.1(0.67 %),0,0,0,0,42071946,6.93
01/04/2011,46600,678920000,14.6(-3.95 %),90000,1325000000,43400,646080000,42046946,6.95
04/04/2011,20400,295720000,14.6(-1.35 %),20400,295720000,0,0,42026546,6.97
05/04/2011,50000,719000000,14.6(0.69 %),50000,719000000,0,0,41976546,7.02
06/04/2011,29000,445500000,15.5(6.90 %),29000,445500000,0,0,41947546,7.05
07/04/2011,-38800,-577760000,15(-1.32 %),1200,18240000,40000,596000000,41986346,7.01
08/04/2011,20000,296000000,14.8(-2.63 %),20000,296000000,0,0,41966346,7.03
13/04/2011,25000,367500000,14.7(-1.34 %),25000,367500000,0,0,41941346,7.05
14/04/2011,10000,144000000,14.3(-2.72 %),25000,361500000,15000,217500000,41931346,7.06
15/04/2011,20000,282000000,14(-3.45 %),20000,282000000,0,0,41911346,7.08
18/04/2011,5000,67000000,13.7(-2.84 %),40000,550000000,35000,483000000,41906346,7.09
19/04/2011,-33000,-461600000,14(2.19 %),0,0,33000,461600000,41939346,7.06
20/04/2011,100,1400000,14(0.72 %),100,1400000,0,0,41939246,7.06
21/04/2011,0,0,13.8(-2.13 %),0,0,0,0,41939246,7.06
22/04/2011,0,0,14.1(1.44 %),0,0,0,0,41939246,7.06
25/04/2011,269000,3925350000,14.6(6.57 %),270000,3939950000,1000,14600000,41670246,7.33
26/04/2011,-5300,-77630000,14.3(-2.05 %),100,1450000,5400,79080000,41675546,7.32
27/04/2011,-15000,-217500000,14.4(-1.37 %),0,0,15000,217500000,41690546,7.31
28/04/2011,170000,2462000000,14.4(-0.69 %),170000,2462000000,0,0,41520546,7.48
29/04/2011,96000,1391220000,14.4(-0.69 %),306000,4425200000,210000,3033980000,41424546,7.57
04/05/2011,100000,1466000000,14.3(-1.38 %),100000,1466000000,0,0,41187946,7.81
05/05/2011,0,0,13.9(-4.14 %),0,0,0,0,41187946,7.81
06/05/2011,10000,139000000,14.3(2.14 %),10000,139000000,0,0,41177946,7.82
09/05/2011,179300,2639970000,14.9(5.67 %),179300,2639970000,0,0,40998646,8.0
10/05/2011,20000,300000000,14.5(-1.36 %),20000,300000000,0,0,40978646,8.02
11/05/2011,0,0,14.3(-3.38 %),0,0,0,0,40978646,8.02
12/05/2011,-14900,-216060000,14.2(-1.39 %),100,1440000,15000,217500000,40993546,8.0
13/05/2011,0,0,14.1(-2.08 %),0,0,0,0,40978646,8.02
16/05/2011,-2800,-40100000,13.9(-2.80 %),400,5660000,3200,45760000,40981446,8.01
17/05/2011,-9900,-134620000,13.6(-2.86 %),100,1380000,10000,136000000,40991346,8.0
18/05/2011,-15000,-203500000,13.7(0.74 %),0,0,15000,203500000,41006346,7.99
19/05/2011,1200,16220000,13.4(-0.74 %),1200,16220000,0,0,41005146,7.99
20/05/2011,200,2680000,12.9(-4.44 %),200,2680000,0,0,41004946,7.99
23/05/2011,87300,1071270000,12.3(-6.11 %),100200,1232520000,12900,161250000,40917646,8.08
24/05/2011,100000,1150000000,11.5(-6.50 %),100000,1150000000,0,0,40817646,8.18
25/05/2011,-200000,-2165000000,10.8(-6.90 %),50100,541080000,250100,2706080000,41017646,7.98
26/05/2011,85000,913000000,11.2(3.70 %),100000,1084000000,15000,171000000,40932646,8.06
27/05/2011,-200000,-2165000000,11.4(6.54 %),50100,541080000,250100,2706080000,41132646,7.86
30/05/2011,3000,33000000,10.6(-6.19 %),3000,33000000,0,0,41129646,7.87
31/05/2011,0,0,10.2(-5.56 %),0,0,0,0,41129646,7.87
01/06/2011,0,0,10.9(6.86 %),0,0,0,0,41169546,7.83
02/06/2011,-488800,-5572320000,11.4(6.54 %),0,0,488800,5572320000,41658346,7.34
03/06/2011,-332900,-3836370000,11.6(1.75 %),10100,118210000,343000,3954580000,41991246,7.0
06/06/2011,-1000,-11900000,11.8(-0.84 %),0,0,1000,11900000,41992246,7.0
07/06/2011,105000,1302400000,12.4(6.90 %),106000,1314400000,1000,12000000,41887246,7.11
08/06/2011,153000,1955670000,12.5(0.81 %),153000,1955670000,0,0,41734246,7.26
09/06/2011,0,0,13.4(6.35 %),0,0,0,0,41734246,7.26
10/06/2011,93500,1290300000,13.8(6.98 %),118500,1635300000,25000,345000000,41640746,7.36
13/06/2011,-425000,-6044700000,14.4(4.35 %),0,0,425000,6044700000,42065746,6.93
14/06/2011,-140000,-1964000000,13.3(-6.34 %),0,0,140000,1964000000,42205746,6.79
15/06/2011,0,0,12.9(-6.52 %),0,0,0,0,42205746,6.79
16/06/2011,0,0,12.7(-2.31 %),0,0,0,0,42205746,6.79
17/06/2011,-40000,-485500000,12(-6.98 %),0,0,40000,485500000,42245746,6.75
20/06/2011,-118300,-1336770000,11.3(-6.61 %),200,2280000,118500,1339050000,42364046,6.63
21/06/2011,-154400,-1729220000,11.9(4.39 %),27000,310000000,181400,2039220000,42518446,6.48
22/06/2011,15000,179000000,11.8(2.61 %),15000,179000000,0,0,42503446,6.49
23/06/2011,100,1160000,11.7(-1.68 %),100,1160000,0,0,42503346,6.49
24/06/2011,-28300,-331110000,11.8(0.85 %),0,0,28300,331110000,42531646,6.46
27/06/2011,10000,118000000,11.6(-0.85 %),10000,118000000,0,0,42521646,6.47
28/06/2011,0,0,11.2(-5.08 %),0,0,0,0,42521646,6.47
29/06/2011,0,0,11.2(-0.88 %),0,0,0,0,42521646,6.47
30/06/2011,-9900,-108900000,10.8(-2.70 %),100,1100000,10000,110000000,42531546,6.46
01/07/2011,-10000,-103500000,10.3(-4.63 %),0,0,10000,103500000,42536546,6.46
04/07/2011,100,1020000,10.6(1.92 %),100,1020000,0,0,42536446,6.46
05/07/2011,-20000,-210480000,11.1(6.73 %),0,0,20000,210480000,42556446,6.44
06/07/2011,-30000,-324500000,10.9(-1.80 %),0,0,30000,324500000,42586446,6.41
07/07/2011,100,1080000,10.8(-2.70 %),100,1080000,0,0,42586346,6.41
08/07/2011,2100,22640000,10.6(-2.75 %),2100,22640000,0,0,42584246,6.41
11/07/2011,0,0,10.3(-3.74 %),0,0,0,0,42584246,6.41
12/07/2011,0,0,10.6(1.92 %),0,0,0,0,42584246,6.41
13/07/2011,0,0,10.5(0.96 %),0,0,0,0,42584246,6.41
14/07/2011,2000,21000000,10.6(-0.93 %),2000,21000000,0,0,42582246,6.41
15/07/2011,0,0,10.3(-1.90 %),0,0,0,0,42582246,6.41
18/07/2011,0,0,10.2(-1.92 %),0,0,0,0,42582246,6.41
19/07/2011,4300,43430000,10.1(-0.98 %),4300,43430000,0,0,42577946,6.42
20/07/2011,0,0,10.5(3.96 %),0,0,0,0,42577946,6.42
21/07/2011,0,0,10.2(-0.97 %),0,0,0,0,42577946,6.42
22/07/2011,0,0,10.2(-0.97 %),0,0,0,0,42577946,6.42
25/07/2011,-300,-3030000,10(-1.96 %),1000,10100000,1300,13130000,42578246,6.42
26/07/2011,800,8000000,10(-0.99 %),800,8000000,0,0,42577446,6.42
27/07/2011,0,0,10(-0.99 %),0,0,0,0,42577446,6.42
28/07/2011,0,0,10(0.00 %),0,0,0,0,42577446,6.42
29/07/2011,0,0,9.8(-2.97 %),0,0,0,0,42577446,6.42
01/08/2011,100,970000,9.5(-4.04 %),100,970000,0,0,42597346,6.4
02/08/2011,0,0,9(-6.25 %),0,0,0,0,42597346,6.4
03/08/2011,0,0,9(-1.10 %),0,0,0,0,42597346,6.4
04/08/2011,-60700,-558440000,9.5(6.74 %),0,0,60700,558440000,42658046,6.34
05/08/2011,80000,768000000,9.4(1.08 %),80000,768000000,0,0,42578046,6.42
08/08/2011,0,0,9.1(-4.21 %),0,0,0,0,42578046,6.42
09/08/2011,0,0,8.7(-6.45 %),0,0,0,0,42578046,6.42
10/08/2011,0,0,9(3.45 %),0,0,0,0,42578046,6.42
11/08/2011,0,0,8.7(-3.33 %),0,0,0,0,42578046,6.42
12/08/2011,0,0,8.8(1.15 %),0,0,0,0,42578046,6.42
15/08/2011,-40000,-352000000,8.7(-1.14 %),0,0,40000,352000000,42618046,6.38
16/08/2011,-20000,-178000000,8.9(1.14 %),20000,178000000,40000,356000000,42638046,6.36
17/08/2011,0,0,9.5(6.74 %),0,0,0,0,42638046,6.36
18/08/2011,0,0,9.9(6.45 %),0,0,0,0,42638046,6.36
19/08/2011,10000,103000000,10.3(4.04 %),10000,103000000,0,0,42628046,6.37
22/08/2011,30000,324000000,10.8(6.93 %),30000,324000000,0,0,42598046,6.4
23/08/2011,146400,1653960000,11.3(4.63 %),170300,1924420000,23900,270460000,42451646,6.54
24/08/2011,4200,45960000,11.2(-1.75 %),5000,55000000,800,9040000,42447446,6.55
25/08/2011,1000,11200000,11.4(0.00 %),1000,11200000,0,0,42446446,6.55
26/08/2011,0,0,11.2(0.00 %),0,0,0,0,42446446,6.55
29/08/2011,0,0,11.9(6.25 %),0,0,0,0,42446446,6.55
30/08/2011,0,0,12.5(6.84 %),0,0,0,0,42446446,6.55
31/08/2011,265000,3498500000,12.9(3.20 %),270000,3562000000,5000,63500000,42181446,6.81
01/09/2011,175400,2290200000,13.4(3.88 %),185700,2424100000,10300,133900000,41990746,7.01
05/09/2011,14100,186120000,12.5(-4.58 %),14100,186120000,0,0,41976646,7.02
06/09/2011,70000,861500000,12.5(-2.34 %),70000,861500000,0,0,41906646,7.09
07/09/2011,13600,163160000,13.1(6.50 %),263600,3438160000,250000,3275000000,41893046,7.1
08/09/2011,35000,481400000,13.5(3.85 %),35000,481400000,0,0,41858046,7.14
09/09/2011,213500,2948950000,13.5(-2.17 %),213500,2948950000,0,0,41644546,7.35
12/09/2011,80000,1052000000,13.7(0.74 %),100000,1320000000,20000,268000000,41564546,7.43
13/09/2011,50000,684000000,13.5(0.75 %),100000,1370000000,50000,686000000,41514546,7.48
14/09/2011,-12300,-158670000,12.9(-6.52 %),0,0,12300,158670000,41526846,7.47
15/09/2011,-16500,-204450000,12.8(-3.03 %),3000,37800000,19500,242250000,41543346,7.45
16/09/2011,390000,4875000000,12.5(-0.79 %),390000,4875000000,0,0,41153346,7.84
19/09/2011,130700,1678030000,12.9(3.20 %),130700,1678030000,0,0,41022646,7.97
20/09/2011,-50000,-620000000,12.3(-3.91 %),0,0,50000,620000000,41072646,7.92
21/09/2011,-168000,-2082600000,12.6(0.00 %),2000,25400000,170000,2108000000,41240646,7.76
22/09/2011,79600,1029840000,13(4.00 %),79600,1029840000,0,0,41161046,7.83
23/09/2011,-3000,-38700000,12.9(0.00 %),0,0,3000,38700000,41164046,7.83
26/09/2011,0,0,12.4(-3.88 %),0,0,0,0,41164046,7.83
27/09/2011,50000,630000000,12.3(-2.38 %),200000,2450000000,150000,1820000000,41114046,7.88
28/09/2011,-147100,-1703840000,12.2(-1.61 %),2900,36160000,150000,1740000000,41261146,7.73
29/09/2011,-84000,-980800000,11.7(-5.65 %),18000,212600000,102000,1193400000,41345146,7.65
30/09/2011,-80000,-910000000,11.5(-2.54 %),20000,230000000,100000,1140000000,41425146,7.57
03/10/2011,-232300,-2519070000,10.9(-5.22 %),20000,221000000,252300,2740070000,41318446,7.68
04/10/2011,0,0,11.2(1.82 %),0,0,0,0,41318446,7.68
05/10/2011,-40000,-447000000,11.1(0.91 %),10000,113000000,50000,560000000,41358446,7.64
06/10/2011,120000,1390200000,11.9(6.25 %),120000,1390200000,0,0,41238446,7.76
07/10/2011,-2000,-20800000,11.4(-1.72 %),10000,118000000,12000,138800000,41240446,7.76
10/10/2011,100,1120000,11.1(-4.31 %),100,1120000,0,0,41240346,7.76
11/10/2011,10000,121000000,11.3(0.89 %),30000,345000000,20000,224000000,41230346,7.77
12/10/2011,-10000,-106000000,10.6(-6.19 %),0,0,10000,106000000,41240346,7.76
13/10/2011,0,0,10.5(-1.87 %),0,0,0,0,41240346,7.76
14/10/2011,0,0,10.4(0.00 %),0,0,0,0,41240346,7.76
17/10/2011,0,0,10(-3.85 %),0,0,0,0,41240346,7.76
18/10/2011,0,0,9.8(-2.97 %),0,0,0,0,41240346,7.76
19/10/2011,1000,10200000,10.2(4.08 %),1000,10200000,0,0,41239346,7.76
20/10/2011,0,0,10(-0.99 %),0,0,0,0,41239346,7.76
21/10/2011,24000,244800000,10.7(5.94 %),24000,244800000,0,0,41215346,7.78
24/10/2011,40000,428000000,10.4(0.00 %),40000,428000000,0,0,41175346,7.82
25/10/2011,36000,370800000,10.2(-3.77 %),36000,370800000,0,0,41139346,7.86
26/10/2011,40000,404000000,10.2(-0.97 %),40000,404000000,0,0,41099346,7.9
27/10/2011,0,0,10.3(0.98 %),0,0,0,0,41099346,7.9
28/10/2011,21000,224600000,11(6.80 %),21000,224600000,0,0,41078346,7.92
31/10/2011,289100,3326650000,11.5(6.48 %),309100,3554650000,20000,228000000,40789246,8.21
01/11/2011,600,6900000,11.4(-0.87 %),600,6900000,0,0,41222946,7.77
02/11/2011,-14000,-151100000,10.8(-6.09 %),10000,110500000,24000,261600000,41236946,7.76
03/11/2011,-5000,-54500000,10.7(-1.83 %),5000,53500000,10000,108000000,41241946,7.75
04/11/2011,-280100,-2913040000,10.4(-2.80 %),0,0,280100,2913040000,41522046,7.47
07/11/2011,12100,131200000,10.2(-2.86 %),42000,430200000,29900,299000000,41509946,7.49
08/11/2011,40000,410000000,10.4(1.96 %),40000,410000000,0,0,41469946,7.53
09/11/2011,0,0,10.1(-0.98 %),0,0,0,0,41469946,7.53
10/11/2011,2000,19800000,9.9(-2.94 %),2000,19800000,0,0,41467946,7.53
11/11/2011,15000,149500000,9.7(-2.02 %),15000,149500000,0,0,41452946,7.54
14/11/2011,0,0,9.5(-4.04 %),0,0,0,0,41452946,7.54
15/11/2011,35000,337500000,9.8(3.16 %),35000,337500000,0,0,41417946,7.58
16/11/2011,50000,501000000,10.2(6.25 %),50000,501000000,0,0,41367946,7.63
17/11/2011,0,0,9.8(-2.00 %),0,0,0,0,41367946,7.63
18/11/2011,3000,28800000,9.6(-3.03 %),3000,28800000,0,0,41364946,7.63
21/11/2011,0,0,9.6(0.00 %),0,0,0,0,41364946,7.63
22/11/2011,0,0,9.7(1.04 %),0,0,0,0,41364946,7.63
23/11/2011,2000,20200000,10.1(5.21 %),2000,20200000,0,0,41362946,7.63
24/11/2011,-20000,-198000000,9.7(-3.00 %),0,0,20000,198000000,41382946,7.61
25/11/2011,0,0,9.8(-1.01 %),0,0,0,0,41382946,7.61
28/11/2011,50000,520000000,10.3(5.10 %),50000,520000000,0,0,41332946,7.66
29/11/2011,-4000,-40800000,10(-3.85 %),0,0,4000,40800000,41336946,7.66
30/11/2011,-20000,-198000000,9.8(-2.97 %),0,0,20000,198000000,41356946,7.64
01/12/2011,-50100,-501020000,10.1(2.02 %),0,0,50100,501020000,41352946,7.64
02/12/2011,1200,12360000,10.4(2.97 %),1200,12360000,0,0,41351746,7.64
05/12/2011,65000,706500000,10.9(6.86 %),65000,706500000,0,0,41286746,7.71
06/12/2011,0,0,10.7(-0.93 %),0,0,0,0,41286746,7.71
07/12/2011,0,0,10.6(-2.75 %),0,0,0,0,41286746,7.71
08/12/2011,-3000,-31200000,10.6(-0.93 %),0,0,3000,31200000,41289746,7.71
09/12/2011,-3400,-34960000,10.1(-4.72 %),600,6240000,4000,41200000,41293146,7.7
12/12/2011,-21000,-208900000,9.9(-2.94 %),0,0,21000,208900000,41314146,7.68
13/12/2011,-83000,-819700000,9.7(-3.00 %),0,0,83000,819700000,41397146,7.6
14/12/2011,0,0,9.3(-5.10 %),0,0,0,0,41397146,7.6
15/12/2011,52000,468200000,9.1(-3.19 %),52000,468200000,0,0,41345146,7.65
16/12/2011,6000,55000000,9.2(2.22 %),6000,55000000,0,0,41339146,7.66
19/12/2011,-2000,-17800000,8.9(-4.30 %),0,0,2000,17800000,41341146,7.65
20/12/2011,150300,1307610000,8.5(-5.56 %),150300,1307610000,0,0,41190846,7.81
21/12/2011,-4500,-37400000,8.6(0.00 %),2000,17200000,6500,54600000,41195346,7.8
22/12/2011,0,0,8(-6.98 %),0,0,0,0,41195346,7.8
23/12/2011,-9000,-69700000,7.9(-2.47 %),0,0,9000,69700000,41204346,7.79
26/12/2011,50000,370000000,7.3(-6.41 %),50000,370000000,0,0,41154346,7.84
27/12/2011,-50000,-345000000,6.9(-6.76 %),50000,345000000,100000,690000000,41204346,7.79
28/12/2011,-30000,-204000000,6.9(0.00 %),0,0,30000,204000000,41234346,7.76
29/12/2011,-236500,-1526110000,6.5(-5.80 %),168000,1119600000,404500,2645710000,41470846,7.53
30/12/2011,-112300,-771370000,6.9(6.15 %),300,2070000,112600,773440000,41583146,7.41
03/01/2012,11600,80040000,7(2.94 %),11600,80040000,0,0,41098621,7.9
04/01/2012,0,0,6.8(-2.86 %),0,0,0,0,41098621,7.9
05/01/2012,0,0,6.4(-5.88 %),0,0,0,0,41098621,7.9
06/01/2012,25000,152500000,6.1(-6.15 %),25000,152500000,0,0,41073621,7.92
09/01/2012,-100000,-580000000,6(-1.64 %),0,0,100000,580000000,41173621,7.82
10/01/2012,0,0,6.4(6.67 %),0,0,0,0,41173621,7.82
11/01/2012,2000,12800000,6.3(0.00 %),2000,12800000,0,0,41171621,7.82
12/01/2012,105000,641000000,6.1(-6.15 %),105000,641000000,0,0,41066621,7.93
13/01/2012,-4000,-24800000,6.3(3.28 %),0,0,4000,24800000,41070621,7.93
16/01/2012,38800,253800000,6.6(6.45 %),53800,349800000,15000,96000000,41031821,7.96
17/01/2012,286000,1887600000,6.4(-3.03 %),286000,1887600000,0,0,40745821,8.25
18/01/2012,150000,945000000,6.5(0.00 %),150000,945000000,0,0,40595821,8.4
19/01/2012,0,0,6.7(6.35 %),0,0,0,0,40595821,8.4
20/01/2012,0,0,6.8(1.49 %),0,0,0,0,40595821,8.4
30/01/2012,10900,75030000,7.1(2.90 %),11500,79350000,600,4320000,40584921,8.41
31/01/2012,0,0,7.2(2.86 %),0,0,0,0,40584921,8.41
01/02/2012,-197000,-1420900000,7.4(1.37 %),3000,21600000,200000,1442500000,41128464,7.87
02/02/2012,-40000,-308000000,7.7(6.94 %),10000,77000000,50000,385000000,41168464,7.83
03/02/2012,0,1700000,7.6(-1.30 %),4000,32100000,4000,30400000,41168464,7.83
06/02/2012,-3000,-22800000,7.9(1.28 %),0,0,3000,22800000,41171464,7.82
07/02/2012,-36500,-290350000,8.1(6.58 %),0,0,36500,290350000,41207964,7.79
08/02/2012,-20000,-167000000,8.1(1.25 %),5000,40500000,25000,207500000,41227964,7.77
09/02/2012,-27500,-215000000,7.8(-4.88 %),2500,20000000,30000,235000000,41255464,7.74
10/02/2012,-12300,-94710000,7.5(-6.25 %),100,770000,12400,95480000,41267764,7.73
13/02/2012,0,0,7.1(-6.58 %),0,0,0,0,41267764,7.73
14/02/2012,3000,22000000,7.5(4.17 %),5000,37000000,2000,15000000,41264764,7.73
15/02/2012,0,0,7.2(-2.70 %),0,0,0,0,41264764,7.73
16/02/2012,3400,24820000,7.4(2.78 %),3400,24820000,0,0,41261364,7.73
17/02/2012,-3000,-22500000,7.8(6.85 %),0,0,3000,22500000,41264364,7.73
20/02/2012,0,0,8.1(6.58 %),0,0,0,0,41264364,7.73
21/02/2012,-29000,-244300000,8.3(2.47 %),0,0,29000,244300000,41293364,7.7
22/02/2012,-4000,-35600000,9(5.88 %),0,0,4000,35600000,41297364,7.7
23/02/2012,168900,1537440000,9.3(6.90 %),170000,1547500000,1100,10060000,41128464,7.87
24/02/2012,-6500,-59640000,9.2(0.00 %),500,4800000,7000,64440000,41134964,7.86
27/02/2012,0,0,9.6(2.13 %),0,0,0,0,41134964,7.86
28/02/2012,-150000,-1349920000,8.8(-6.38 %),0,0,150000,1349920000,41284964,7.71
29/02/2012,-20000,-178500000,9.2(3.37 %),0,0,20000,178500000,41304964,7.69
01/03/2012,2000,18000000,9.2(3.37 %),2000,18000000,0,0,41328064,7.67
02/03/2012,25000,240000000,9.6(6.67 %),25000,240000000,0,0,41303064,7.69
05/03/2012,0,0,10.1(6.32 %),0,0,0,0,41303064,7.69
06/03/2012,-143000,-1439220000,10.3(1.98 %),10000,107400000,153000,1546620000,41446064,7.55
07/03/2012,-100000,-1000000000,10.4(-1.89 %),0,0,100000,1000000000,41546064,7.45
08/03/2012,-25000,-245000000,9.6(-5.88 %),0,0,25000,245000000,41571064,7.42
09/03/2012,17000,160500000,9.7(-1.02 %),17000,160500000,0,0,41554064,7.44
12/03/2012,30100,279920000,9.1(-5.21 %),30100,279920000,0,0,41523964,7.47
13/03/2012,150500,1432840000,9.7(4.30 %),150500,1432840000,0,0,41373464,7.62
14/03/2012,229000,2240140000,9.3(-2.11 %),239000,2337140000,10000,97000000,41144464,7.85
15/03/2012,-29500,-271850000,10.1(6.32 %),6500,60450000,36000,332300000,41173964,7.82
16/03/2012,0,0,10.4(6.12 %),0,0,0,0,41173964,7.82
19/03/2012,19700,224730000,10.9(4.81 %),50000,555000000,30300,330270000,41154264,7.84
20/03/2012,-2200,-25510000,11.6(6.42 %),0,0,2200,25510000,41156464,7.84
21/03/2012,3800,46360000,11.7(1.74 %),4000,48800000,200,2440000,41152664,7.84
22/03/2012,1000,11870000,11.9(-1.65 %),1000,11870000,0,0,41151664,7.84
23/03/2012,6300,79670000,12.7(5.83 %),6300,79670000,0,0,41145364,7.85
26/03/2012,-49100,-608750000,12.3(0.00 %),900,11250000,50000,620000000,41194464,7.8
27/03/2012,-47700,-567680000,11.5(-6.50 %),2300,27320000,50000,595000000,41242164,7.75
28/03/2012,-44700,-481530000,11.5(0.00 %),5300,58470000,50000,540000000,41286864,7.71
29/03/2012,200,2180000,10.8(-6.90 %),200,2180000,0,0,41286664,7.71
30/03/2012,100,1080000,10.3(-4.63 %),100,1080000,0,0,41286564,7.71
03/04/2012,5200,56900000,11(6.80 %),5300,58000000,100,1100000,41401330,7.59
04/04/2012,0,0,11.2(1.82 %),0,0,0,0,41401330,7.59
05/04/2012,-5600,-65780000,11.8(6.31 %),0,0,5600,65780000,41406930,7.59
06/04/2012,300,3740000,12.2(3.39 %),400,4990000,100,1250000,41406630,7.59
09/04/2012,0,-30000,12.9(6.61 %),200,2540000,200,2570000,41406630,7.59
10/04/2012,400,5100000,12.3(-4.65 %),400,5100000,0,0,41406230,7.59
11/04/2012,800,10140000,12.8(4.07 %),800,10140000,0,0,41405430,7.59
12/04/2012,300,3800000,12.6(-1.56 %),300,3800000,0,0,41405130,7.59
13/04/2012,187300,2408400000,12.9(3.20 %),192300,2473400000,5000,65000000,41217830,7.78
16/04/2012,155200,2095540000,13.8(6.98 %),155200,2095540000,0,0,41062630,7.93
17/04/2012,500,6620000,13(-5.80 %),500,6620000,0,0,41062130,7.93
18/04/2012,300,3930000,13.1(0.00 %),300,3930000,0,0,41061830,7.93
19/04/2012,-148700,-1939570000,12.3(-4.65 %),71300,891250000,220000,2830820000,41210530,7.79
20/04/2012,-12200,-154960000,12.6(2.44 %),100,1250000,12300,156210000,41222730,7.77
23/04/2012,-26200,-324880000,12.6(0.00 %),3800,47120000,30000,372000000,41248930,7.75
24/04/2012,0,0,13(3.17 %),0,0,0,0,41248930,7.75
25/04/2012,350000,4583000000,13(0.78 %),350000,4583000000,0,0,40898930,8.1
26/04/2012,-5400,-69130000,12.6(-3.08 %),300,3830000,5700,72960000,40904330,8.09
27/04/2012,88700,1160810000,12.9(2.38 %),155000,1996190000,66300,835380000,40815630,8.18
02/05/2012,150000,1965000000,12.6(-2.33 %),150000,1965000000,0,0,40643730,8.35
03/05/2012,395000,4991000000,13.1(4.80 %),545000,6886000000,150000,1895000000,40248730,8.75
04/05/2012,141200,1885020000,13.6(5.43 %),150100,2004290000,8900,119270000,40107530,8.89
07/05/2012,109400,1531580000,14.3(5.93 %),109600,1534420000,200,2840000,39998130,9.0
08/05/2012,150200,2135790000,13.6(-4.90 %),150200,2135790000,0,0,39847930,9.15
09/05/2012,-379200,-5179220000,13.5(-2.17 %),800,10880000,380000,5190100000,40227130,8.77
10/05/2012,-89500,-1229910000,13.5(0.00 %),20600,276190000,110100,1506100000,40316630,8.68
11/05/2012,1100,14610000,13(-2.99 %),1100,14610000,0,0,40315530,8.68
14/05/2012,4200,53880000,12.3(-6.11 %),4200,53880000,0,0,40311330,8.68
15/05/2012,30000,325090000,12(-2.44 %),201100,2413520000,171100,2088430000,40281330,8.71
16/05/2012,761600,9168120000,12.4(3.33 %),816600,9828120000,55000,660000000,39519730,9.48
17/05/2012,801800,9768980000,12(-2.44 %),1001800,12228980000,200000,2460000000,38717930,10.28
18/05/2012,1525300,17672290000,11.8(-1.67 %),1528800,17711840000,3500,39550000,37192630,11.8
21/05/2012,281000,3457130000,12.5(6.84 %),286000,3519630000,5000,62500000,36911630,12.08
22/05/2012,1994000,24831600000,12.5(0.00 %),2000000,24906000000,6000,74400000,34917630,14.08
23/05/2012,500,5820000,11.6(-6.45 %),500,5820000,0,0,34917130,14.08
24/05/2012,-183200,-2124970000,11.8(1.72 %),16800,185030000,200000,2310000000,35100330,13.9
25/05/2012,165000,1990000000,12.3(6.96 %),165000,1990000000,0,0,34935330,14.06
28/05/2012,-75000,-962500000,11.9(-3.25 %),155000,1906500000,230000,2869000000,35010330,13.99
29/05/2012,0,0,12(0.84 %),0,0,0,0,35010330,13.99
30/05/2012,5000,60500000,12.1(0.83 %),5000,60500000,0,0,35005330,13.99
31/05/2012,400,4690000,11.5(-4.96 %),200400,2324690000,200000,2320000000,35004930,13.99
01/06/2012,-500000,-5724000000,11.6(0.87 %),0,0,500000,5724000000,34886930,14.11
04/06/2012,-998900,-10987100000,11(-4.35 %),1100,12090000,1000000,10999190000,35885830,13.11
05/06/2012,0,0,11.6(6.42 %),0,0,0,0,35885830,13.11
06/06/2012,200,2310000,11.7(0.86 %),200,2310000,0,0,35885630,13.11
07/06/2012,590200,7148220000,12.3(5.13 %),595200,7210720000,5000,62500000,35295430,13.7
08/06/2012,-289000,-3547100000,11.9(-3.25 %),0,0,289000,3547100000,35584430,13.41
11/06/2012,-895000,-10870110000,12.1(1.68 %),155000,1886220000,1050000,12756330000,36479430,12.52
12/06/2012,-950000,-11181880000,11.6(-4.13 %),50000,580000000,1000000,11761880000,37429430,11.57
13/06/2012,-1188700,-13892640000,11.7(0.86 %),0,0,1188700,13892640000,38618130,10.38
14/06/2012,-290000,-3361000000,11.7(0.00 %),200000,2314000000,490000,5675000000,38908130,10.09
15/06/2012,140400,1672870000,11.9(2.59 %),140400,1672870000,0,0,38767730,10.23
18/06/2012,-120000,-1488000000,12.1(0.83 %),0,0,120000,1488000000,38887730,10.11
19/06/2012,0,0,11.7(-2.50 %),0,0,0,0,38887730,10.11
20/06/2012,0,0,11.8(0.85 %),0,0,0,0,38887730,10.11
21/06/2012,126000,1474200000,11.8(0.00 %),126000,1474200000,0,0,38761730,10.23
22/06/2012,0,0,11.4(-2.56 %),0,0,0,0,38761730,10.23
25/06/2012,0,0,10.9(-4.39 %),0,0,0,0,38761730,10.23
26/06/2012,-595000,-6229700000,10.5(-3.67 %),18000,187700000,613000,6417400000,39356730,9.64
27/06/2012,-84700,-855470000,10(-3.85 %),0,0,84700,855470000,39441430,9.55
28/06/2012,200,1960000,10.5(5.00 %),200,1960000,0,0,39441230,9.55
29/06/2012,0,0,10.1(-0.98 %),0,0,0,0,39441230,9.55
02/07/2012,-149600,-1450920000,9.7(-4.90 %),100400,1024080000,250000,2475000000,39956218,9.04
03/07/2012,-539900,-5129190000,9.6(-1.03 %),100,950000,540000,5130140000,40496118,8.5
04/07/2012,0,0,9.3(-3.12 %),0,0,0,0,40496118,8.5
05/07/2012,181000,1696500000,9.9(6.45 %),181000,1696500000,0,0,40315118,8.68
06/07/2012,-99600,-996060000,9.9(0.00 %),400,3940000,100000,1000000000,40414718,8.58
09/07/2012,50200,466860000,9.3(-5.10 %),50200,466860000,0,0,40364518,8.63
10/07/2012,25000,225000000,9.1(-1.09 %),25000,225000000,0,0,40339518,8.66
11/07/2012,49600,461320000,9.3(2.20 %),50000,465000000,400,3680000,40289918,8.71
12/07/2012,175000,1670500000,9.8(4.26 %),200000,1918000000,25000,247500000,40114918,8.88
13/07/2012,204000,2110000000,10.4(6.12 %),204000,2110000000,0,0,39910918,9.09
16/07/2012,221000,2246200000,10(-2.91 %),221000,2246200000,0,0,39689918,9.31
17/07/2012,368800,3946160000,10.7(7.00 %),368900,3947230000,100,1070000,39321118,9.67
18/07/2012,252000,2710430000,10.7(0.00 %),252000,2710430000,0,0,39069118,9.93
19/07/2012,770000,8492240000,11.4(6.54 %),1020000,11167240000,250000,2675000000,38299118,10.7
20/07/2012,1448000,16658800000,11.3(-0.88 %),1454000,16727800000,6000,69000000,36851118,12.15
23/07/2012,252000,2816900000,11.2(-0.88 %),302000,3376900000,50000,560000000,36599118,12.4
24/07/2012,-739500,-7990800000,10.5(-6.25 %),205500,2223200000,945000,10214000000,37338618,11.66
25/07/2012,618700,6520220000,10.5(0.00 %),618700,6520220000,0,0,36719918,12.28
26/07/2012,350000,3791000000,10.9(3.81 %),350000,3791000000,0,0,36369918,12.63
27/07/2012,-3000,-32300000,10.8(-0.92 %),1000,10900000,4000,43200000,36372918,12.62
30/07/2012,202500,2180120000,10.9(0.00 %),204000,2196020000,1500,15900000,36170418,12.83
31/07/2012,200000,2180000000,10.8(-0.92 %),200000,2180000000,0,0,35970418,13.03
01/08/2012,-318700,-3384990000,10.6(-2.75 %),205000,2201300000,523700,5586290000,36094618,12.9
02/08/2012,719000,7693300000,10.7(0.00 %),719000,7693300000,0,0,35375618,13.62
03/08/2012,-24000,-248000000,10.9(1.87 %),30000,326000000,54000,574000000,35399618,13.6
06/08/2012,-6000,-68600000,11.5(6.48 %),0,0,6000,68600000,35405618,13.59
07/08/2012,-60800,-740640000,11.1(-3.48 %),162200,1813860000,223000,2554500000,35466418,13.53
08/08/2012,67000,730900000,11.4(2.70 %),200000,2260000000,133000,1529100000,35399418,13.6
09/08/2012,53000,616800000,11.4(0.00 %),55000,640000000,2000,23200000,35346418,13.65
10/08/2012,250000,2844360000,11.4(0.00 %),250000,2844360000,0,0,35096418,13.9
13/08/2012,2000,22500000,11.2(-1.75 %),2000,22500000,0,0,35094418,13.9
14/08/2012,10000,114000000,11.2(0.00 %),10000,114000000,0,0,35084418,13.91
15/08/2012,-100,-1170000,11.3(0.00 %),400,4480000,500,5650000,35084518,13.91
16/08/2012,100000,1121900000,11.2(0.00 %),101000,1133200000,1000,11300000,34984518,14.01
17/08/2012,100000,1123000000,11.3(0.89 %),100000,1123000000,0,0,34884518,14.11
20/08/2012,-1000,-11500000,11.5(2.68 %),0,0,1000,11500000,34885518,14.11
21/08/2012,71200,774260000,10.7(-6.96 %),106200,1155760000,35000,381500000,34814318,14.18
22/08/2012,-16200,-167780000,10.2(-4.67 %),3800,39220000,20000,207000000,34830518,14.17
23/08/2012,-44000,-423000000,9.5(-6.86 %),1000,9500000,45000,432500000,34874518,14.12
24/08/2012,1200,11650000,10.1(6.32 %),1200,11650000,0,0,34873318,14.12
27/08/2012,-644400,-6186800000,9.4(-6.93 %),5600,53200000,650000,6240000000,35517718,13.48
28/08/2012,5800,54420000,9.6(2.13 %),8000,75100000,2200,20680000,35511918,13.48
29/08/2012,0,0,10.2(6.25 %),0,0,0,0,35511918,13.48
30/08/2012,-14000,-141000000,10.2(0.00 %),0,0,14000,141000000,35525918,13.47
31/08/2012,-5400,-54000000,9.9(-2.94 %),100,1000000,5500,55000000,35531318,13.47
04/09/2012,0,0,10(1.01 %),0,0,0,0,36041018,12.96
05/09/2012,601000,5934100000,9.7(-3.00 %),620000,6119000000,19000,184900000,35440018,13.56
06/09/2012,1000,9700000,9.5(-2.06 %),1000,9700000,0,0,35439018,13.56
07/09/2012,0,0,9.7(2.11 %),0,0,0,0,35439018,13.56
10/09/2012,0,0,9.2(-5.15 %),0,0,0,0,35439018,13.56
11/09/2012,-499900,-4530090000,9.2(0.00 %),100,910000,500000,4531000000,35938918,13.06
12/09/2012,-87600,-823430000,9.3(1.09 %),100,950000,87700,824380000,36026518,12.97
13/09/2012,-100000,-950000000,9.7(4.30 %),0,0,100000,950000000,36126518,12.87
14/09/2012,0,0,9.8(2.08 %),0,0,0,0,36126518,12.87
17/09/2012,0,0,9.6(-2.04 %),0,0,0,0,36126518,12.87
18/09/2012,1000,9300000,9.1(-5.21 %),1000,9300000,0,0,36125518,12.87
19/09/2012,0,0,9.3(3.33 %),0,0,0,0,36125518,12.87
20/09/2012,0,0,9.3(0.00 %),0,0,0,0,36125518,12.87
21/09/2012,-599900,-5589070000,9.3(0.00 %),100,930000,600000,5590000000,36725418,12.27
24/09/2012,-57600,-524160000,9(-3.23 %),0,0,57600,524160000,36783018,12.21
25/09/2012,-490000,-4412000000,9.1(1.11 %),10000,90000000,500000,4502000000,37273018,11.72
26/09/2012,100,920000,9.2(1.10 %),100,920000,0,0,37272918,11.72
27/09/2012,-150000,-1315000000,8.9(-3.26 %),350000,3130000000,500000,4445000000,37422918,11.57
28/09/2012,50100,435870000,8.8(-1.12 %),50100,435870000,0,0,37372818,11.62
01/10/2012,0,0,8.3(-5.68 %),0,0,0,0,36892318,12.1
02/10/2012,200,1680000,8.3(0.00 %),200,1680000,0,0,36892118,12.1
03/10/2012,0,0,8.5(2.41 %),0,0,0,0,36892118,12.1
04/10/2012,200000,1698500000,8.5(0.00 %),200000,1698500000,0,0,36692118,12.3
05/10/2012,30000,258000000,8.6(2.38 %),30000,258000000,0,0,36662118,12.33
08/10/2012,200000,1780000000,9.2(6.98 %),200000,1780000000,0,0,36462118,12.53
09/10/2012,518400,4777120000,9.3(2.20 %),518400,4777120000,0,0,35943718,13.05
10/10/2012,-10000,-91000000,9.4(2.17 %),0,0,10000,91000000,35953718,13.04
11/10/2012,-68800,-653590000,9.3(0.00 %),0,0,68800,653590000,36022518,12.97
12/10/2012,-179700,-1679370000,9.2(-1.08 %),200000,1850000000,379700,3529370000,36202218,12.79
15/10/2012,-300000,-2700000000,9(-2.17 %),0,0,300000,2700000000,36502218,12.49
16/10/2012,-350000,-3268000000,9.6(6.67 %),250000,2345000000,600000,5613000000,36852218,12.14
17/10/2012,-320800,-3036000000,9.4(-1.05 %),214200,2024100000,535000,5060100000,37173018,11.82
18/10/2012,-65000,-608500000,9.4(1.08 %),0,0,65000,608500000,37238018,11.76
19/10/2012,200000,1740000000,8.9(-4.30 %),200000,1740000000,0,0,37038018,11.96
22/10/2012,-50000,-435000000,8.7(-1.14 %),0,0,50000,435000000,37088018,11.91
23/10/2012,100000,890000000,8.8(1.15 %),100000,890000000,0,0,36988018,12.01
24/10/2012,0,0,8.6(-2.27 %),0,0,0,0,36988018,12.01
25/10/2012,0,0,8.5(-1.16 %),0,0,0,0,36988018,12.01
26/10/2012,-100000,-860000000,8.5(0.00 %),0,0,100000,860000000,37088018,11.91
29/10/2012,0,0,8.4(-1.18 %),0,0,0,0,37088018,11.91
30/10/2012,-200000,-1680000000,8.5(1.19 %),0,0,200000,1680000000,37288018,11.71
31/10/2012,-50000,-420000000,8.5(1.19 %),0,0,50000,420000000,37338018,11.66
01/11/2012,141600,1189440000,8.4(-1.18 %),200000,1680000000,58400,490560000,37388018,11.61
02/11/2012,476100,3803090000,7.9(-5.95 %),476100,3803090000,0,0,36911918,12.08
05/11/2012,0,0,7.8(-1.27 %),0,0,0,0,36911918,12.08
06/11/2012,0,0,7.8(0.00 %),0,0,0,0,36911918,12.08
07/11/2012,-10000,-80000000,7.9(1.28 %),0,0,10000,80000000,36921918,12.07
08/11/2012,-40000,-312000000,7.7(-3.75 %),0,0,40000,312000000,36961918,12.03
09/11/2012,100000,780000000,8.1(5.19 %),100000,780000000,0,0,36861918,12.13
12/11/2012,-3000,-24900000,8.4(3.70 %),0,0,3000,24900000,36864918,12.13
13/11/2012,300000,2500000000,8.2(-2.38 %),300000,2500000000,0,0,36564918,12.43
14/11/2012,0,0,8.2(0.00 %),0,0,0,0,36564918,12.43
15/11/2012,0,0,8(-2.44 %),0,0,0,0,36564918,12.43
16/11/2012,0,0,8.1(1.25 %),0,0,0,0,36564918,12.43
19/11/2012,0,0,8(0.00 %),0,0,0,0,36564918,12.43
20/11/2012,21400,173340000,8.1(1.25 %),21400,173340000,0,0,36543518,12.45
21/11/2012,60000,486000000,7.9(-2.47 %),60000,486000000,0,0,36483518,12.51
22/11/2012,0,0,8.1(1.25 %),0,0,0,0,36483518,12.51
23/11/2012,0,0,8(0.00 %),0,0,0,0,36483518,12.51
26/11/2012,0,0,7.9(0.00 %),0,0,0,0,36483518,12.51
27/11/2012,0,0,7.8(-1.27 %),0,0,0,0,36483518,12.51
28/11/2012,200000,1570000000,7.8(0.00 %),200000,1570000000,0,0,36283518,12.71
29/11/2012,4000,31600000,7.9(1.28 %),4000,31600000,0,0,36279518,12.72
30/11/2012,-300000,-2370000000,8(1.27 %),0,0,300000,2370000000,36579518,12.42
03/12/2012,0,0,7.9(0.00 %),0,0,0,0,36617918,12.38
04/12/2012,0,0,8.2(3.80 %),0,0,0,0,36617918,12.38
05/12/2012,563900,4713980000,8.4(2.44 %),563900,4713980000,0,0,36054018,12.94
06/12/2012,100000,830000000,8.4(0.00 %),100000,830000000,0,0,35954018,13.04
07/12/2012,75000,632500000,8.4(0.00 %),75000,632500000,0,0,35879018,13.12
10/12/2012,800000,6994920000,8.9(5.95 %),800000,6994920000,0,0,35079018,13.92
11/12/2012,382000,3390800000,8.9(0.00 %),402000,3566800000,20000,176000000,34697018,14.3
12/12/2012,0,0,9.1(3.41 %),0,0,0,0,34697018,14.3
13/12/2012,575000,5151500000,9(0.00 %),575000,5151500000,0,0,34122018,14.87
14/12/2012,300,2730000,9(0.00 %),300,2730000,0,0,34121718,14.87
17/12/2012,-15000,-132000000,9(1.12 %),0,0,15000,132000000,34136718,14.86
18/12/2012,0,0,8.9(-1.11 %),0,0,0,0,34136718,14.86
19/12/2012,510000,4687000000,9.2(3.37 %),510000,4687000000,0,0,33626718,15.37
20/12/2012,74800,694400000,8.9(-4.30 %),74800,694400000,0,0,33551918,15.44
21/12/2012,4800,42720000,8.8(-1.12 %),4800,42720000,0,0,33547118,15.45
24/12/2012,50000,460000000,9.2(4.55 %),50000,460000000,0,0,33497118,15.5
25/12/2012,49100,455630000,9.1(-1.09 %),49100,455630000,0,0,33448018,15.55
26/12/2012,0,0,9.4(3.30 %),0,0,0,0,33448018,15.55
27/12/2012,0,0,9.2(-2.13 %),0,0,0,0,33448018,15.55
28/12/2012,-20400,-188710000,9.5(2.15 %),20100,186940000,40500,375650000,33468418,15.53
02/01/2013,468800,4581340000,9.8(4.26 %),500000,4886000000,31200,304660000,33227918,15.77
03/01/2013,3000,28800000,9.5(-3.06 %),3000,28800000,0,0,33224918,15.77
04/01/2013,-158000,-1490400000,9.9(4.21 %),0,0,158000,1490400000,33382918,15.61
07/01/2013,242400,2383320000,9.6(-2.04 %),242400,2383320000,0,0,33140518,15.86
08/01/2013,-23800,-237760000,9.8(2.08 %),0,0,23800,237760000,33164318,15.83
09/01/2013,-10000,-95000000,9.5(-3.06 %),0,0,10000,95000000,33174318,15.82
10/01/2013,0,0,9.9(5.32 %),0,0,0,0,33174318,15.82
11/01/2013,-300000,-2950000000,9.8(0.00 %),0,0,300000,2950000000,33474318,15.52
14/01/2013,-542400,-5286180000,9.9(1.02 %),200000,1930000000,742400,7216180000,34016718,14.98
15/01/2013,-577000,-6063900000,10.6(8.16 %),13000,134200000,590000,6198100000,34593718,14.4
16/01/2013,11600,120000000,10.3(-2.83 %),18600,194900000,7000,74900000,34582118,14.41
17/01/2013,-100000,-1040000000,10.1(-1.94 %),100000,1040000000,200000,2080000000,34682118,14.31
18/01/2013,3400,34000000,10.1(1.00 %),3400,34000000,0,0,34678718,14.32
21/01/2013,-1000000,-9945220000,9.8(-2.00 %),200000,1990000000,1200000,11935220000,35678718,13.32
22/01/2013,-69200,-724220000,9.6(-2.04 %),141600,1355200000,210800,2079420000,35747918,13.25
23/01/2013,-5000,-47600000,9.7(1.04 %),3000,28800000,8000,76400000,35752918,13.24
24/01/2013,761000,7439300000,10(3.09 %),800000,7825000000,39000,385700000,34991918,14.0
25/01/2013,195200,1911480000,9.9(0.00 %),200200,1961980000,5000,50500000,34796718,14.2
28/01/2013,59000,607600000,10.2(2.00 %),72000,741100000,13000,133500000,34737718,14.26
29/01/2013,404000,4124800000,10.3(0.98 %),404000,4124800000,0,0,34333718,14.66
30/01/2013,142600,1472950000,10.3(0.00 %),142600,1472950000,0,0,34191118,14.81
31/01/2013,10900,110380000,10(-1.96 %),10900,110380000,0,0,34180218,14.82
01/02/2013,301000,2948000000,10(0.00 %),302000,2958000000,1000,10000000,33899918,15.1
04/02/2013,-801000,-7965000000,9.8(-2.00 %),0,0,801000,7965000000,34700918,14.3
05/02/2013,-54200,-525740000,9.7(-1.02 %),0,0,54200,525740000,34755118,14.24
06/02/2013,-30000,-273000000,10.2(5.15 %),300000,3050000000,330000,3323000000,34785118,14.21
07/02/2013,100000,1050000000,10.5(2.94 %),100000,1050000000,0,0,34685118,14.31
08/02/2013,-2000,-21900000,10.8(3.85 %),1000,10500000,3000,32400000,34687118,14.31
18/02/2013,17000,190660000,11.2(3.70 %),20000,224260000,3000,33600000,34670118,14.33
19/02/2013,-100,-1110000,10.9(-2.68 %),0,0,100,1110000,34670218,14.33
20/02/2013,118900,1319790000,11.2(2.75 %),118900,1319790000,0,0,34551318,14.45
21/02/2013,-100000,-1120000000,10.1(-9.82 %),0,0,100000,1120000000,34651318,14.35
22/02/2013,-50000,-503000000,10.3(1.98 %),0,0,50000,503000000,34701318,14.3
25/02/2013,-100,-1010000,10.2(0.00 %),0,0,100,1010000,34701418,14.3
26/02/2013,-67900,-679000000,9.3(-8.82 %),0,0,67900,679000000,34769318,14.23
27/02/2013,-500,-4850000,9.7(3.19 %),0,0,500,4850000,34769818,14.23
28/02/2013,0,0,9.6(-1.03 %),0,0,0,0,34769818,14.23
01/03/2013,0,0,9.7(1.04 %),0,0,0,0,34702418,14.29
04/03/2013,0,0,9.1(-5.21 %),0,0,0,0,34702418,14.29
05/03/2013,100000,910000000,9(-1.10 %),100000,910000000,0,0,34602418,14.39
06/03/2013,0,0,9.2(2.22 %),0,0,0,0,34602418,14.39
07/03/2013,100000,900000000,8.9(-3.26 %),100000,900000000,0,0,34502418,14.49
08/03/2013,1303800,12034480000,9.3(4.49 %),1304800,12043480000,1000,9000000,33198618,15.8
11/03/2013,160200,1493920000,9.8(5.38 %),160200,1493920000,0,0,33038418,15.96
12/03/2013,850100,8200970000,9.6(-2.04 %),850100,8200970000,0,0,32188318,16.81
13/03/2013,100,930000,9.3(-3.12 %),100,930000,0,0,32188218,16.81
14/03/2013,648800,6051420000,9.4(1.08 %),650000,6062580000,1200,11160000,31539418,17.46
15/03/2013,670000,6375000000,9.6(2.13 %),670000,6375000000,0,0,30869418,18.13
18/03/2013,5200,48080000,9.3(-3.12 %),5200,48080000,0,0,30864218,18.13
19/03/2013,0,0,9.3(0.00 %),0,0,0,0,30864218,18.13
20/03/2013,0,0,9.4(1.08 %),0,0,0,0,30864218,18.13
21/03/2013,2900,27080000,9.3(-1.06 %),2900,27080000,0,0,30861318,18.14
22/03/2013,-100000,-940000000,9.3(-1.06 %),0,0,100000,940000000,30961318,18.04
25/03/2013,-310100,-2902920000,9.3(-1.06 %),0,0,310100,2902920000,31271418,17.73
26/03/2013,-288900,-2700670000,9.2(-2.13 %),11100,104330000,300000,2805000000,31560318,17.44
27/03/2013,-121000,-1101200000,9(-2.17 %),0,0,121000,1101200000,31681318,17.32
28/03/2013,-197800,-1790500000,8.9(-2.20 %),3200,28600000,201000,1819100000,31879118,17.12
29/03/2013,0,0,8.9(0.00 %),0,0,0,0,31879118,17.12
01/04/2013,-200800,-1832080000,9.3(4.49 %),100200,921820000,301000,2753900000,31525318,17.47
02/04/2013,6500,61110000,9.2(-1.08 %),7500,70510000,1000,9400000,31518818,17.48
03/04/2013,499000,4610700000,9.3(1.09 %),500000,4620000000,1000,9300000,31019818,17.98
04/04/2013,249100,2276630000,9.1(-2.15 %),250200,2286870000,1100,10240000,30770718,18.23
05/04/2013,-1000,-9100000,9.2(1.10 %),0,0,1000,9100000,30771718,18.23
08/04/2013,-2900,-27060000,9.3(1.09 %),0,0,2900,27060000,30774618,18.22
09/04/2013,-2000,-18700000,9.2(-1.08 %),0,0,2000,18700000,30776618,18.22
10/04/2013,-1000,-9300000,9.1(-2.15 %),0,0,1000,9300000,30777618,18.22
11/04/2013,99000,900900000,9.1(0.00 %),100000,910000000,1000,9100000,30678618,18.32
12/04/2013,-6600,-58740000,8.9(-2.20 %),2000,18000000,8600,76740000,30685218,18.31
15/04/2013,-1000,-8900000,8.7(-2.25 %),0,0,1000,8900000,30686218,18.31
16/04/2013,200,1760000,8.8(1.15 %),200,1760000,0,0,30686018,18.31
17/04/2013,-1000,-8800000,8.8(0.00 %),0,0,1000,8800000,30687018,18.31
18/04/2013,85000,729500000,8.6(-2.27 %),100000,860000000,15000,130500000,30602018,18.39
22/04/2013,85100,723350000,8.6(0.00 %),85100,723350000,0,0,30516918,18.48
23/04/2013,250000,2170000000,8.7(2.35 %),250000,2170000000,0,0,30266918,18.73
24/04/2013,23200,199420000,8.7(0.00 %),24200,208120000,1000,8700000,30243718,18.75
25/04/2013,-1000,-8700000,8.7(0.00 %),0,0,1000,8700000,30244718,18.75
26/04/2013,-1000,-8700000,8.6(-1.15 %),0,0,1000,8700000,30245718,18.75
02/05/2013,0,0,8.6(0.00 %),0,0,0,0,30865718,18.13
03/05/2013,-1000000,-8510000000,8.6(1.18 %),0,0,1000000,8510000000,31865718,17.13
06/05/2013,10000,88000000,9.1(5.81 %),10000,88000000,0,0,31855718,17.14
07/05/2013,115000,1026000000,8.9(-2.20 %),115000,1026000000,0,0,31740718,17.26
08/05/2013,-5000,-44500000,8.8(-1.12 %),0,0,5000,44500000,31745718,17.25
09/05/2013,-21000,-184800000,8.8(0.00 %),0,0,21000,184800000,31766718,17.23
10/05/2013,16000,141300000,8.9(0.00 %),16000,141300000,0,0,31750718,17.25
13/05/2013,-1000,-8800000,8.9(1.14 %),0,0,1000,8800000,31751718,17.25
14/05/2013,0,0,8.7(-2.25 %),0,0,0,0,31751718,17.25
15/05/2013,-1000,-8700000,8.7(0.00 %),0,0,1000,8700000,31752718,17.24
16/05/2013,0,0,8.8(0.00 %),0,0,0,0,31752718,17.24
17/05/2013,0,0,8.8(0.00 %),0,0,0,0,31752718,17.24
20/05/2013,-98000,-865200000,8.9(1.14 %),2000,17800000,100000,883000000,31850718,17.15
21/05/2013,10000,109500000,9.1(3.41 %),260000,2366000000,250000,2256500000,31840718,17.16
22/05/2013,-80000,-736000000,9.1(0.00 %),0,0,80000,736000000,31920718,17.08
23/05/2013,-100000,-920000000,8.9(-2.20 %),0,0,100000,920000000,32020718,16.98
24/05/2013,0,0,9.1(1.11 %),0,0,0,0,32020718,16.98
27/05/2013,-400000,-3710640000,9.4(3.30 %),0,0,400000,3710640000,32420718,16.58
28/05/2013,-300000,-2826500000,9.5(1.06 %),0,0,300000,2826500000,32720718,16.28
29/05/2013,-800700,-7608320000,9.5(0.00 %),3300,31080000,804000,7639400000,33521418,15.48
30/05/2013,-500000,-4705000000,9.7(3.19 %),0,0,500000,4705000000,34021418,14.98
31/05/2013,-600000,-5734650000,9.5(-1.04 %),0,0,600000,5734650000,34621418,14.38
03/06/2013,-220000,-2090000000,9.3(-1.06 %),0,0,220000,2090000000,32720418,16.28
04/06/2013,-124900,-1150790000,9.1(-2.15 %),0,0,124900,1150790000,32845318,16.15
05/06/2013,0,0,9.3(2.20 %),0,0,0,0,32845318,16.15
06/06/2013,-270000,-2482000000,9.3(1.09 %),0,0,270000,2482000000,33115318,15.88
07/06/2013,-543100,-5113560000,9.6(3.23 %),0,0,543100,5113560000,33658418,15.34
10/06/2013,0,0,9.5(0.00 %),0,0,0,0,33658418,15.34
11/06/2013,980000,9351160000,9.6(1.05 %),980000,9351160000,0,0,32678418,16.32
12/06/2013,1170000,11312460000,9.7(1.04 %),1170000,11312460000,0,0,31508418,17.49
13/06/2013,1048000,10056000000,9.7(0.00 %),1150000,11035000000,102000,979000000,30460418,18.54
14/06/2013,651500,6309700000,9.7(0.00 %),651500,6309700000,0,0,29808918,19.19
17/06/2013,0,0,9.4(-3.09 %),0,0,0,0,29808918,19.19
18/06/2013,272000,2557900000,9.6(2.13 %),272000,2557900000,0,0,29536918,19.46
19/06/2013,0,0,9.4(-1.05 %),0,0,0,0,29536918,19.46
20/06/2013,0,0,9.3(-1.06 %),0,0,0,0,29536918,19.46
21/06/2013,-101000,-929200000,9.2(0.00 %),0,0,101000,929200000,29637918,19.36
24/06/2013,0,0,9(-2.17 %),0,0,0,0,29637918,19.36
25/06/2013,-10800,-96340000,8.9(-1.11 %),100,900000,10900,97240000,29648718,19.35
26/06/2013,-31900,-280720000,8.9(0.00 %),0,0,31900,280720000,29680618,19.32
27/06/2013,0,0,9.1(2.25 %),0,0,0,0,29680618,19.32
28/06/2013,0,0,9.1(0.00 %),0,0,0,0,29680618,19.32
01/07/2013,0,0,9.1(0.00 %),0,0,0,0,31772718,17.22
02/07/2013,0,0,9.3(2.20 %),0,0,0,0,31772718,17.22
03/07/2013,20000,184000000,9.3(0.00 %),20000,184000000,0,0,31752718,17.24
04/07/2013,0,0,9.3(1.09 %),0,0,0,0,31752718,17.24
05/07/2013,0,0,9.1(-2.15 %),0,0,0,0,31752718,17.24
08/07/2013,82200,742520000,9.1(1.11 %),82200,742520000,0,0,31670518,17.33
09/07/2013,0,0,9.2(1.10 %),0,0,0,0,31670518,17.33
10/07/2013,0,0,9.1(-1.09 %),0,0,0,0,31670518,17.33
11/07/2013,0,0,9(-2.17 %),0,0,0,0,31670518,17.33
12/07/2013,0,0,9.3(3.33 %),0,0,0,0,31670518,17.33
15/07/2013,0,0,9.1(-2.15 %),0,0,0,0,31670518,17.33
16/07/2013,-1200,-10920000,9.4(3.30 %),0,0,1200,10920000,31671718,17.33
17/07/2013,-89200,-829460000,9.3(0.00 %),2000,18700000,91200,848160000,31760918,17.24
18/07/2013,-191600,-1752920000,9.2(-1.08 %),3000,27400000,194600,1780320000,31952518,17.04
19/07/2013,-250000,-2275000000,9.1(-1.09 %),0,0,250000,2275000000,32202518,16.79
22/07/2013,0,0,9.1(0.00 %),0,0,0,0,32202518,16.79
23/07/2013,0,0,8.9(-1.11 %),0,0,0,0,32202518,16.79
24/07/2013,-29000,-256100000,8.9(0.00 %),1000,8900000,30000,265000000,32231518,16.77
25/07/2013,-104500,-929050000,8.8(-1.12 %),500,4450000,105000,933500000,32336018,16.66
26/07/2013,-77800,-681390000,8.7(-1.14 %),2700,23410000,80500,704800000,32413818,16.58
29/07/2013,0,0,8.6(-1.15 %),0,0,0,0,32413818,16.58
30/07/2013,0,0,8.7(1.16 %),0,0,0,0,32413818,16.58
31/07/2013,0,0,8.6(-1.15 %),0,0,0,0,32413818,16.58
01/08/2013,0,0,8.8(2.33 %),0,0,0,0,32230218,16.77
02/08/2013,-38110,-331557000,8.7(-1.14 %),0,0,38110,331557000,32268328,16.73
05/08/2013,0,0,8.7(0.00 %),0,0,0,0,32268328,16.73
06/08/2013,-60700,-523090000,8.6(-1.15 %),0,0,60700,523090000,32329028,16.67
07/08/2013,-90000,-777570000,8.7(1.16 %),0,0,90000,777570000,32419028,16.58
08/08/2013,-51000,-438010000,8.6(-1.15 %),0,0,51000,438010000,32470028,16.53
09/08/2013,-101125,-866158000,8.6(0.00 %),0,0,101125,866158000,32571153,16.43
12/08/2013,-11600,-99760000,8.6(0.00 %),0,0,11600,99760000,32582753,16.41
13/08/2013,-55900,-473340000,8.4(-2.33 %),500,4200000,56400,477540000,32638653,16.36
14/08/2013,131235,1104726000,8.6(2.38 %),183300,1539720000,52065,434994000,32507418,16.49
15/08/2013,0,0,8.6(0.00 %),0,0,0,0,32507418,16.49
16/08/2013,0,0,8.7(1.16 %),0,0,0,0,32507418,16.49
19/08/2013,-1000,-8800000,9(3.45 %),0,0,1000,8800000,32508418,16.49
20/08/2013,0,0,8.7(-3.33 %),0,0,0,0,32508418,16.49
21/08/2013,0,0,8.7(0.00 %),0,0,0,0,32508418,16.49
22/08/2013,0,0,8.5(-2.30 %),0,0,0,0,32508418,16.49
23/08/2013,0,0,8.5(0.00 %),0,0,0,0,32508418,16.49
26/08/2013,0,0,8.6(1.18 %),0,0,0,0,32508418,16.49
27/08/2013,0,0,8.6(0.00 %),0,0,0,0,32508418,16.49
28/08/2013,20000,168000000,8.3(-3.49 %),20000,168000000,0,0,32488418,16.51
29/08/2013,100,840000,8.3(0.00 %),100,840000,0,0,32488318,16.51
30/08/2013,0,0,8.3(0.00 %),0,0,0,0,32488318,16.51
03/09/2013,0,0,8.3(0.00 %),0,0,0,0,32230218,16.77
04/09/2013,2000,16300000,8.1(-2.41 %),2000,16300000,0,0,32228218,16.77
05/09/2013,-1000,-8200000,8.2(1.23 %),0,0,1000,8200000,32229218,16.77
06/09/2013,100,820000,8.2(0.00 %),100,820000,0,0,32229118,16.77
09/09/2013,200,1600000,7.9(-3.66 %),200,1600000,0,0,32228918,16.77
10/09/2013,0,0,8.1(2.53 %),0,0,0,0,32228918,16.77
11/09/2013,0,0,8.1(0.00 %),0,0,0,0,32228918,16.77
12/09/2013,0,0,8.1(0.00 %),0,0,0,0,32228918,16.77
13/09/2013,0,0,8.1(0.00 %),0,0,0,0,32228918,16.77
16/09/2013,500,4000000,7.9(-2.47 %),500,4000000,0,0,32228418,16.77
17/09/2013,600,4690000,7.9(0.00 %),600,4690000,0,0,32227818,16.77
18/09/2013,200200,1581580000,7.9(0.00 %),200200,1581580000,0,0,32027618,16.97
19/09/2013,15100,119290000,7.9(0.00 %),15100,119290000,0,0,32012518,16.98
20/09/2013,0,0,7.9(0.00 %),0,0,0,0,32012518,16.98
23/09/2013,0,0,8.1(2.53 %),0,0,0,0,32012518,16.98
24/09/2013,0,0,8(-1.23 %),0,0,0,0,32012518,16.98
25/09/2013,117700,955140000,8.2(2.50 %),117700,955140000,0,0,31894818,17.1
26/09/2013,-12000,-98600000,8.3(1.22 %),0,0,12000,98600000,31906818,17.09
27/09/2013,1200,9840000,8.2(-1.20 %),1200,9840000,0,0,31905618,17.09
30/09/2013,0,0,8.4(2.44 %),0,0,0,0,31905618,17.09
01/10/2013,0,0,8.4(0.00 %),0,0,0,0,32230218,16.77
02/10/2013,0,0,8.4(0.00 %),0,0,0,0,32230218,16.77
03/10/2013,0,0,8.3(-1.19 %),0,0,0,0,32230218,16.77
04/10/2013,0,0,8.3(0.00 %),0,0,0,0,32230218,16.77
07/10/2013,0,0,8.5(2.41 %),0,0,0,0,32230218,16.77
08/10/2013,0,300000,8.9(4.71 %),1000,8900000,1000,8600000,32230218,16.77
09/10/2013,-1000,-8800000,8.8(-1.12 %),0,0,1000,8800000,32231218,16.77
10/10/2013,4000,35200000,8.7(-1.14 %),4000,35200000,0,0,32227218,16.77
11/10/2013,5000,43500000,8.6(-1.15 %),5000,43500000,0,0,32222218,16.77
14/10/2013,0,0,8.5(-1.16 %),0,0,0,0,32222218,16.77
15/10/2013,-300,-2550000,8.6(1.18 %),0,0,300,2550000,32222518,16.77
16/10/2013,0,0,8.7(1.16 %),0,0,0,0,32222518,16.77
17/10/2013,-3000,-27300000,9.2(5.75 %),0,0,3000,27300000,32225518,16.77
18/10/2013,0,0,9.2(0.00 %),0,0,0,0,32225518,16.77
21/10/2013,5000,47000000,9.4(2.17 %),5000,47000000,0,0,32220518,16.78
22/10/2013,-5000,-46000000,9.2(-2.13 %),0,0,5000,46000000,32225518,16.77
23/10/2013,0,0,9.3(1.09 %),0,0,0,0,32225518,16.77
24/10/2013,-1300,-12090000,9.1(-2.15 %),0,0,1300,12090000,32226818,16.77
25/10/2013,0,0,9.1(0.00 %),0,0,0,0,32226818,16.77
28/10/2013,0,0,9.3(2.20 %),0,0,0,0,32226818,16.77
29/10/2013,-3000,-28200000,9.3(0.00 %),0,0,3000,28200000,32229818,16.77
30/10/2013,0,0,9.2(-1.08 %),0,0,0,0,32229818,16.77
31/10/2013,0,0,9.1(-1.09 %),0,0,0,0,32229818,16.77
01/11/2013,0,0,9.2(1.10 %),0,0,0,0,32230218,16.77
04/11/2013,0,0,9.3(1.09 %),0,0,0,0,32230218,16.77
05/11/2013,99000,930600000,9.4(1.08 %),100000,940000000,1000,9400000,32131218,16.87
06/11/2013,225000,2137500000,9.5(1.06 %),225000,2137500000,0,0,31906218,17.09
07/11/2013,-2000,-19300000,9.5(0.00 %),0,0,2000,19300000,31908218,17.09
08/11/2013,0,0,9.8(3.16 %),0,0,0,0,31908218,17.09
11/11/2013,-1700,-16860000,10(2.04 %),0,0,1700,16860000,31909918,17.09
12/11/2013,5000,49500000,9.7(-3.00 %),5000,49500000,0,0,31904918,17.09
13/11/2013,2000,19400000,9.6(-1.03 %),2000,19400000,0,0,31907918,17.09
14/11/2013,-3000,-29100000,9.6(0.00 %),0,0,3000,29100000,31910918,17.09
15/11/2013,-2100,-20370000,9.7(1.04 %),0,0,2100,20370000,31913018,17.08
18/11/2013,0,0,9.8(1.03 %),0,0,0,0,31913018,17.08
19/11/2013,2000,19600000,9.9(1.02 %),2000,19600000,0,0,31911018,17.09
20/11/2013,290400,2845920000,9.9(0.00 %),290400,2845920000,0,0,31620618,17.38
21/11/2013,247000,2475100000,9.8(-1.01 %),260000,2604000000,13000,128900000,31373618,17.62
22/11/2013,270100,2656480000,9.9(1.02 %),270100,2656480000,0,0,31103518,17.89
25/11/2013,115000,1147500000,9.9(0.00 %),115000,1147500000,0,0,30988518,18.01
26/11/2013,627900,6309100000,10.1(2.02 %),627900,6309100000,0,0,30360618,18.64
27/11/2013,461000,4733300000,10.3(1.98 %),462000,4743600000,1000,10300000,29899618,19.1
28/11/2013,199400,2033820000,10.2(-0.97 %),200000,2040000000,600,6180000,29700218,19.3
29/11/2013,100000,1010000000,10.3(0.98 %),100000,1010000000,0,0,29600218,19.4
02/12/2013,80000,824000000,10.3(0.00 %),80000,824000000,0,0,32230218,16.77
03/12/2013,70000,732000000,10.5(1.94 %),70000,732000000,0,0,32160218,16.84
04/12/2013,74000,779180000,10.6(0.95 %),75000,789680000,1000,10500000,32086218,16.91
05/12/2013,-800,-8450000,10.6(0.00 %),0,0,800,8450000,32087018,16.91
06/12/2013,-27200,-285600000,10.5(-0.94 %),0,0,27200,285600000,32114218,16.88
09/12/2013,-2000,-21200000,10.3(-1.90 %),0,0,2000,21200000,32116218,16.88
10/12/2013,3000,30900000,10.3(0.00 %),3000,30900000,0,0,32113218,16.88
11/12/2013,40000,407000000,10.2(-0.97 %),50000,510000000,10000,103000000,32073218,16.92
12/12/2013,-300,-3060000,10.2(0.00 %),0,0,300,3060000,32073518,16.92
13/12/2013,-200,-2060000,10.2(0.00 %),0,0,200,2060000,32073718,16.92
16/12/2013,0,0,10.2(0.00 %),0,0,0,0,32073718,16.92
17/12/2013,0,0,10.4(1.96 %),0,0,0,0,32073718,16.92
18/12/2013,-3000,-31200000,10.3(-0.96 %),0,0,3000,31200000,32076718,16.92
19/12/2013,34,357000,10.5(1.94 %),34,357000,0,0,32076684,16.92
20/12/2013,0,0,10.4(-0.95 %),0,0,0,0,32076684,16.92
23/12/2013,390900,4139950000,10.7(2.88 %),410900,4346950000,20000,207000000,31685784,17.31
24/12/2013,9800,103840000,10.5(-1.87 %),10000,106000000,200,2160000,31675984,17.32
25/12/2013,40000,420000000,10.5(0.00 %),40000,420000000,0,0,31635984,17.36
26/12/2013,0,0,10.4(-0.95 %),0,0,0,0,31635984,17.36
27/12/2013,0,0,10.3(-0.96 %),0,0,0,0,31635984,17.36
30/12/2013,210500,2136050000,10.1(-1.94 %),210500,2136050000,0,0,31425484,17.57
31/12/2013,0,0,10.4(2.97 %),0,0,0,0,31425484,17.57
02/01/2014,0,0,10.4(0.00 %),0,0,0,0,32230218,16.77
03/01/2014,1700,17510000,10.3(-0.96 %),1700,17510000,0,0,32230218,16.77
06/01/2014,0,0,10.3(0.00 %),0,0,0,0,32230218,16.77
07/01/2014,609500,6409750000,10.5(1.94 %),610000,6415000000,500,5250000,31620718,17.38
08/01/2014,-500,-5400000,11(4.76 %),0,0,500,5400000,31621218,17.38
09/01/2014,33900,388560000,11.6(5.45 %),33900,388560000,0,0,31587318,17.41
10/01/2014,204000,2326400000,11.5(-0.86 %),204000,2326400000,0,0,31383318,17.61
13/01/2014,360500,4123900000,11.4(-0.87 %),360500,4123900000,0,0,31022818,17.97
14/01/2014,597800,6883880000,11.7(2.63 %),597800,6883880000,0,0,30425018,18.57
15/01/2014,880300,10763780000,12.6(7.69 %),980300,12018780000,100000,1255000000,29544718,19.45
16/01/2014,1403800,17732980000,12.9(2.38 %),1433800,18113980000,30000,381000000,28140918,20.86
17/01/2014,1141600,15501560000,13.2(2.33 %),1362600,18498960000,221000,2997400000,26999318,22.0
20/01/2014,1483900,19557720000,13.1(-0.76 %),1663900,21957720000,180000,2400000000,25515418,23.48
21/01/2014,90500,1041720000,13.4(2.29 %),418500,5384000000,328000,4342280000,25424918,23.57
22/01/2014,549300,7396610000,13.2(-1.49 %),595300,8014610000,46000,618000000,24875618,24.12
23/01/2014,-41100,-522300000,13.2(0.00 %),178900,2342200000,220000,2864500000,24916718,24.08
24/01/2014,346770,4615310000,13.5(2.27 %),357770,4759710000,11000,144400000,24569948,24.43
27/01/2014,-19962,-269124600,13.7(1.48 %),30038,405875400,50000,675000000,24589910,24.41
06/02/2014,2030,26999000,13.3(-2.92 %),10030,135399000,8000,108400000,32230218,16.77
07/02/2014,293100,3845760000,13(-2.26 %),293100,3845760000,0,0,31937118,17.06
10/02/2014,0,0,13.4(3.08 %),0,0,0,0,31937118,17.06
11/02/2014,300025,4030330000,13.3(-0.75 %),300025,4030330000,0,0,31637093,17.36
12/02/2014,-14000,-186400000,13.5(1.50 %),0,0,14000,186400000,31651093,17.35
13/02/2014,-272802,-3900009600,14.8(9.63 %),17200,242020000,290002,4142029600,31923895,17.07
14/02/2014,36500,559990000,15.2(2.70 %),272000,4120590000,235500,3560600000,31887395,17.11
17/02/2014,-85010,-1282152000,14.9(-1.97 %),15000,228000000,100010,1510152000,31972405,17.02
18/02/2014,38000,567000000,15(0.67 %),38000,567000000,0,0,31934405,17.06
19/02/2014,244958,3774349000,16(6.67 %),245000,3775000000,42,651000,31689447,17.31
20/02/2014,15900,244130000,15.2(-5.00 %),25900,399130000,10000,155000000,31673547,17.32
21/02/2014,32100,480620000,15.2(0.00 %),32200,482160000,100,1540000,31641447,17.36
24/02/2014,8200,122110000,15.6(2.63 %),23200,354610000,15000,232500000,31633247,17.36
25/02/2014,43500,681280000,15.8(1.28 %),63000,985780000,19500,304500000,31589747,17.41
26/02/2014,55500,873850000,15.8(0.00 %),55500,873850000,0,0,31534247,17.46
27/02/2014,63300,1018820000,15.4(-2.53 %),204000,3228350000,140700,2209530000,31526447,17.47
28/02/2014,-83200,-1293840000,15.4(0.00 %),17000,259200000,100200,1553040000,31609647,17.39
03/03/2014,-12309,-190769000,14.6(-5.19 %),10000,148500000,22309,339269000,32230218,16.77
04/03/2014,-97470,-1451958000,14.7(0.68 %),2700,40500000,100170,1492458000,32327688,16.67
05/03/2014,2487,37553700,15.1(2.72 %),2500,37750000,13,196300,32325201,16.67
06/03/2014,-100000,-1540000000,15.3(1.32 %),0,0,100000,1540000000,32425201,16.57
07/03/2014,180983,2852436000,15.8(3.27 %),306000,4803700000,125017,1951264000,32244218,16.75
10/03/2014,-34900,-562180000,16.2(2.53 %),2000,31600000,36900,593780000,32279118,16.72
11/03/2014,-339900,-5479390000,16(-1.23 %),90100,1468630000,430000,6948020000,32619018,16.38
12/03/2014,-13100,-202790000,15.7(-1.88 %),21900,350210000,35000,553000000,32632118,16.36
13/03/2014,-27500,-461200000,16.7(6.37 %),10500,170100000,38000,631300000,32659618,16.34
14/03/2014,-142700,-2374490000,16.5(-1.20 %),300,5010000,143000,2379500000,32802318,16.19
17/03/2014,-331500,-5671880000,17.2(4.24 %),200000,3466720000,531500,9138600000,33133818,15.86
18/03/2014,-332200,-5910890000,17.4(1.16 %),241300,4233910000,573500,10144800000,33466018,15.53
19/03/2014,-187800,-3309660000,17.7(1.72 %),44500,783620000,232300,4093280000,33653818,15.34
20/03/2014,-244000,-4305250000,17.3(-2.26 %),16000,278250000,260000,4583500000,33897818,15.1
21/03/2014,-208100,-3639150000,17.4(0.58 %),22000,379600000,230100,4018750000,34105918,14.89
24/03/2014,-79900,-1418320000,17.8(2.30 %),50000,888500000,129900,2306820000,34185818,14.81
25/03/2014,-92700,-1638120000,17(-4.49 %),83800,1445280000,176500,3083400000,34278518,14.72
26/03/2014,53000,901000000,16.6(-2.35 %),70000,1181500000,17000,280500000,34225518,14.77
27/03/2014,-3000,-49200000,17.4(4.82 %),0,0,3000,49200000,34228518,14.77
28/03/2014,0,0,17.5(0.57 %),0,0,0,0,34228518,14.77
31/03/2014,95500,1734990000,18.1(3.43 %),211000,3825490000,115500,2090500000,34133018,14.86
01/04/2014,-20000,-354000000,17.7(-2.21 %),0,0,20000,354000000,32230218,16.77
02/04/2014,25000,443000000,17.7(0.00 %),25000,443000000,0,0,32205218,16.79
03/04/2014,10000,178000000,18(1.69 %),10000,178000000,0,0,32195218,16.8
04/04/2014,301500,5416740000,18(0.00 %),301500,5416740000,0,0,31893718,17.1
07/04/2014,-90100,-1676010000,18.7(3.89 %),64900,1196490000,155000,2872500000,31983818,17.01
08/04/2014,15400,287210000,19.4(3.74 %),126100,2444750000,110700,2157540000,31968418,17.03
10/04/2014,1000,19300000,19.1(-1.55 %),1000,19300000,0,0,31967418,17.03
11/04/2014,-25000,-483000000,19.1(0.00 %),5000,95000000,30000,578000000,31992418,17.0
14/04/2014,93000,1746500000,18.5(-3.14 %),103000,1935500000,10000,189000000,31899418,17.1
15/04/2014,61500,1138500000,17.7(-4.32 %),80000,1479000000,18500,340500000,31837918,17.16
16/04/2014,-23000,-354440000,17(-3.95 %),110000,1891000000,133000,2245440000,31860918,17.14
17/04/2014,200,3440000,17.2(1.18 %),200,3440000,0,0,31860718,17.14
18/04/2014,110000,1777000000,15.8(-8.14 %),110000,1777000000,0,0,31750718,17.25
21/04/2014,39600,622660000,15.3(-3.16 %),39600,622660000,0,0,31711118,17.29
22/04/2014,-10000,-159500000,16.4(7.19 %),0,0,10000,159500000,31721118,17.28
23/04/2014,76100,1248450000,16.1(-1.83 %),76100,1248450000,0,0,31645018,17.35
24/04/2014,4200,67440000,16.3(1.24 %),4200,67440000,0,0,31640818,17.36
25/04/2014,2600,43060000,16.3(0.00 %),2600,43060000,0,0,31638218,17.36
28/04/2014,31800,507780000,15.8(-3.07 %),31800,507780000,0,0,31606418,17.39
29/04/2014,0,0,15.9(0.63 %),0,0,0,0,31606418,17.39
05/05/2014,5000,80000000,14.9(-6.29 %),5000,80000000,0,0,32230218,16.77
06/05/2014,29200,418050000,14.4(-3.36 %),29200,418050000,0,0,32201018,16.8
07/05/2014,0,0,14.2(-1.39 %),0,0,0,0,32201018,16.8
08/05/2014,710300,9117640000,12.8(-9.86 %),711300,9130440000,1000,12800000,31490718,17.51
09/05/2014,385500,5238150000,14(9.37 %),385500,5238150000,0,0,31105218,17.89
12/05/2014,32900,427710000,12.8(-8.57 %),32900,427710000,0,0,31072318,17.92
13/05/2014,320000,4153000000,12.9(0.78 %),320000,4153000000,0,0,30752318,18.24
14/05/2014,834900,11729940000,14.1(9.30 %),835000,11731310000,100,1370000,29917418,19.08
15/05/2014,1285900,18161210000,13.9(-1.42 %),1509900,21300190000,224000,3138980000,28631518,20.37
16/05/2014,639700,9163650000,14.6(5.04 %),733700,10508400000,94000,1344750000,27991818,21.01
19/05/2014,744300,10938600000,14.6(0.00 %),744300,10938600000,0,0,27247518,21.75
20/05/2014,669300,9763980000,14.6(0.00 %),678000,9890250000,8700,126270000,26578218,22.42
21/05/2014,361900,5473650000,15.3(4.79 %),363200,5493410000,1300,19760000,26216318,22.78
22/05/2014,796000,11851490000,14.9(0.68 %),1116000,16612820000,320000,4761330000,25420318,23.58
23/05/2014,-58100,-831290000,14.6(-2.01 %),168900,2481540000,227000,3312830000,25478418,23.52
26/05/2014,-345500,-4993800000,14.5(-0.68 %),4000,58000000,349500,5051800000,25823918,23.17
27/05/2014,-372100,-5595700000,15.4(6.21 %),0,0,372100,5595700000,14492484,34.51
28/05/2014,-6000,-92400000,15.3(-0.65 %),0,0,6000,92400000,14812484,34.19
29/05/2014,20000,322010000,15(-1.96 %),100000,1519060000,80000,1197050000,15039484,33.96
30/05/2014,90000,1331000000,14.8(-1.33 %),100000,1480000000,10000,149000000,15288984,33.71
02/06/2014,100000,1450000000,14.4(-2.70 %),100000,1450000000,0,0,15561084,33.44
03/06/2014,119000,1713200000,14.2(-1.39 %),120000,1727500000,1000,14300000,15467084,33.53
04/06/2014,2500,35020000,13.6(-4.23 %),2500,35020000,0,0,15424584,33.58
05/06/2014,184879,2581051700,14(2.94 %),184900,2581310000,21,258300,15434584,33.57
06/06/2014,226700,3224420000,15.4(10.00 %),265000,3802420000,38300,578000000,15249684,33.75
09/06/2014,91300,1432050000,15.1(-1.95 %),108100,1694290000,16800,262240000,14985684,34.01
10/06/2014,115000,1693810000,14.6(-3.31 %),115000,1693810000,0,0,14877584,34.12
11/06/2014,454000,6823120000,15.1(3.42 %),454000,6823120000,0,0,14762605,34.24
12/06/2014,541200,8194100000,15.2(0.66 %),541200,8194100000,0,0,14346905,34.65
13/06/2014,100000,1512500000,15.2(0.00 %),100000,1512500000,0,0,13822505,35.18
16/06/2014,120000,1829570000,15.3(0.66 %),120000,1829570000,0,0,13722505,35.28
17/06/2014,315000,4929190000,15.7(2.61 %),325000,5087190000,10000,158000000,13602505,35.4
18/06/2014,199500,3113200000,15.6(-0.64 %),200000,3121000000,500,7800000,13277505,35.72
19/06/2014,534300,8160870000,15.3(-1.92 %),534500,8163950000,200,3080000,13077505,35.92
20/06/2014,124400,1903900000,15.2(-0.65 %),124400,1903900000,0,0,12543005,36.46
23/06/2014,200000,3023140000,15.2(0.00 %),200000,3023140000,0,0,12428605,36.57
24/06/2014,470000,7211200000,15.5(1.97 %),470000,7211200000,0,0,12229105,36.77
25/06/2014,68000,1067960000,15.7(1.29 %),73000,1146960000,5000,79000000,11759305,37.24
26/06/2014,410000,6449970000,15.7(0.00 %),415000,6528970000,5000,79000000,11686305,37.31
27/06/2014,0,0,15.7(0.00 %),0,0,0,0,11271305,37.73
30/06/2014,677500,11115130000,16.7(6.37 %),690000,11320430000,12500,205300000,10581305,38.42
01/07/2014,-51000,-849510000,16.6(-0.60 %),0,0,51000,849510000,10586305,38.41
02/07/2014,32000,535800000,16.7(0.60 %),40000,670000000,8000,134200000,10551305,38.45
03/07/2014,-18300,-305780000,16.8(0.60 %),0,0,18300,305780000,10551305,38.45
04/07/2014,111000,1866970000,16.9(0.60 %),130000,2189970000,19000,323000000,10433805,38.57
07/07/2014,-3000,-51600000,17(0.59 %),0,0,3000,51600000,10484805,38.52
08/07/2014,683100,11540300000,17(0.00 %),683100,11540300000,0,0,9809705,39.19
09/07/2014,221200,3758720000,16.8(-1.18 %),227000,3857900000,5800,99180000,9601005,39.4
10/07/2014,18000,303600000,16.3(-2.98 %),28000,467600000,10000,164000000,9592005,39.41
11/07/2014,61300,997190000,16.3(0.00 %),61300,997190000,0,0,9533705,39.47
14/07/2014,80400,1305790000,16.3(0.00 %),80400,1305790000,0,0,9453305,39.55
16/07/2014,180500,3026600000,16.6(0.00 %),181500,3043600000,1000,17000000,9174626,39.83
17/07/2014,2500,41300000,16.5(-0.60 %),3000,49500000,500,8200000,9171626,39.83
18/07/2014,193900,3219940000,16.7(1.21 %),202000,3354400000,8100,134460000,8969626,40.03
21/07/2014,857600,14293360000,16.6(-0.60 %),858000,14299960000,400,6600000,8111626,40.89
22/07/2014,-8100,-133650000,16.3(-1.81 %),0,0,8100,133650000,8112626,40.89
23/07/2014,-16500,-267900000,16.3(0.00 %),0,0,16500,267900000,8113126,40.89
24/07/2014,-30000,-489000000,16.2(-0.61 %),0,0,30000,489000000,8121226,40.88
25/07/2014,3000,46200000,15.4(-4.94 %),3000,46200000,0,0,8118626,40.88
28/07/2014,160000,2436250000,15.2(-1.30 %),200000,3040250000,40000,604000000,7926726,41.07
29/07/2014,5000,76000000,15.2(0.00 %),5000,76000000,0,0,7938226,41.06
30/07/2014,-132500,-1986990000,14.8(-2.63 %),4000,59200000,136500,2046190000,7964226,41.04
31/07/2014,0,0,15.2(2.70 %),0,0,0,0,7964226,41.04
01/08/2014,-1000,-15400000,15.2(0.00 %),82000,1239960000,83000,1255360000,8002226,41.0
04/08/2014,-170000,-2564000000,15.2(0.00 %),0,0,170000,2564000000,8002226,41.0
05/08/2014,-212000,-3204950000,15.5(1.97 %),0,0,212000,3204950000,8138726,40.86
06/08/2014,-191400,-2959560000,15.3(-1.29 %),0,0,191400,2959560000,8138726,40.86
07/08/2014,-42100,-639920000,15.3(0.00 %),0,0,42100,639920000,8141726,40.86
08/08/2014,11600,177810000,15.3(0.00 %),11600,177810000,0,0,8300126,40.7
11/08/2014,80000,1216000000,15.3(0.00 %),80000,1216000000,0,0,8432126,40.57
12/08/2014,10100,153530000,15.1(-1.31 %),10100,153530000,0,0,8613426,40.39
13/08/2014,0,0,15.6(3.31 %),0,0,0,0,8655526,40.34
15/08/2014,-7000,-109200000,15.6(-0.64 %),0,0,7000,109200000,8475526,40.52
18/08/2014,80000,1249000000,16(2.56 %),170000,2690000000,90000,1441000000,8375526,40.62
19/08/2014,50000,785000000,15.7(-1.88 %),50000,785000000,0,0,8325526,40.67
20/08/2014,0,0,15.7(0.00 %),0,0,0,0,8325526,40.67
21/08/2014,-2000,-32000000,16(1.91 %),0,0,2000,32000000,8332526,40.67
26/08/2014,130000,2165200000,16.8(1.82 %),145000,2414200000,15000,249000000,7825226,41.17
29/08/2014,544900,9376930000,17.3(2.37 %),570000,9806630000,25100,429700000,6935826,42.06
04/09/2014,-142000,-2430630000,17(-2.86 %),0,0,142000,2430630000,6528926,42.47
05/09/2014,-65000,-1104900000,17.1(0.59 %),0,0,65000,1104900000,6539226,42.46
10/09/2014,30200,498340000,16.7(1.83 %),30200,498340000,0,0,6284126,42.72
11/09/2014,-300000,-5038310000,16.7(0.00 %),0,0,300000,5038310000,6349126,42.65
12/09/2014,-20000,-334000000,16.8(0.60 %),0,0,20000,334000000,6354126,42.65
15/09/2014,-265900,-4437720000,16.6(-1.19 %),0,0,265900,4437720000,6359126,42.64
16/09/2014,-509700,-8321220000,16.8(1.20 %),185300,3072570000,695000,11393790000,6173826,42.83
17/09/2014,-977500,-17058140000,17.8(5.95 %),65500,1169450000,1043000,18227590000,6408326,42.59
18/09/2014,-461500,-7895210000,16.7(-6.18 %),17300,299290000,478800,8194500000,6411026,42.59
19/09/2014,-202800,-3398740000,16.7(0.00 %),0,0,202800,3398740000,6676926,42.32
22/09/2014,-518200,-8422630000,15.8(-5.39 %),0,0,518200,8422630000,7371926,41.63
23/09/2014,-178700,-2869050000,16.2(2.53 %),153300,2468820000,332000,5337870000,8261626,40.74
24/09/2014,-670000,-10754760000,16(-1.23 %),45000,724000000,715000,11478760000,8695426,40.3
25/09/2014,-145000,-2325500000,16.3(1.88 %),20000,318000000,165000,2643500000,8878226,40.12
26/09/2014,3000,49200000,16.3(0.00 %),3000,49200000,0,0,9393426,39.61
29/09/2014,-15000,-247000000,16.5(1.23 %),0,0,15000,247000000,9408426,39.59
30/09/2014,-319700,-5235090000,16.3(-1.21 %),33400,546760000,353100,5781850000,9728126,39.27
01/10/2014,0,0,16.6(1.84 %),0,0,0,0,10569026,38.43
02/10/2014,-380400,-6472920000,16.9(1.81 %),203000,3429800000,583400,9902720000,10369026,38.63
03/10/2014,-336600,-5810550000,17.1(1.18 %),0,0,336600,5810550000,10384026,38.62
06/10/2014,19500,333500000,17.1(0.00 %),35500,610600000,16000,277100000,10701626,38.3
07/10/2014,-91900,-1567790000,17(-0.58 %),8100,137290000,100000,1705080000,10693526,38.31
08/10/2014,-85000,-1439500000,16.9(-0.59 %),15000,252000000,100000,1691500000,11261926,37.74
09/10/2014,-16700,-288960000,16.8(-0.59 %),300,5140000,17000,294100000,11598226,37.4
10/10/2014,-95000,-1588000000,16.6(-1.19 %),5000,83000000,100000,1671000000,11609226,37.39
13/10/2014,-292000,-4839240000,16.7(0.60 %),42000,694000000,334000,5533240000,11901226,37.1
14/10/2014,-35000,-568450000,16.1(-3.59 %),5000,82500000,40000,650950000,11936226,37.06
15/10/2014,126000,2041200000,16.2(0.62 %),126000,2041200000,0,0,11810226,37.19
16/10/2014,3000,47700000,15.7(-3.09 %),3000,47700000,0,0,11807226,37.19
20/10/2014,0,0,15.8(-0.63 %),0,0,0,0,11807226,37.19
21/10/2014,0,0,15.7(-0.63 %),0,0,0,0,11807226,37.19
22/10/2014,300000,4847260000,16.3(3.82 %),300000,4847260000,0,0,11507226,37.49
23/10/2014,16800,270320000,16(-1.84 %),16800,270320000,0,0,11490426,37.51
24/10/2014,122700,1960200000,16.1(0.62 %),122700,1960200000,0,0,11367726,37.63
27/10/2014,-446700,-6982580000,15.3(-4.97 %),400,6280000,447100,6988860000,11814426,37.18
29/10/2014,0,0,15.8(2.60 %),0,0,0,0,11814426,37.18
30/10/2014,349900,5720360000,16.4(3.80 %),350000,5722000000,100,1640000,11464526,37.53
31/10/2014,33200,543160000,16.4(0.00 %),33200,543160000,0,0,11431326,37.57
03/11/2014,6310,104685000,16.3(-0.61 %),6310,104685000,0,0,11730916,37.27
04/11/2014,-1022700,-16379592000,15.8(-3.07 %),21000,337100000,1043700,16716692000,12753616,36.25
05/11/2014,194810,3075451000,16.1(1.90 %),473610,7564131000,278800,4488680000,12558806,36.44
06/11/2014,-514900,-7190590000,14(2.94 %),0,0,514900,7190590000,13073706,35.92
07/11/2014,0,0,14(0.00 %),0,0,0,0,13073706,35.92
10/11/2014,0,0,14(0.00 %),0,0,0,0,13073706,35.92
11/11/2014,100,1390000,13.8(-1.43 %),100,1390000,0,0,13073606,35.93
12/11/2014,358000,5036200000,14.1(2.17 %),378000,5318200000,20000,282000000,12715606,36.28
13/11/2014,70000,986500000,14.1(0.00 %),70000,986500000,0,0,12645606,36.35
14/11/2014,20000,278500000,13.8(-2.13 %),20000,278500000,0,0,12625606,36.37
17/11/2014,26200,364380000,13.9(0.72 %),46200,642180000,20000,277800000,12599406,36.4
18/11/2014,-11500,-158690000,13.7(-1.44 %),100,1390000,11600,160080000,12610906,36.39
19/11/2014,-20,-274000,13.4(-2.19 %),0,0,20,274000,12610926,36.39
20/11/2014,19900,270840000,13.7(2.24 %),34900,474840000,15000,204000000,12555506,36.44
21/11/2014,151300,2054220000,13.4(-2.19 %),201300,2729940000,50000,675720000,12374206,36.63
24/11/2014,-87200,-1157180000,13.1(-2.24 %),25600,339840000,112800,1497020000,12461406,36.54
25/11/2014,15000,198400000,13.3(1.53 %),25000,331400000,10000,133000000,12335226,36.66
26/11/2014,30000,397800000,13(-2.26 %),30000,397800000,0,0,12320226,36.68
27/11/2014,6400,83840000,13.4(3.08 %),6400,83840000,0,0,12363826,36.64
28/11/2014,-258000,-3446180000,13.3(-0.75 %),20000,266000000,278000,3712180000,12456626,36.54
01/12/2014,-2500,-33300000,13.2(-0.75 %),0,0,2500,33300000,12466626,36.53
02/12/2014,0,0,13.3(0.76 %),0,0,0,0,12466626,36.53
03/12/2014,0,0,13.4(0.75 %),0,0,0,0,12466626,36.53
04/12/2014,561000,7617040000,13.7(2.24 %),561000,7617040000,0,0,12183626,36.82
05/12/2014,43500,587210000,13.6(-0.73 %),113500,1538210000,70000,951000000,12072626,36.93
08/12/2014,83000,1107900000,13.3(-2.21 %),183000,2442400000,100000,1334500000,11989626,37.01
09/12/2014,306000,3993430000,12.8(-3.76 %),446000,5819230000,140000,1825800000,11443626,37.56
10/12/2014,174300,2262790000,13.1(2.34 %),174300,2262790000,0,0,11269326,37.73
11/12/2014,71000,923000000,13(-0.76 %),71000,923000000,0,0,11268326,37.73
12/12/2014,52500,685500000,13.1(0.77 %),52500,685500000,0,0,11315826,37.68
15/12/2014,68000,888500000,13(-0.76 %),68000,888500000,0,0,11387826,37.61
16/12/2014,-17800,-226060000,12.5(-3.85 %),0,0,17800,226060000,11387826,37.61
17/12/2014,385900,4708180000,12.2(-2.40 %),408100,4967940000,22200,259760000,10979726,38.02
18/12/2014,111600,1399260000,12.5(2.46 %),131600,1650260000,20000,251000000,10848126,38.15
19/12/2014,99300,1247780000,12.3(-1.60 %),100700,1265420000,1400,17640000,10747426,38.25
22/12/2014,10000,123000000,12.5(1.63 %),10000,123000000,0,0,10755226,38.24
23/12/2014,0,0,12.3(-1.60 %),0,0,0,0,10777426,38.22
24/12/2014,0,0,12.4(0.81 %),0,0,0,0,10797426,38.2
25/12/2014,10700,131680000,12.2(-1.61 %),10700,131680000,0,0,10788126,38.21
26/12/2014,61000,741000000,12(-1.64 %),61000,741000000,0,0,10727126,38.27
29/12/2014,0,0,11.7(-2.50 %),0,0,0,0,10727126,38.27
30/12/2014,20000,237000000,12.1(3.42 %),20000,237000000,0,0,10707126,38.29
31/12/2014,-16500,-209300000,12.6(4.13 %),3500,42700000,20000,252000000,10703626,38.3
05/01/2015,0,0,12.5(-0.79 %),0,0,0,0,10703626,38.3
06/01/2015,-50000,-640000000,13(4.00 %),0,0,50000,640000000,10703626,38.3
07/01/2015,-1000,-12900000,13(0.00 %),0,0,1000,12900000,10703626,38.3
08/01/2015,131800,1691720000,12.8(-1.54 %),131800,1691720000,0,0,10591826,38.41
09/01/2015,177000,2309870000,13.1(2.34 %),177000,2309870000,0,0,10414826,38.59
12/01/2015,50100,649320000,13(-0.76 %),100100,1299320000,50000,650000000,10364726,38.64
13/01/2015,140900,1838320000,13.1(0.77 %),140900,1838320000,0,0,10224826,38.78
14/01/2015,0,0,12.9(-1.53 %),0,0,0,0,10224826,38.77
15/01/2015,0,0,13.2(2.33 %),0,0,0,0,10224826,38.78
16/01/2015,10000,135500000,13.2(0.00 %),10000,135500000,0,0,10264826,38.74
19/01/2015,218800,2884640000,13(-1.52 %),218800,2884640000,0,0,10046026,38.95
20/01/2015,0,0,13(0.00 %),0,0,0,0,10046026,38.95
21/01/2015,0,0,12.9(-0.77 %),0,0,0,0,10046026,38.95
22/01/2015,-1000,-12900000,13.1(1.55 %),0,0,1000,12900000,10046026,38.95
23/01/2015,-300,-3990000,13.2(0.76 %),0,0,300,3990000,10046026,38.95
26/01/2015,0,0,13(-1.52 %),0,0,0,0,10046026,38.95
27/01/2015,57600,743540000,12.9(-0.77 %),57600,743540000,0,0,9988426,39.01
28/01/2015,0,0,12.7(-1.55 %),0,0,0,0,9989426,39.01
29/01/2015,0,0,12.8(0.79 %),0,0,0,0,9989726,39.01
30/01/2015,0,0,12.4(-3.12 %),0,0,0,0,9989726,39.01
02/02/2015,126800,1523150000,11.9(-4.03 %),126800,1523150000,0,0,9862926,39.14
03/02/2015,-27800,-330860000,11.7(-1.68 %),200,2340000,28000,333200000,9862726,39.14
04/02/2015,97100,1129860000,11.5(-1.71 %),97100,1129860000,0,0,9765626,39.23
05/02/2015,136100,1599640000,11.7(1.74 %),136100,1599640000,0,0,9629526,39.37
06/02/2015,37000,439700000,11.9(1.71 %),37000,439700000,0,0,9592526,39.41
09/02/2015,52000,618000000,11.8(-0.84 %),52000,618000000,0,0,9568526,39.43
10/02/2015,68000,804660000,11.9(0.85 %),68000,804660000,0,0,9500526,39.5
11/02/2015,0,0,12.1(1.68 %),0,0,0,0,9500526,39.5
12/02/2015,202400,2482000000,12.3(1.65 %),212400,2604000000,10000,122000000,9298126,39.7
13/02/2015,206800,2553320000,12.4(0.81 %),206800,2553320000,0,0,9081326,39.92
24/02/2015,26700,330800000,12.5(0.81 %),30000,372050000,3300,41250000,9051326,39.95
25/02/2015,0,0,12.2(-2.40 %),0,0,0,0,16041656,32.96
26/02/2015,-11000,-134100000,12.2(0.00 %),2000,24200000,13000,158300000,16049656,32.95
27/02/2015,0,0,12.1(-0.82 %),0,0,0,0,16049656,32.95
02/03/2015,-93900,-1125880000,11.9(-1.65 %),6100,74120000,100000,1200000000,16046856,32.95
03/03/2015,4800,56120000,12(0.84 %),5000,58500000,200,2380000,16041856,38.65
04/03/2015,89555,1093874000,12.3(2.50 %),90000,1099160000,445,5286000,15964856,38.7
05/03/2015,-26000,-307800000,12.2(-0.81 %),40000,490800000,66000,798600000,15924856,38.73
06/03/2015,0,0,12.1(-0.82 %),0,0,0,0,16024856,38.66
09/03/2015,0,0,11.8(-2.48 %),0,0,0,0,16025056,38.66
10/03/2015,-341,-4023800,11.7(-0.85 %),0,0,341,4023800,16025501,38.66
11/03/2015,200,2360000,11.6(-0.85 %),200,2360000,0,0,16091301,38.62
12/03/2015,-11000,-127820000,11.7(0.86 %),0,0,11000,127820000,16091301,38.62
13/03/2015,-10000,-117000000,11.6(-0.85 %),0,0,10000,117000000,16091301,38.62
16/03/2015,-572200,-6478740000,11.2(-3.45 %),0,0,572200,6478740000,16091642,38.62
17/03/2015,-129225,-1458212500,11.4(1.79 %),0,0,129225,1458212500,16091642,38.62
18/03/2015,0,0,11.2(-1.75 %),0,0,0,0,16102642,38.61
19/03/2015,-6075,-67640000,11.2(0.00 %),10000,113000000,16075,180640000,16102642,38.61
20/03/2015,500,5600000,11.2(0.00 %),500,5600000,0,0,16102142,38.61
23/03/2015,-16500,-179760000,11(-1.79 %),16800,189840000,33300,369600000,16786767,38.17
24/03/2015,-15200,-167250000,10.9(-0.91 %),500,5450000,15700,172700000,16786267,38.17
25/03/2015,-15600,-170040000,10.9(0.00 %),0,0,15600,170040000,16802342,38.16
26/03/2015,-3100,-33790000,10.9(0.00 %),0,0,3100,33790000,16802342,38.16
27/03/2015,-200,-2200000,10.8(-0.92 %),0,0,200,2200000,16835642,38.14
30/03/2015,0,0,10.6(-1.85 %),0,0,0,0,16851342,38.13
31/03/2015,8000,85600000,10.8(1.89 %),8000,85600000,0,0,16858942,38.12
01/04/2015,45000,478500000,10.5(-2.78 %),45000,478500000,0,0,16817042,38.15
02/04/2015,144700,1540820000,10.7(1.90 %),144700,1540820000,0,0,16672542,38.24
03/04/2015,0,0,10.7(0.00 %),0,0,0,0,16672542,38.24
06/04/2015,317300,3391940000,10.5(-1.87 %),317300,3391940000,0,0,16355242,38.45
07/04/2015,0,0,10.6(0.95 %),0,0,0,0,16355242,38.45
08/04/2015,15000,160550000,10.6(0.00 %),15000,160550000,0,0,16340242,38.46
09/04/2015,-6100,-65880000,10.8(1.89 %),0,0,6100,65880000,16340242,38.46
10/04/2015,73400,820000000,11.2(3.70 %),77300,862900000,3900,42900000,16262942,38.51
13/04/2015,100,1130000,10.9(-2.68 %),100,1130000,0,0,16262842,38.51
14/04/2015,140000,1542120000,10.8(-0.92 %),140000,1542120000,0,0,16122842,38.6
15/04/2015,13300,145250000,10.9(0.93 %),13300,145250000,0,0,16115642,38.6
16/04/2015,192500,2144690000,11.2(2.75 %),192500,2144690000,0,0,15927042,38.72
17/04/2015,231600,2592260000,11.1(-0.89 %),231600,2592260000,0,0,15695442,38.87
20/04/2015,54100,596820000,11(-0.90 %),54100,596820000,0,0,15641342,38.91
21/04/2015,163400,1796520000,11(0.00 %),163400,1796520000,0,0,15477942,39.01
22/04/2015,95400,1036100000,10.7(-2.73 %),95400,1036100000,0,0,15382542,39.08
23/04/2015,50900,554280000,10.9(1.87 %),50900,554280000,0,0,15331642,39.11
24/04/2015,2800,30520000,10.9(0.00 %),2800,30520000,0,0,15328842,39.11
27/04/2015,-157000,-1692980000,10.6(-2.75 %),0,0,157000,1692980000,15328842,39.11
04/05/2015,3100,32860000,10.1(-4.72 %),3100,32860000,0,0,15325742,39.11
05/05/2015,9000,90900000,10.2(0.99 %),12000,121200000,3000,30300000,15313742,39.12
06/05/2015,-8000,-81300000,10.1(-0.98 %),0,0,8000,81300000,15313742,39.12
07/05/2015,-5600,-56950000,10.2(0.99 %),300,3000000,5900,59950000,15470442,39.02
08/05/2015,0,0,10.4(1.96 %),0,0,0,0,15470442,39.02
11/05/2015,0,0,10.4(0.00 %),0,0,0,0,15473442,39.02
12/05/2015,0,0,10.2(-1.92 %),0,0,0,0,15481442,39.01
13/05/2015,-200,-2040000,10.5(2.94 %),0,0,200,2040000,15487342,39.01
14/05/2015,-500,-5200000,10.5(0.00 %),0,0,500,5200000,15487342,39.01
15/05/2015,0,0,10.6(0.95 %),0,0,0,0,15487342,39.01
18/05/2015,27500,277040000,10.2(-3.77 %),100000,1024000000,72500,746960000,15387342,39.07
19/05/2015,0,0,10.2(0.00 %),0,0,0,0,15387542,39.07
20/05/2015,1036900,11512880000,11.2(9.80 %),1050000,11658550000,13100,145670000,14338042,39.75
21/05/2015,274000,3145350000,11.6(3.57 %),280000,3214350000,6000,69000000,14058042,39.93
22/05/2015,150890,1751895000,11.6(0.00 %),160900,1868010000,10010,116115000,13969642,39.99
25/05/2015,4700,53930000,11.8(1.72 %),5000,57500000,300,3570000,13964642,39.99
26/05/2015,175000,2077500000,11.7(-0.85 %),175000,2077500000,0,0,13802742,40.09
27/05/2015,5700,67260000,11.8(0.85 %),5700,67260000,0,0,13803042,40.09
28/05/2015,93600,1102480000,12.1(2.54 %),100000,1180000000,6400,77520000,13713052,40.15
29/05/2015,-45300,-517990000,12(-0.83 %),379700,4536780000,425000,5054770000,13333652,40.4
01/06/2015,9000,108000000,12(0.00 %),9000,108000000,0,0,13324652,40.4
02/06/2015,512000,6195120000,12.1(0.83 %),512000,6195120000,0,0,12812652,40.73
03/06/2015,66000,784500000,11.9(2.59 %),106000,1260500000,40000,476000000,12713052,40.8
04/06/2015,-4700,-56330000,11.7(-1.68 %),17300,205470000,22000,261800000,13120752,40.53
05/06/2015,100000,1212000000,12.1(3.42 %),100000,1212000000,0,0,13020752,40.6
08/06/2015,100200,1240480000,12(-0.83 %),100200,1240480000,0,0,12920552,40.66
09/06/2015,6100,71420000,11.7(-2.50 %),6100,71420000,0,0,12954452,40.64
10/06/2015,-800,-9560000,11.8(0.85 %),1200,14040000,2000,23600000,12975252,40.63
11/06/2015,109700,1331740000,12.1(2.54 %),109700,1331740000,0,0,12865552,40.7
12/06/2015,1032000,13230520000,13.1(8.26 %),1049800,13458660000,17800,228140000,11815752,41.38
15/06/2015,1053800,14577250000,13.8(5.34 %),1059200,14651800000,5400,74550000,10756552,42.06
16/06/2015,-9110,-124095000,13.4(-2.90 %),0,0,9110,124095000,10758552,42.06
17/06/2015,-292000,-3808580000,13.3(-0.75 %),0,0,292000,3808580000,10758552,42.06
18/06/2015,150000,2062500000,13.8(3.76 %),150000,2062500000,0,0,10626352,42.14
19/06/2015,4400,61900000,13.7(-0.72 %),20000,280000000,15600,218100000,10611752,42.15
22/06/2015,-51975,-712090000,13.6(-0.73 %),100,1360000,52075,713450000,10620762,42.15
23/06/2015,-41400,-563290000,13.4(-1.47 %),2000,26800000,43400,590090000,10910762,41.96
24/06/2015,-369100,-5015250000,13.7(2.24 %),10000,136000000,379100,5151250000,10900762,41.97
25/06/2015,52600,719530000,13.8(0.73 %),150000,2052750000,97400,1333220000,10766362,42.05
26/06/2015,420800,6102580000,14.5(5.07 %),1485000,21622060000,1064200,15519480000,9333437,42.98
29/06/2015,894000,13104210000,14.8(2.07 %),1458500,21336510000,564500,8232300000,7918337,43.89
30/06/2015,276100,4026880000,14(-5.41 %),725258,10358612000,449158,6331732000,7967437,43.86
01/07/2015,13300,191150000,14.2(1.43 %),97300,1401850000,84000,1210700000,7967537,43.86
02/07/2015,-503300,-7208060000,14.3(0.70 %),7800,111420000,511100,7319480000,9023937,43.18
03/07/2015,-31000,-464970000,14.2(-0.70 %),117100,1687380000,148100,2152350000,9471337,42.89
06/07/2015,634700,9206930000,14.6(2.82 %),700200,10158900000,65500,951970000,8825037,43.31
07/07/2015,295600,4282750000,14.4(-1.37 %),300700,4357220000,5100,74470000,8608337,43.45
08/07/2015,-212400,-2905230000,13.6(-5.56 %),8500,120050000,220900,3025280000,8820737,43.31
09/07/2015,-3500,-45360000,14.1(3.68 %),21500,294800000,25000,340160000,8824237,43.31
10/07/2015,27000,382830000,13.9(-1.42 %),28000,397230000,1000,14400000,9275037,43.02
13/07/2015,-2000,-28300000,13.9(0.00 %),0,0,2000,28300000,9280137,43.01
14/07/2015,306600,4327690000,14.3(2.88 %),526000,7412920000,219400,3085230000,8975037,43.21
15/07/2015,439700,6276440000,14.2(-0.70 %),440700,6290940000,1000,14500000,8559337,43.48
16/07/2015,77350,1101632000,14.4(1.41 %),392500,5579770000,315150,4478138000,8167837,43.73
17/07/2015,178200,2556730000,14.3(-0.69 %),230200,3297880000,52000,741150000,7939637,43.88
20/07/2015,50100,700430000,14(-2.10 %),100100,1398730000,50000,698300000,8108937,43.77
21/07/2015,-433000,-5991200000,13.8(-1.43 %),348500,4807160000,781500,10798360000,7761437,43.99
22/07/2015,37300,603930000,14.7(6.52 %),300100,4246290000,262800,3642360000,7816487,43.96
23/07/2015,451000,6816310000,14.8(0.68 %),561500,8470310000,110500,1654000000,7306987,44.29
24/07/2015,46600,678200000,15.3(3.38 %),150600,2256000000,104000,1577800000,7156387,44.38
27/07/2015,-155000,-2523250000,15.7(2.61 %),154000,2385450000,309000,4908700000,7783887,43.98
28/07/2015,208700,3315220000,15.2(-3.18 %),303200,4788000000,94500,1472780000,7703487,44.03
29/07/2015,-49800,-755040000,15.1(-0.66 %),1700,26010000,51500,781050000,7812287,43.96
30/07/2015,5300,72510000,15.4(1.99 %),37900,572290000,32600,499780000,7878387,43.92
31/07/2015,-19000,-294400000,14.9(-3.25 %),2000,30000000,21000,324400000,8185387,43.72
03/08/2015,92300,1327760000,14.2(-4.70 %),233500,3334100000,141200,2006340000,8046387,43.81
04/08/2015,87200,1237950000,14.3(0.70 %),89200,1267050000,2000,29100000,8008687,43.83
05/08/2015,66000,960600000,14.6(2.10 %),66000,960600000,0,0,7975287,43.85
06/08/2015,70000,1021600000,14.3(-2.05 %),72000,1050800000,2000,29200000,7924287,43.89
07/08/2015,87000,1263600000,14.4(0.70 %),100000,1450000000,13000,186400000,7965487,43.86
10/08/2015,-43000,-636700000,14.8(2.78 %),0,0,43000,636700000,7967487,43.86
11/08/2015,-700,-11760000,14.5(-2.03 %),5300,78440000,6000,90200000,7962187,43.86
12/08/2015,562000,8237600000,14.7(1.38 %),580000,8501000000,18000,263400000,7384187,44.24
13/08/2015,-4600,-69280000,14.6(-0.68 %),3400,49220000,8000,118500000,7393787,44.23
14/08/2015,-400,-5920000,14.8(1.37 %),0,0,400,5920000,7436787,44.2
17/08/2015,0,0,14.3(-3.38 %),0,0,0,0,7442787,44.2
18/08/2015,-1091300,-15485700000,14.4(0.70 %),0,0,1091300,15485700000,7460787,44.19
19/08/2015,20200,331180000,15.1(4.86 %),351200,5100220000,331000,4769040000,7117587,44.41
20/08/2015,-3000,-47100000,14.7(-2.65 %),3000,44400000,6000,91500000,7114987,44.41
21/08/2015,-190850,-2675095000,14.5(-1.36 %),31700,456540000,222550,3131635000,7083287,44.43
24/08/2015,-109500,-1426470000,13.1(-9.66 %),100000,1330160000,209500,2756630000,8074587,43.79
25/08/2015,104000,1384190000,13(-0.76 %),107000,1423490000,3000,39300000,8298587,43.65
26/08/2015,43000,571820000,13.7(5.38 %),100000,1352520000,57000,780700000,8204587,43.71
27/08/2015,451800,6237070000,13.8(0.73 %),451800,6237070000,0,0,7975337,43.85
28/08/2015,-206100,-3003240000,14.3(3.62 %),332600,4709340000,538700,7712580000,7852237,43.93
31/08/2015,530000,7704600000,14.4(0.70 %),620000,8996600000,90000,1292000000,7235237,44.33
01/09/2015,205000,2968000000,14.3(-0.69 %),205000,2968000000,0,0,7087237,44.43
03/09/2015,-36900,-505530000,13.7(-4.20 %),0,0,36900,505530000,7087237,44.43
04/09/2015,571700,7930610000,13.8(0.73 %),710000,9850010000,138300,1919400000,6915937,44.54
07/09/2015,44800,619760000,13.7(-0.72 %),50000,691000000,5200,71240000,6955937,44.51
08/09/2015,199300,2789220000,14.1(2.92 %),200500,2806140000,1200,16920000,6755437,44.64
09/09/2015,266600,3791720000,14.1(0.00 %),426600,6071720000,160000,2280000000,6365737,44.89
10/09/2015,-140000,-1944000000,14(-0.71 %),20000,282000000,160000,2226000000,6484037,44.82
11/09/2015,0,0,13.8(-1.43 %),0,0,0,0,6489237,44.81
14/09/2015,4900,68140000,13.4(-2.90 %),5000,69500000,100,1360000,6485437,44.82
15/09/2015,4930,67062000,13.5(0.75 %),5000,68000000,70,938000,6640437,44.72
16/09/2015,0,0,13.6(0.74 %),0,0,0,0,6800437,44.61
17/09/2015,-269300,-3604640000,13.2(-2.94 %),0,0,269300,3604640000,6800437,44.61
18/09/2015,-927100,-12540580000,13.5(2.27 %),4200,56700000,931300,12597280000,6796337,44.62
21/09/2015,-4000,-54800000,13.7(1.48 %),0,0,4000,54800000,6796407,44.62
22/09/2015,4200,57120000,13.6(-0.73 %),4200,57120000,0,0,6792207,44.62
23/09/2015,60000,813250000,13.6(0.00 %),60000,813250000,0,0,7001507,44.48
24/09/2015,0,0,13.5(-0.74 %),0,0,0,0,7932807,43.88
25/09/2015,0,0,13.2(-2.22 %),0,0,0,0,7936807,43.88
28/09/2015,0,0,12.8(-3.03 %),0,0,0,0,7936807,43.88
29/09/2015,47900,598350000,12.6(-1.56 %),392900,4925862000,345000,4327512000,7879907,43.92
30/09/2015,6600,84080000,12.6(0.00 %),18000,230000000,11400,145920000,7861907,43.93
01/10/2015,-35000,-435000000,12.3(-2.38 %),5000,61500000,40000,496500000,7856907,43.93
02/10/2015,-40000,-495500000,12.3(0.00 %),0,0,40000,495500000,7856907,43.93
05/10/2015,-2400,-30200000,12.6(2.44 %),900,11380000,3300,41580000,7865007,43.93
06/10/2015,123600,1636020000,13.4(6.35 %),123600,1636020000,0,0,7752807,44.0
07/10/2015,148000,1972520000,13.2(-1.49 %),173000,2304020000,25000,331500000,7619807,44.08
08/10/2015,10500,140720000,13.3(0.76 %),10500,140720000,0,0,7649307,44.06
09/10/2015,-20000,-266000000,13.1(-1.50 %),0,0,20000,266000000,7652607,44.06
12/10/2015,-6000,-80400000,13.2(0.76 %),0,0,6000,80400000,7652607,44.06
13/10/2015,0,0,13.2(0.00 %),0,0,0,0,7677607,44.05
14/10/2015,0,0,13.1(-0.76 %),0,0,0,0,7677607,44.05
15/10/2015,0,0,13.3(1.53 %),0,0,0,0,7697607,44.03
16/10/2015,-6600,-88180000,13.4(0.75 %),0,0,6600,88180000,7703607,44.03
19/10/2015,0,0,13.3(-0.75 %),0,0,0,0,7703607,44.03
20/10/2015,0,0,12.8(-3.76 %),0,0,0,0,7703607,44.03
21/10/2015,0,0,12.9(0.78 %),0,0,0,0,7703607,44.03
22/10/2015,0,0,13.4(3.88 %),0,0,0,0,7710207,44.03
23/10/2015,2400,32640000,13.4(0.00 %),2400,32640000,0,0,7707807,44.03
26/10/2015,75000,1017500000,13.5(0.75 %),75000,1017500000,0,0,7632807,44.08
27/10/2015,0,0,13.7(1.48 %),0,0,0,0,7632807,44.08
28/10/2015,1000,13700000,13.6(-0.73 %),1000,13700000,0,0,7631807,44.08
29/10/2015,234100,3234170000,13.9(2.21 %),266000,3671200000,31900,437030000,7365807,44.25
30/10/2015,31800,441270000,13.8(-0.72 %),31800,441270000,0,0,7334007,44.27
02/11/2015,3000,41400000,13.6(-1.45 %),3000,41400000,0,0,7331007,44.27
03/11/2015,35915,491910000,13.9(2.21 %),36000,493050000,85,1140000,7295007,44.29
04/11/2015,108000,1522800000,14(0.72 %),108000,1522800000,0,0,7218907,44.34
05/11/2015,20000,282000000,14.1(0.71 %),20000,282000000,0,0,7198907,44.36
06/11/2015,0,0,13.8(-2.13 %),0,0,0,0,7198907,44.36
09/11/2015,0,0,13.8(0.00 %),0,0,0,0,7198992,44.36
10/11/2015,0,0,13.5(-2.17 %),0,0,0,0,7198992,44.36
11/11/2015,0,0,13.4(-0.74 %),0,0,0,0,7198992,44.36
12/11/2015,-86600,-1152200000,13.5(0.75 %),0,0,86600,1152200000,7198992,44.36
13/11/2015,-64000,-857600000,13.5(0.00 %),0,0,64000,857600000,7198992,44.36
16/11/2015,0,0,13.2(-2.22 %),0,0,0,0,7198992,44.36
17/11/2015,0,0,13.2(0.00 %),0,0,0,0,7198992,44.36
18/11/2015,0,0,13.3(0.76 %),0,0,0,0,7285592,44.3
19/11/2015,0,0,13.1(-1.50 %),0,0,0,0,7349592,44.26
20/11/2015,0,0,13.3(1.53 %),0,0,0,0,7349592,44.26
23/11/2015,-3000,-40800000,13.6(2.26 %),0,0,3000,40800000,7349592,44.26
24/11/2015,-7800,-105370000,13.7(0.74 %),0,0,7800,105370000,7349592,44.26
25/11/2015,-6200,-83580000,13.5(-1.46 %),0,0,6200,83580000,7349592,44.26
26/11/2015,3100,41850000,13.3(-1.48 %),3100,41850000,0,0,7346492,44.26
27/11/2015,0,0,13.2(-0.75 %),0,0,0,0,7349492,44.26
30/11/2015,0,0,12.9(-2.27 %),0,0,0,0,7357292,44.25
01/12/2015,0,0,12.7(-1.55 %),0,0,0,0,7363492,44.25
02/12/2015,-279000,-3539310000,12.6(-0.79 %),1000,12600000,280000,3551910000,7362492,44.25
03/12/2015,-150000,-1901490000,12.6(0.00 %),0,0,150000,1901490000,7362492,44.25
04/12/2015,-50000,-630540000,12.8(1.59 %),0,0,50000,630540000,7362492,44.25
07/12/2015,-20000,-250530000,12.6(-1.56 %),0,0,20000,250530000,7362492,44.25
08/12/2015,-120000,-1509140000,12.8(1.59 %),0,0,120000,1509140000,7642492,44.07
09/12/2015,11000,137940000,12.5(-2.34 %),31000,390000000,20000,252060000,7761492,43.99
10/12/2015,-11000,-135470000,12.2(-2.40 %),9000,112500000,20000,247970000,7802492,43.97
11/12/2015,-15000,-183100000,12.2(0.00 %),5000,61500000,20000,244600000,7817492,43.96
14/12/2015,-120000,-1448640000,12(-1.64 %),0,0,120000,1448640000,7937492,43.88
15/12/2015,-110000,-1309720000,11.9(-0.83 %),0,0,110000,1309720000,7957492,43.87
16/12/2015,-130000,-1570180000,12.1(1.68 %),0,0,130000,1570180000,7977492,43.85
17/12/2015,-195200,-2341630000,12(-0.83 %),4800,57600000,200000,2399230000,7992692,43.84
18/12/2015,-90000,-1071300000,11.8(-1.67 %),10000,120000000,100000,1191300000,8102692,43.77
21/12/2015,-320000,-3727840000,11.5(-2.54 %),45000,526500000,365000,4254340000,8167692,43.73
22/12/2015,-200000,-2306760000,11.3(-1.74 %),0,0,200000,2306760000,8297692,43.65
23/12/2015,-414400,-4670040000,11(-2.65 %),3000,33800000,417400,4703840000,8494692,43.52
24/12/2015,101010,1147583000,11.3(2.73 %),222010,2502873000,121000,1355290000,8372682,43.6
25/12/2015,101000,1151300000,11.3(0.00 %),101000,1151300000,0,0,8636682,43.43
28/12/2015,-107600,-1220500000,11.3(0.00 %),92400,1056900000,200000,2277400000,8744282,43.36
29/12/2015,256500,3000590000,11.9(5.31 %),259500,3035090000,3000,34500000,8902182,43.26
30/12/2015,99383,1192574600,12.1(1.68 %),99383,1192574600,0,0,8923799,43.24
31/12/2015,300,3600000,12.1(0.00 %),300,3600000,0,0,8923499,43.24
04/01/2016,74300,875190000,11.6(-4.13 %),74300,875190000,0,0,9049199,43.16
05/01/2016,0,0,11.5(-0.86 %),0,0,0,0,9052199,43.16
06/01/2016,-25000,-287900000,11.6(0.87 %),5000,58000000,30000,345900000,9047199,43.16
07/01/2016,-250600,-2747370000,11.1(-4.31 %),1400,15540000,252000,2762910000,9045799,43.16
08/01/2016,-141600,-1533980000,10.7(-3.60 %),145400,1560620000,287000,3094600000,8900399,43.26
11/01/2016,0,0,10.7(0.00 %),0,0,0,0,8930399,43.24
12/01/2016,-20000,-220000000,11.1(3.74 %),0,0,20000,220000000,9182399,43.08
13/01/2016,-47000,-521000000,11.2(0.90 %),53000,589500000,100000,1110500000,9416399,42.92
14/01/2016,-34000,-373080000,11.1(-0.89 %),66000,716000000,100000,1089080000,9350399,42.97
15/01/2016,-50500,-542710000,10.6(-4.50 %),50000,530000000,100500,1072710000,9320399,42.99
18/01/2016,-288000,-2836220000,9.8(-7.55 %),0,0,288000,2836220000,9420399,42.92
19/01/2016,-10,-101000,10.2(4.08 %),0,0,10,101000,9520399,42.86
20/01/2016,58000,595600000,10.1(-0.98 %),59000,605800000,1000,10200000,9561899,42.83
21/01/2016,0,0,10.2(0.99 %),0,0,0,0,9849899,42.65
22/01/2016,758800,7861210000,10.8(5.88 %),879300,9118110000,120500,1256900000,8970609,43.21
25/01/2016,4000,40000000,11.3(4.63 %),54000,611300000,50000,571300000,8917609,43.25
26/01/2016,-70400,-775080000,11(-2.65 %),35600,397320000,106000,1172400000,8882009,43.27
27/01/2016,-5000,-56000000,11.3(2.73 %),0,0,5000,56000000,9002509,43.19
28/01/2016,100,1140000,11.4(0.88 %),100,1140000,0,0,9052409,43.16
29/01/2016,80000,913000000,11.5(0.88 %),80000,913000000,0,0,9078409,43.14
01/02/2016,40000,452000000,11.2(-2.61 %),40000,452000000,0,0,9043409,43.17
02/02/2016,1000000,11236250000,11(-1.79 %),1000000,11236250000,0,0,8043409,43.81
03/02/2016,46800,517290000,11(0.00 %),47100,520530000,300,3240000,7996309,43.84
04/02/2016,62600,698060000,11.2(1.82 %),62600,698060000,0,0,7933709,43.88
05/02/2016,246900,2793540000,11.4(1.79 %),246900,2793540000,0,0,7686809,44.04
15/02/2016,-130300,-1460560000,11.2(-1.75 %),330000,3665000000,460300,5125560000,7667109,44.05
16/02/2016,-91200,-1026530000,11.3(0.89 %),39800,447460000,131000,1473990000,7627309,44.08
17/02/2016,-64900,-733180000,11.1(-1.77 %),80000,900540000,144900,1633720000,7547309,44.13
18/02/2016,0,0,11.4(2.70 %),0,0,0,0,7697609,44.03
19/02/2016,77000,876600000,11.3(-0.88 %),77000,876600000,0,0,7751609,44.0
22/02/2016,7000,78300000,11.9(5.31 %),10000,114000000,3000,35700000,7886509,43.91
23/02/2016,-253000,-2995590000,11.6(-2.52 %),0,0,253000,2995590000,7886509,43.91
24/02/2016,-220000,-2567200000,11.9(2.59 %),380000,4475000000,600000,7042200000,7506509,44.16
25/02/2016,-247400,-2876530000,11.5(-3.36 %),2600,30160000,250000,2906690000,7506909,44.16
26/02/2016,-200000,-2330100000,11.7(1.74 %),0,0,200000,2330100000,7759909,43.99
29/02/2016,0,0,11.8(0.85 %),0,0,0,0,8359909,43.61
02/03/2016,-312600,-3696880000,11.7(0.00 %),0,0,312600,3696880000,8809909,43.32
03/03/2016,-129000,-1510800000,11.8(0.85 %),21000,247200000,150000,1758000000,8788909,43.33
04/03/2016,-260000,-3045000000,11.8(0.00 %),15000,175500000,275000,3220500000,8773909,43.34
07/03/2016,-284100,-3322360000,11.7(-0.85 %),36100,425980000,320200,3748340000,9050409,43.16
08/03/2016,-273100,-3275890000,11.9(1.71 %),36900,439110000,310000,3715000000,9163509,43.09
09/03/2016,100000,1200000000,12(0.84 %),100000,1200000000,0,0,9063509,43.15
10/03/2016,90200,1109460000,12.4(3.33 %),100000,1230000000,9800,120540000,9558709,42.83
11/03/2016,53500,659400000,12.4(0.00 %),68500,846400000,15000,187000000,9800209,42.68
14/03/2016,-204300,-2529320000,12.4(0.00 %),0,0,204300,2529320000,9800209,42.68
15/03/2016,-387700,-4725170000,12.1(-2.42 %),0,0,387700,4725170000,9810009,42.67
16/03/2016,0,0,12(-0.83 %),0,0,0,0,9825009,42.66
17/03/2016,10000,122000000,12.2(1.67 %),10000,122000000,0,0,10019309,42.54
18/03/2016,-41900,-504850000,11.9(-2.46 %),18100,219150000,60000,724000000,10388909,42.3
21/03/2016,16100,193200000,11.9(0.00 %),16100,193200000,0,0,10372809,42.31
22/03/2016,38000,448600000,11.9(0.00 %),55000,650700000,17000,202100000,10317809,42.34
23/03/2016,-248900,-2927750000,11.8(-0.84 %),32200,381180000,281100,3308930000,10345609,42.33
24/03/2016,51800,611420000,11.7(-0.85 %),51800,611420000,0,0,10293809,42.36
25/03/2016,-8405,-95816500,11.5(-1.71 %),0,0,8405,95816500,10310809,42.35
28/03/2016,77730,900341000,11.5(0.00 %),97730,1131941000,20000,231600000,10494179,42.23
29/03/2016,-5000,-56500000,11.3(-1.74 %),0,0,5000,56500000,10494179,42.23
30/03/2016,-154200,-1732580000,11.3(0.00 %),145800,1657420000,300000,3390000000,10356784,42.32
31/03/2016,273000,3103700000,11.1(-1.77 %),273000,3103700000,0,0,10103784,42.48
01/04/2016,18935,208034000,11.1(0.00 %),77100,856860000,58165,648826000,10031684,42.53
04/04/2016,14800,166250000,11.2(0.90 %),14800,166250000,0,0,10316884,42.34
05/04/2016,230200,2687320000,11.7(4.46 %),230200,2687320000,0,0,10086684,42.49
06/04/2016,158700,1857250000,11.8(0.85 %),158700,1857250000,0,0,9986149,42.56
07/04/2016,191900,2254960000,11.8(0.00 %),191900,2254960000,0,0,9794249,42.68
08/04/2016,115700,1368490000,11.7(-0.85 %),115700,1368490000,0,0,9678549,42.76
11/04/2016,20900,245830000,11.8(0.85 %),23900,280930000,3000,35100000,9654649,42.77
12/04/2016,20000,238000000,12(1.69 %),20000,238000000,0,0,9634649,42.78
13/04/2016,-142000,-1710600000,11.9(-0.83 %),18000,212400000,160000,1923000000,9616649,42.8
14/04/2016,161000,1908400000,11.9(0.00 %),161000,1908400000,0,0,9458649,42.9
15/04/2016,66000,784400000,11.8(-0.84 %),256000,3064400000,190000,2280000000,9202649,43.06
19/04/2016,88000,1022320000,11.6(-1.69 %),88000,1022320000,0,0,9274649,43.02
20/04/2016,-54000,-619590000,11.5(-0.86 %),72000,829500000,126000,1449090000,9202649,43.06
21/04/2016,-18000,-207500000,11.6(0.87 %),107000,1229700000,125000,1437200000,9385649,42.94
22/04/2016,0,0,11.8(1.72 %),0,0,0,0,9385649,42.94
25/04/2016,0,0,11.9(0.85 %),0,0,0,0,9511649,42.86
26/04/2016,-651800,-7565240000,11.6(-2.52 %),0,0,651800,7565240000,9536649,42.85
27/04/2016,7700,90090000,11.6(0.00 %),7700,90090000,0,0,9528949,42.85
28/04/2016,0,0,11.7(0.86 %),0,0,0,0,9528949,42.85
29/04/2016,0,0,11.8(0.85 %),0,0,0,0,10180749,42.43
04/05/2016,484400,5629740000,11.8(0.00 %),484400,5629740000,0,0,9696349,42.74
05/05/2016,-2000,-23400000,11.7(-0.85 %),0,0,2000,23400000,9696349,42.74
06/05/2016,-4100,-48790000,11.8(0.85 %),0,0,4100,48790000,9696349,42.74
09/05/2016,0,0,11.8(0.00 %),0,0,0,0,9696349,42.74
10/05/2016,218000,2552600000,11.8(0.00 %),222000,2599600000,4000,47000000,9476349,42.89
11/05/2016,100000,1180000000,11.8(0.00 %),100000,1180000000,0,0,9380449,42.95
12/05/2016,-3000,-35100000,11.7(-0.85 %),0,0,3000,35100000,9380449,42.95
13/05/2016,-159000,-1851650000,11.6(-0.85 %),0,0,159000,1851650000,9384449,42.95
16/05/2016,0,0,11.7(0.86 %),0,0,0,0,9384449,42.95
17/05/2016,-20000,-234000000,11.8(0.85 %),0,0,20000,234000000,9387449,42.94
18/05/2016,-11100,-129870000,11.8(0.00 %),0,0,11100,129870000,9546449,42.84
19/05/2016,40000,468000000,11.6(-1.69 %),40000,468000000,0,0,9506449,42.87
20/05/2016,0,0,11.6(0.00 %),0,0,0,0,9526449,42.85
23/05/2016,-190000,-2183980000,11.6(0.00 %),0,0,190000,2183980000,9537549,42.85
24/05/2016,0,0,11.6(0.00 %),0,0,0,0,9537549,42.85
25/05/2016,-5000,-58800000,11.6(0.00 %),0,0,5000,58800000,9537549,42.85
26/05/2016,0,0,11.4(-1.72 %),0,0,0,0,9727549,42.72
27/05/2016,41300,479670000,11.5(0.88 %),41300,479670000,0,0,9686249,42.75
30/05/2016,-5000,-58800000,11.8(2.61 %),0,0,5000,58800000,9691249,42.75
31/05/2016,164200,1946180000,11.8(0.00 %),166200,1969780000,2000,23600000,9525049,42.85
01/06/2016,8000,96700000,12(1.69 %),14000,168400000,6000,71700000,9511049,42.86
02/06/2016,-100,-1200000,12(0.00 %),0,0,100,1200000,9516049,42.86
03/06/2016,5500,65450000,11.9(-0.83 %),5500,65450000,0,0,9512549,42.86
06/06/2016,75000,885000000,11.7(-1.68 %),75000,885000000,0,0,9443549,42.91
07/06/2016,-160000,-1875500000,11.7(0.00 %),0,0,160000,1875500000,9443649,42.91
08/06/2016,-97000,-1143440000,11.9(1.71 %),283000,3350560000,380000,4494000000,9160649,43.09
09/06/2016,-169500,-2062950000,12.2(2.52 %),150500,1828050000,320000,3891000000,9010149,43.19
10/06/2016,182900,2349200000,12.6(3.28 %),432900,5484600000,250000,3135400000,8737249,43.36
13/06/2016,7200,89840000,12.5(-0.79 %),10800,134480000,3600,44640000,9106449,43.12
14/06/2016,-18700,-235280000,12.6(0.80 %),35000,434770000,53700,670050000,9391449,42.94
15/06/2016,-53200,-661560000,12.6(0.00 %),8400,105290000,61600,766850000,9633049,42.79
16/06/2016,23200,285250000,12.4(-1.59 %),83200,1040250000,60000,755000000,9553449,42.84
17/06/2016,-41000,-500400000,12.1(-2.42 %),60000,720000000,101000,1220400000,9547149,42.84
20/06/2016,200000,2425000000,12.2(0.83 %),200000,2425000000,0,0,9408749,42.93
21/06/2016,109000,1331620000,12.1(-0.82 %),170000,2075200000,61000,743580000,9298749,43.0
22/06/2016,3000,38760000,11.9(-1.65 %),64000,769240000,61000,730480000,9335749,42.98
23/06/2016,70700,848300000,12(0.84 %),70700,848300000,0,0,9265049,43.02
24/06/2016,-18700,-201140000,11.3(-5.83 %),50000,565000000,68700,766140000,9276049,43.02
27/06/2016,306300,3455190000,11.3(0.00 %),306300,3455190000,0,0,9030749,43.17
28/06/2016,121700,1376800000,11.4(0.88 %),221700,2509800000,100000,1133000000,8809049,43.32
29/06/2016,219300,2521670000,11.4(0.00 %),219300,2521670000,0,0,8658449,43.41
30/06/2016,225000,2636100000,11.7(2.63 %),225000,2636100000,0,0,8433449,43.56
01/07/2016,180000,2107700000,11.7(0.00 %),230000,2691500000,50000,583800000,8303449,43.64
04/07/2016,57600,695150000,12.8(9.40 %),109300,1336550000,51700,641400000,8194149,43.71
05/07/2016,136600,1823860000,13.2(3.12 %),141600,1891360000,5000,67500000,8052549,43.8
06/07/2016,800,10380000,13.1(-0.76 %),1100,14320000,300,3940000,8101449,43.77
07/07/2016,226500,3031870000,13.7(4.58 %),226500,3031870000,0,0,7926649,43.89
08/07/2016,156525,2088780000,13.5(-1.46 %),156900,2093820000,375,5040000,7774749,43.98
11/07/2016,235000,3171700000,12.9(-4.44 %),235000,3171700000,0,0,7540049,44.14
12/07/2016,863800,11449210000,13.6(5.43 %),863800,11449210000,0,0,6676249,44.69
13/07/2016,350600,4840800000,13.7(0.74 %),350600,4840800000,0,0,6326024,44.92
14/07/2016,471820,6487666000,13.5(-1.46 %),472320,6494616000,500,6950000,5853704,45.22
15/07/2016,94400,1268900000,13.6(0.74 %),94400,1268900000,0,0,5759304,45.28
18/07/2016,48200,656900000,13.7(0.74 %),138200,1882200000,90000,1225300000,5621104,45.37
19/07/2016,469800,6536080000,13.9(1.46 %),469800,6536080000,0,0,5151804,45.68
20/07/2016,216100,2995680000,13.8(-0.72 %),219000,3035700000,2900,40020000,4932804,45.82
21/07/2016,445100,6033100000,13.5(-2.17 %),445100,6033100000,0,0,4577704,46.05
22/07/2016,342400,4493870000,13.2(-2.22 %),344900,4526620000,2500,32750000,4232804,46.27
25/07/2016,60800,805640000,13.1(-0.76 %),60800,805640000,0,0,4174904,46.31
26/07/2016,144200,1895590000,13.1(0.00 %),144200,1895590000,0,0,4030704,46.4
27/07/2016,45500,599050000,13.1(0.00 %),50500,664550000,5000,65500000,3982704,46.43
28/07/2016,218400,2865610000,13.4(2.29 %),218400,2865610000,0,0,3764304,46.57
29/07/2016,232300,3125920000,13.4(0.00 %),232300,3125920000,0,0,3532004,46.72
01/08/2016,188400,2531380000,13.4(0.00 %),188400,2531380000,0,0,3348604,46.84
02/08/2016,166400,2176040000,13(-2.99 %),166400,2176040000,0,0,3182204,46.95
03/08/2016,62000,817070000,13(0.00 %),62000,817070000,0,0,3120204,46.99
04/08/2016,111800,1441820000,12.7(-2.31 %),111900,1443120000,100,1300000,3008304,47.06
05/08/2016,126600,1602660000,12.8(0.79 %),126600,1602660000,0,0,2881704,47.14
08/08/2016,166900,2142910000,12.8(0.00 %),166900,2142910000,0,0,2714804,47.25
09/08/2016,57000,735100000,12.9(0.78 %),57000,735100000,0,0,2657904,47.29
10/08/2016,87100,1100880000,12.6(1.61 %),87100,1100880000,0,0,2570804,47.34
11/08/2016,135000,1721320000,12.8(1.59 %),140000,1784320000,5000,63000000,2430804,47.43
12/08/2016,50600,644060000,12.5(-2.34 %),50600,644060000,0,0,2380204,47.46
15/08/2016,51000,641000000,12.6(0.80 %),51000,641000000,0,0,2329204,47.5
16/08/2016,178100,2314530000,13.1(3.97 %),183100,2379030000,5000,64500000,2151104,47.61
17/08/2016,58000,754090000,13.1(0.00 %),58000,754090000,0,0,2093104,47.65
18/08/2016,225400,2952300000,13.1(0.00 %),267400,3502300000,42000,550000000,1825704,47.82
19/08/2016,33100,427080000,12.8(-2.29 %),167500,2174280000,134400,1747200000,1663204,47.93
22/08/2016,15000,192000000,12.6(-1.56 %),15000,192000000,0,0,1648204,47.94
23/08/2016,110500,1398730000,12.7(0.79 %),160500,2033730000,50000,635000000,1529704,48.01
24/08/2016,11800,150800000,12.8(0.79 %),13800,176200000,2000,25400000,1650304,47.94
25/08/2016,50000,630000000,12.5(-2.34 %),50000,630000000,0,0,1600304,47.97
26/08/2016,133600,1726840000,12.6(0.80 %),150000,1934760000,16400,207920000,1500304,48.03
29/08/2016,62800,798630000,12.5(-0.79 %),72300,918360000,9500,119730000,1430004,48.08
30/08/2016,30500,386450000,12.6(0.80 %),30500,386450000,0,0,1399504,48.1
31/08/2016,95000,1205120000,12.6(0.00 %),95000,1205120000,0,0,1320904,48.15
01/09/2016,71000,894600000,12.7(0.79 %),71000,894600000,0,0,1259404,48.19
05/09/2016,38500,488710000,12.5(-1.57 %),178500,2242710000,140000,1754000000,1080904,48.3
06/09/2016,123000,1546250000,12.7(1.60 %),123000,1546250000,0,0,957904,48.38
07/09/2016,15800,199490000,12.6(-0.79 %),15800,199490000,0,0,942104,48.39
08/09/2016,182100,2354460000,12.9(2.38 %),182100,2354460000,0,0,900004,48.42
09/09/2016,-12500,-178200000,13.2(2.33 %),92500,1204800000,105000,1383000000,807504,48.48
12/09/2016,117000,1510000000,12.9(-2.27 %),119100,1537290000,2100,27290000,688404,48.56
13/09/2016,103300,1354470000,13.1(1.55 %),104300,1367370000,1000,12900000,584104,48.62
14/09/2016,-5000,-64000000,12.8(-2.29 %),0,0,5000,64000000,689104,48.56
15/09/2016,1100,13870000,12.6(-1.56 %),1100,13870000,0,0,690104,48.55
16/09/2016,6000,75600000,12.6(0.00 %),10000,126000000,4000,50400000,681104,48.56
19/09/2016,127000,1630920000,12.8(1.59 %),152000,1950920000,25000,320000000,534104,48.66
20/09/2016,80000,1034200000,13(1.56 %),90000,1162200000,10000,128000000,444104,48.71
21/09/2016,246500,3256010000,13.3(2.31 %),246500,3256010000,0,0,201604,48.87
22/09/2016,156500,2083050000,13.3(0.00 %),156500,2083050000,0,0,70104,48.95
23/09/2016,79600,1060890000,13.2(-0.75 %),80100,1067540000,500,6650000,4,49.0
26/09/2016,-400,-5280000,13.3(0.76 %),0,0,400,5280000,4,49.0
27/09/2016,0,0,13.1(-1.50 %),0,0,0,0,4,49.0
28/09/2016,-60700,-837370000,13.9(6.11 %),500,6620000,61200,843990000,4,49.0
29/09/2016,400,5560000,13.8(-0.72 %),400,5560000,0,0,4,49.0
30/09/2016,-20,-280000,14(1.45 %),0,0,20,280000,4,49.0
03/10/2016,61200,883600000,14.4(2.86 %),61200,883600000,0,0,4,49.0
04/10/2016,-8096,-112442400,13.9(-3.47 %),4,57600,8100,112500000,4,49.0
05/10/2016,-3200,-44160000,13.9(0.00 %),0,0,3200,44160000,20,49.0
06/10/2016,-1980,-27120000,13.7(-1.44 %),20,280000,2000,27400000,20,49.0
07/10/2016,8000,109600000,13.6(-0.73 %),8000,109600000,0,0,100,49.0
10/10/2016,1300,17930000,13.4(-1.47 %),3300,44880000,2000,26950000,100,49.0
11/10/2016,-3000,-39100000,13.3(-0.75 %),2000,26600000,5000,65700000,100,49.0
12/10/2016,-4000,-52400000,13.2(-0.75 %),0,0,4000,52400000,100,49.0
13/10/2016,2000,26400000,13.5(2.27 %),140000,1958400000,138000,1932000000,100,49.0
14/10/2016,5000,67000000,13.3(-1.48 %),5000,67000000,0,0,100,49.0
17/10/2016,4000,53600000,13.4(0.75 %),4000,53600000,0,0,100,49.0
18/10/2016,-15000,-197220000,13.2(-1.49 %),0,0,15000,197220000,100,49.0
19/10/2016,0,0,13.4(1.52 %),0,0,0,0,100,49.0
20/10/2016,0,0,13.4(0.00 %),250000,3500000000,250000,3500000000,100,49.0
21/10/2016,-85000,-1125900000,13.3(-0.75 %),765000,10554800000,850000,11680700000,100,49.0
24/10/2016,-200,-2640000,13.2(-0.75 %),0,0,200,2640000,100,49.0
25/10/2016,0,0,13(-1.52 %),0,0,0,0,100,49.0
26/10/2016,99919,1337467000,12.9(-0.77 %),99919,1337467000,0,0,81,49.0
27/10/2016,-300,-3840000,12.9(0.00 %),57400,757680000,57700,761520000,281,49.0
28/10/2016,-2800,-35840000,12.8(-0.78 %),0,0,2800,35840000,281,49.0
31/10/2016,-2800,-35280000,12.6(-1.56 %),0,0,2800,35280000,281,49.0
01/11/2016,0,0,12.5(-0.79 %),0,0,0,0,581,49.0
02/11/2016,0,0,12.3(-1.60 %),0,0,0,0,3381,49.0
03/11/2016,5540,68590000,12.2(-0.81 %),6100,75420000,560,6830000,81,49.0
04/11/2016,0,0,12.1(-0.82 %),0,0,0,0,81,49.0
07/11/2016,-5600,-68320000,12.2(0.83 %),0,0,5600,68320000,81,49.0
08/11/2016,600,7380000,12.3(0.82 %),600,7380000,0,0,41,49.0
09/11/2016,-11100,-133200000,12(-2.44 %),0,0,11100,133200000,41,49.0
10/11/2016,-194400,-2357990000,12.2(1.67 %),905600,11089180000,1100000,13447170000,41,49.0
11/11/2016,-12400,-151280000,12.1(-0.82 %),512100,6276410000,524500,6427690000,41,49.0
14/11/2016,-67800,-807440000,12(-0.83 %),11100,136520000,78900,943960000,41,49.0
15/11/2016,0,25080000,12(0.00 %),200000,2438950000,200000,2413870000,41,49.0
16/11/2016,-145600,-1747580000,12(0.00 %),12400,151280000,158000,1898860000,41,49.0
17/11/2016,49700,592590000,11.9(-0.83 %),78100,933190000,28400,340600000,841,49.0
18/11/2016,-21100,-247090000,11.7(-1.68 %),10000,117000000,31100,364090000,190841,48.88
21/11/2016,-142000,-1640640000,11.6(-0.85 %),34500,397850000,176500,2038490000,314341,48.8
22/11/2016,72800,854320000,11.7(0.86 %),87800,1028320000,15000,174000000,254941,48.84
23/11/2016,109000,1293420000,11.9(1.71 %),209000,2472200000,100000,1178780000,77041,48.95
24/11/2016,17800,211820000,11.8(-0.84 %),17800,211820000,0,0,235741,48.85
25/11/2016,0,0,11.7(-0.85 %),0,0,0,0,250741,48.84
28/11/2016,-8000,-92400000,11.5(-1.71 %),15000,172500000,23000,264900000,335741,48.78
29/11/2016,-5100,-59060000,11.4(-0.87 %),2000,23000000,7100,82060000,333741,48.78
30/11/2016,14000,161000000,11.6(1.75 %),17000,195800000,3000,34800000,316741,48.8
01/12/2016,-117040,-1357950000,11.6(0.00 %),3360,38990000,120400,1396940000,336381,48.78
02/12/2016,-54498,-632276800,11.8(1.72 %),19502,226323200,74000,858600000,323979,48.79
05/12/2016,-1800,-20990000,11.7(-0.85 %),25000,291070000,26800,312060000,301979,48.81
06/12/2016,13000,150600000,11.6(-0.85 %),40000,464000000,27000,313400000,382379,48.75
07/12/2016,85000,996120000,11.8(1.72 %),85000,996120000,0,0,371379,48.76
08/12/2016,96000,1140870000,12(1.69 %),129000,1535270000,33000,394400000,269179,48.83
09/12/2016,139100,1666810000,12(0.00 %),160100,1918110000,21000,251300000,136079,48.91
12/12/2016,52000,621860000,11.9(-0.83 %),52000,621860000,0,0,84079,48.95
13/12/2016,117000,1403260000,12(0.84 %),117000,1403260000,0,0,79,49.0
14/12/2016,-75600,-902590000,12(0.00 %),0,0,75600,902590000,21079,48.99
15/12/2016,-88200,-1059840000,12.2(1.67 %),20000,243460000,108200,1303300000,1079,49.0
16/12/2016,-186134,-2327324000,12.6(3.28 %),0,0,186134,2327324000,1079,49.0
19/12/2016,-444000,-5752180000,13(3.17 %),0,0,444000,5752180000,76679,48.95
20/12/2016,-201000,-2608720000,12.8(-1.54 %),56000,721500000,257000,3330220000,128879,48.92
21/12/2016,-110000,-1423400000,12.8(0.00 %),0,0,110000,1423400000,315013,48.8
22/12/2016,-29100,-370690000,12.9(0.78 %),46000,593400000,75100,964090000,713013,48.54
23/12/2016,-354600,-4550450000,12.8(-0.78 %),20400,261920000,375000,4812370000,949613,48.39
26/12/2016,21000,271900000,12.9(0.78 %),38000,490200000,17000,218300000,1021613,48.34
27/12/2016,-33200,-426130000,13(0.78 %),45000,582950000,78200,1009080000,1051713,48.32
28/12/2016,-143000,-1859000000,13(0.00 %),0,0,143000,1859000000,1426713,48.08
29/12/2016,-261000,-3390480000,13.1(0.77 %),768400,10006442400,1029400,13396922400,1429713,48.08
30/12/2016,10000,130580000,13.1(0.00 %),10000,130580000,0,0,1497913,48.03
03/01/2017,1300,17160000,13.3(1.53 %),2500,33000000,1200,15840000,1638413,47.94
04/01/2017,-39000,-518800000,13.3(0.00 %),1000,13200000,40000,532000000,1912413,47.77
05/01/2017,-20900,-278360000,13.3(0.00 %),3000,39900000,23900,318260000,1909413,47.77
06/01/2017,-19,-252700,13.3(0.00 %),0,0,19,252700,1910613,47.77
09/01/2017,-30100,-403330000,13.3(0.00 %),0,0,30100,403330000,1950613,47.74
10/01/2017,-4300,-58320000,13.2(-0.75 %),11800,157420000,16100,215740000,1962713,47.73
11/01/2017,8200,107400000,13(-1.52 %),20000,260000000,11800,152600000,1942732,47.75
12/01/2017,13100,173590000,13.2(1.54 %),33000,433290000,19900,259700000,1939832,47.75
13/01/2017,126100,1663920000,13.2(0.00 %),128100,1690120000,2000,26200000,1827832,47.82
16/01/2017,35000,462530000,13.2(0.00 %),35000,462530000,0,0,1804632,47.84
17/01/2017,12300,159910000,13.1(-0.76 %),20000,260780000,7700,100870000,1804532,47.84
18/01/2017,217500,2794040000,12(-8.40 %),254600,3279850000,37100,485810000,1551932,48.0
19/01/2017,139200,1772650000,12.8(6.67 %),239200,3052650000,100000,1280000000,1312732,48.15
20/01/2017,-74000,-939200000,12.6(-1.56 %),80000,1012000000,154000,1951200000,1320432,48.15
23/01/2017,-119500,-1482450000,12.3(-2.38 %),20000,247800000,139500,1730250000,1337532,48.14
24/01/2017,-108800,-1341350000,12.4(0.81 %),11200,138760000,120000,1480110000,1426332,48.08
25/01/2017,-109090,-1339994000,12.3(-0.81 %),40910,505316000,150000,1845310000,1459422,48.06
02/02/2017,-269600,-3297310000,12.2(-0.81 %),27000,331100000,296600,3628410000,1571922,47.99
03/02/2017,-43500,-512820000,12.5(2.46 %),69000,852180000,112500,1365000000,1622922,47.95
06/02/2017,-199700,-2456350000,12.4(-0.80 %),43200,533900000,242900,2990250000,1729722,47.88
07/02/2017,-99000,-1205620000,12.5(0.81 %),111000,1386380000,210000,2592000000,1915322,47.76
08/02/2017,-105000,-1302050000,12.4(-0.80 %),0,0,105000,1302050000,2027822,47.69
09/02/2017,-1000,-9800000,12.4(0.00 %),99000,1232200000,100000,1242000000,2171722,47.6
10/02/2017,-42500,-522850000,12.2(-1.61 %),57500,718650000,100000,1241500000,2324222,47.5
13/02/2017,-221000,-2804500000,12.8(4.92 %),14000,176800000,235000,2981300000,2415222,47.44
14/02/2017,-107800,-1360080000,12.5(-2.34 %),42200,541130000,150000,1901210000,2473022,47.4
15/02/2017,-54000,-680970000,12.6(0.80 %),40800,518020000,94800,1198990000,2532222,47.37
16/02/2017,204700,2607990000,12.7(0.79 %),204700,2607990000,0,0,2562522,47.35
17/02/2017,146700,1872580000,12.8(0.79 %),146700,1872580000,0,0,2565822,47.34
20/02/2017,28000,361180000,13(1.56 %),28000,361180000,0,0,2632622,47.3
21/02/2017,47000,610700000,12.9(-0.77 %),47000,610700000,0,0,2585622,47.33
22/02/2017,-44900,-589110000,13.2(2.33 %),28000,377570000,72900,966680000,2557622,47.35
23/02/2017,-36600,-480130000,13.1(-0.76 %),14000,183400000,50600,663530000,2543622,47.36
24/02/2017,-27000,-348980000,12.9(-1.53 %),33000,428020000,60000,777000000,2510622,47.38
27/02/2017,-56900,-727760000,13(0.78 %),48000,622190000,104900,1349950000,2535522,47.36
28/02/2017,-127600,-1641500000,12.8(-1.54 %),4500,57900000,132100,1699400000,2581622,47.33
01/03/2017,-183000,-2302010000,12.6(-1.56 %),0,0,183000,2302010000,2641622,47.3
02/03/2017,-78805,-989343000,12.6(0.00 %),1200,15120000,80005,1004463000,2745322,47.23
03/03/2017,-336200,-4239940000,12.5(-0.79 %),23800,299060000,360000,4539000000,2853622,47.16
06/03/2017,-99100,-1256630000,12.7(1.60 %),0,0,99100,1256630000,3036622,47.04
07/03/2017,-456900,-5814824800,12.7(0.00 %),417100,5310870000,874000,11125694800,3099527,47.0
08/03/2017,-2800,-35560000,12.7(0.00 %),0,0,2800,35560000,3459527,46.77
09/03/2017,256739,3352199200,13(2.36 %),1183300,15406930000,926561,12054730800,3229827,46.92
10/03/2017,159500,2078650000,12.8(-1.54 %),445400,5778450000,285900,3699800000,3258427,46.9
13/03/2017,373600,4855390000,13(1.56 %),423600,5503890000,50000,648500000,2837627,47.17
14/03/2017,89800,1172960000,13.2(1.54 %),142800,1867760000,53000,694800000,2766888,47.21
15/03/2017,-19800,-257400000,13.1(-0.76 %),30200,392600000,50000,650000000,3022588,47.05
16/03/2017,-386400,-5066780000,13.2(0.76 %),10200,135530000,396600,5202310000,3062388,47.02
17/03/2017,-173700,-2379570000,13.6(3.03 %),95300,1303730000,269000,3683300000,3020088,47.05
20/03/2017,-129900,-1832180000,14.1(3.68 %),70100,992620000,200000,2824800000,2999988,47.06
21/03/2017,-84200,-1184260000,14.2(0.71 %),127700,1796370000,211900,2980630000,3268888,46.89
22/03/2017,45300,643850000,13.9(-2.11 %),50300,713860000,5000,70010000,3487588,46.75
23/03/2017,-1200,-16060000,14(0.72 %),4800,66740000,6000,82800000,3682788,46.62
24/03/2017,163300,2341110000,14.5(3.57 %),163300,2341110000,0,0,3738388,46.59
27/03/2017,174200,2562590000,14.7(1.38 %),174200,2562590000,0,0,3569188,46.7
28/03/2017,49000,718300000,14.5(-1.36 %),49000,718300000,0,0,3526188,46.73
29/03/2017,74200,1071150000,14.6(0.69 %),76200,1099750000,2000,28600000,3449988,46.77
30/03/2017,158100,2345580000,14.9(2.05 %),208100,3080580000,50000,735000000,3241888,46.91
31/03/2017,109000,1640890000,15(0.67 %),749900,11254390000,640900,9613500000,3132888,46.98
03/04/2017,-22900,-354940000,14.8(-1.33 %),30100,450660000,53000,805600000,3104788,47.0
04/04/2017,-29000,-421410000,14.6(-1.35 %),21000,310170000,50000,731580000,3133788,46.98
05/04/2017,20000,287750000,14.3(-2.05 %),20000,287750000,0,0,3113788,46.99
07/04/2017,38000,549360000,14.4(0.70 %),38000,549360000,0,0,3128788,46.98
10/04/2017,850500,13017300000,15.8(9.72 %),853500,13063000000,3000,45700000,2325288,47.5
11/04/2017,32455,502757000,15.5(-1.90 %),57500,890950000,25045,388193000,2267788,47.54
12/04/2017,131200,2019320000,15.5(0.00 %),131200,2019320000,0,0,2136588,47.62
13/04/2017,90500,1370350000,14.9(-3.87 %),92500,1400850000,2000,30500000,2047088,47.68
14/04/2017,102500,1521950000,14.9(0.00 %),102500,1521950000,0,0,1969633,47.73
17/04/2017,65300,966930000,14.8(-0.67 %),66200,980520000,900,13590000,1903433,47.77
18/04/2017,52990,787766000,15.1(2.03 %),53000,787900000,10,134000,1852433,47.8
19/04/2017,8870,135739000,14.9(-1.32 %),36000,538590000,27130,402851000,1816433,47.83
20/04/2017,40500,601040000,14.8(-0.67 %),97700,1455260000,57200,854220000,1719633,47.89
21/04/2017,-34000,-536550000,15.3(3.38 %),17500,277000000,51500,813550000,1702143,47.9
24/04/2017,20000,304880000,15(-1.96 %),20000,304880000,0,0,1709273,47.9
25/04/2017,58500,877020000,14.9(-0.67 %),58500,877020000,0,0,1707973,47.9
26/04/2017,14800,221350000,14.9(0.00 %),15500,231850000,700,10500000,1743973,47.87
27/04/2017,84000,1267710000,15.2(2.01 %),679800,10323870000,595800,9056160000,1659973,47.93
28/04/2017,57000,867120000,15.2(0.00 %),62000,942120000,5000,75000000,1597973,47.97
03/05/2017,20000,307000000,15.5(1.97 %),20000,307000000,0,0,1578673,47.98
04/05/2017,105800,1739300000,16.4(5.81 %),105800,1739300000,0,0,1472873,48.05
05/05/2017,90000,1483560000,16.3(-0.61 %),90000,1483560000,0,0,1387873,48.1
08/05/2017,16000,264800000,16.8(3.07 %),16000,264800000,0,0,1371873,48.11
09/05/2017,500,9070000,18.3(8.93 %),500,9070000,0,0,1371373,48.12
10/05/2017,155000,2826520000,17.8(-2.73 %),155000,2826520000,0,0,1216373,48.22
11/05/2017,-242600,-4360520000,17.9(0.56 %),7400,132480000,250000,4493000000,1208973,48.22
12/05/2017,-429900,-7714980000,17.9(0.00 %),7100,127820000,437000,7842800000,1201873,48.22
15/05/2017,4000,80200000,18.7(4.47 %),10000,187000000,6000,106800000,1191873,48.23
16/05/2017,28700,532470000,18.1(-3.21 %),31300,580590000,2600,48120000,1410573,48.09
17/05/2017,6600,119860000,17.9(-1.10 %),6600,119860000,0,0,1840973,47.81
18/05/2017,10300,185400000,18(0.56 %),10300,185400000,0,0,1836673,47.82
19/05/2017,17700,275320000,19.4(7.78 %),297400,5649620000,279700,5374300000,1541873,48.01
22/05/2017,201500,3871890000,19.3(-0.52 %),206500,3968890000,5000,97000000,1335373,48.14
23/05/2017,381800,7178970000,19(-1.55 %),382800,7197870000,1000,18900000,952573,48.39
24/05/2017,237800,4521060000,19(0.00 %),242800,4614060000,5000,93000000,989473,48.36
25/05/2017,11100,213120000,19.1(0.53 %),15100,291520000,4000,78400000,979373,48.37
26/05/2017,135600,2612240000,19.4(1.57 %),135600,2612240000,0,0,844773,48.45
29/05/2017,277100,5469950000,19.6(1.03 %),277100,5469950000,0,0,572673,48.63
30/05/2017,95600,1832800000,19.2(-2.04 %),107900,2064040000,12300,231240000,468773,48.7
31/05/2017,44500,840070000,18.8(-2.08 %),786800,14795310000,742300,13955240000,424273,48.73
01/06/2017,-2400,-43090000,18.9(0.53 %),33100,624310000,35500,667400000,391173,48.75
02/06/2017,56000,1083670000,19.2(1.59 %),106000,2038670000,50000,955000000,297473,48.81
05/06/2017,-212200,-4080610000,19.2(0.00 %),5000,97000000,217200,4177610000,292473,48.81
06/06/2017,0,0,19.4(1.04 %),0,0,0,0,327973,48.79
07/06/2017,366000,7551350000,21(8.25 %),377900,7786980000,11900,235630000,73,49.0
08/06/2017,6000,124200000,20.7(-1.43 %),8000,165600000,2000,41400000,209273,48.86
09/06/2017,-42800,-911540000,20.8(0.48 %),20200,418140000,63000,1329680000,189073,48.88
12/06/2017,-79900,-1660380000,21.2(1.92 %),200,4240000,80100,1664620000,200773,48.87
13/06/2017,-138900,-2987890000,21.5(1.42 %),1100,23710000,140000,3011600000,201673,48.87
14/06/2017,-16000,-344040000,21.5(0.00 %),4000,85960000,20000,430000000,260673,48.83
15/06/2017,-14800,-317700000,21.2(-1.40 %),0,0,14800,317700000,340773,48.78
16/06/2017,-77087,-1634825700,21.3(0.47 %),173013,3642774300,250100,5277600000,307760,48.8
19/06/2017,-424589,-9031116800,21.3(0.00 %),86311,1830433200,510900,10861550000,241449,48.84
20/06/2017,-44850,-963755000,21.5(0.94 %),5200,112320000,50050,1076075000,251049,48.84
21/06/2017,86100,1824230000,21.4(-0.47 %),86100,1824230000,0,0,415049,48.73
22/06/2017,-60500,-1321660000,21.9(2.34 %),0,0,60500,1321660000,925949,48.4
23/06/2017,-52900,-1132350000,21.7(-0.91 %),0,0,52900,1132350000,975999,48.37
26/06/2017,-2800,-60480000,21.7(0.00 %),0,0,2800,60480000,975999,48.37
27/06/2017,8300,178720000,21.4(-1.38 %),8300,178720000,0,0,1028199,48.34
28/06/2017,-4700,-100090000,21.4(0.00 %),300,6410000,5000,106500000,1080799,48.3
29/06/2017,26400,571400000,21.6(0.93 %),29000,627300000,2600,55900000,1054599,48.32
30/06/2017,32187,696510500,21.6(0.00 %),35000,757270000,2813,60759500,1019599,48.34
03/07/2017,-7000,-146710000,22.6(4.63 %),29300,656160000,36300,802870000,995299,48.36
04/07/2017,-20800,-484420000,23(1.77 %),39700,908630000,60500,1393050000,958199,48.38
05/07/2017,-143600,-3330170000,23.4(1.74 %),37800,875280000,181400,4205450000,923212,48.4
06/07/2017,-89300,-2084560000,23.3(-0.43 %),120500,2809240000,209800,4893800000,839012,48.46
07/07/2017,-93050,-2139415000,22(-5.58 %),13550,310905000,106600,2450320000,885962,48.43
10/07/2017,203600,4426630000,21.4(-2.73 %),203600,4426630000,0,0,863762,48.44
11/07/2017,184650,3942270000,21.6(0.93 %),193650,4131270000,9000,189000000,879912,48.43
12/07/2017,106300,2319270000,22.2(2.78 %),106300,2319270000,0,0,880212,48.43
13/07/2017,72000,1590200000,22.3(0.45 %),72000,1590200000,0,0,808212,48.48
14/07/2017,2000,44200000,22.2(-0.45 %),2300,50860000,300,6660000,814912,48.47
17/07/2017,-69500,-1491390000,21(-5.41 %),50500,1075300000,120000,2566690000,764467,48.51
18/07/2017,333800,6944920000,21(0.00 %),351500,7312620000,17700,367700000,412967,48.73
19/07/2017,37976,816484000,21.3(1.43 %),38000,817000000,24,516000,375267,48.76
20/07/2017,10500,220420000,21.4(0.47 %),40000,844770000,29500,624350000,455267,48.71
21/07/2017,12700,269890000,21.4(0.00 %),32200,687190000,19500,417300000,440767,48.72
24/07/2017,4000,82840000,21.2(-0.93 %),23500,500140000,19500,417300000,417291,48.73
25/07/2017,175800,3807570000,21.9(3.30 %),195300,4220970000,19500,413400000,251491,48.84
26/07/2017,15600,351770000,22.4(2.28 %),35100,779120000,19500,427350000,235891,48.85
27/07/2017,-100,-5240000,22.2(-0.89 %),21800,485300000,21900,490540000,233591,48.85
28/07/2017,-4500,-98090000,22.5(1.35 %),15000,334810000,19500,432900000,238091,48.85
31/07/2017,-500,-12540000,22.7(0.89 %),20000,448710000,20500,461250000,237591,48.85
01/08/2017,-21000,-475930000,22.7(0.00 %),11200,254240000,32200,730170000,248291,48.84
02/08/2017,41200,939380000,22.9(0.88 %),51000,1162460000,9800,223080000,216791,48.86
03/08/2017,24400,562920000,24(4.80 %),32000,743720000,7600,180800000,205291,48.87
04/08/2017,-131300,-3234330000,24.9(3.75 %),33100,805240000,164400,4039570000,204391,48.87
07/08/2017,80500,2099100000,25.1(0.80 %),107500,2722400000,27000,623300000,106691,48.93
08/08/2017,-75270,-1842690000,24.4(-2.79 %),38630,959050000,113900,2801740000,75661,48.95
09/08/2017,-17300,-404680000,23.9(-2.05 %),37800,904440000,55100,1309120000,202261,48.87
10/08/2017,-14400,-367310000,24(0.42 %),25600,590090000,40000,957400000,203661,48.87
11/08/2017,10800,266610000,24.9(3.75 %),10800,266610000,0,0,306761,48.8
18/08/2017,51400,1200520000,23.4(-6.02 %),114200,2647070000,62800,1446550000,287661,48.81
21/08/2017,23000,530100000,22.95(-1.92 %),23000,530100000,0,0,264661,48.83
22/08/2017,-74170,-1585480000,21.35(-6.97 %),112630,2426340000,186800,4011820000,152031,48.9
23/08/2017,-39900,-825430000,20.95(-1.87 %),143100,2983600000,183000,3809030000,71731,48.95
24/08/2017,-35260,-743160000,21(0.24 %),59220,1243920000,94480,1987080000,12511,48.99
25/08/2017,50630,1042260000,20.45(-2.62 %),57030,1174050000,6400,131790000,142281,48.91
28/08/2017,28860,581460000,21(2.69 %),325280,6610230000,296420,6028770000,1,49.0
29/08/2017,11500,241550000,20.9(-0.48 %),11500,241550000,0,0,82981,48.95
30/08/2017,34520,713560000,20.7(-0.96 %),34520,713560000,0,0,54861,48.96
31/08/2017,-22500,-466360000,20.75(0.24 %),73000,1517240000,95500,1983600000,278281,48.82
01/09/2017,35800,746650000,20.95(0.96 %),62000,1291500000,26200,544850000,216281,48.86
05/09/2017,14300,301120000,21.4(2.15 %),16000,336570000,1700,35450000,200281,48.87
06/09/2017,14900,315550000,21.4(0.00 %),20200,429240000,5300,113690000,275581,48.82
07/09/2017,16500,352400000,21.35(-0.23 %),17000,363100000,500,10700000,284781,48.82
08/09/2017,30510,642230000,21.1(-1.17 %),34010,716360000,3500,74130000,252471,48.84
11/09/2017,44000,921390000,20.9(-0.95 %),44000,921390000,0,0,213771,48.86
12/09/2017,67800,1418190000,21(0.48 %),67800,1418190000,0,0,146471,48.91
13/09/2017,69220,1493610000,21.9(4.29 %),69220,1493610000,0,0,80751,48.95
14/09/2017,15800,360000000,22.4(2.28 %),60800,1359140000,45000,999140000,19951,48.99
15/09/2017,18000,398710000,22.1(-1.34 %),18000,398710000,0,0,1951,49.0
18/09/2017,-2770,-61840000,22.15(0.23 %),1950,42900000,4720,104740000,1,49.0
19/09/2017,41700,920030000,22(-0.68 %),45000,992630000,3300,72600000,1,49.0
20/09/2017,0,0,21.75(-1.14 %),0,0,0,0,1,49.0
21/09/2017,4720,103540000,21.95(0.92 %),4720,103540000,0,0,1,49.0
22/09/2017,-2700,-59240000,21.9(-0.23 %),3300,72270000,6000,131510000,1,49.0
25/09/2017,0,0,21.5(-1.83 %),0,0,0,0,1,49.0
26/09/2017,0,0,21.5(0.00 %),0,0,0,0,1,49.0
27/09/2017,6000,129220000,21.6(0.47 %),6000,129220000,0,0,1,49.0
28/09/2017,0,0,21.4(-0.93 %),0,0,0,0,1,49.0
29/09/2017,0,0,21.35(-0.23 %),0,0,0,0,1,49.0
02/10/2017,0,0,21.05(-1.41 %),0,0,0,0,1,49.0
03/10/2017,0,0,20.5(-2.61 %),0,0,0,0,1,49.0
04/10/2017,-18400,-377500000,20.65(0.73 %),0,0,18400,377500000,1,49.0
05/10/2017,0,0,20.65(0.00 %),0,0,0,0,1,49.0
06/10/2017,0,0,20.9(1.21 %),0,0,0,0,1,49.0
09/10/2017,18400,390630000,21.15(1.20 %),18400,390630000,0,0,1,49.0
10/10/2017,0,0,21.05(-0.47 %),0,0,0,0,1,49.0
11/10/2017,-500,-10530000,20.95(-0.48 %),0,0,500,10530000,1,49.0
12/10/2017,-56000,-1178350000,20.95(0.00 %),0,0,56000,1178350000,1,49.0
13/10/2017,-26400,-550080000,20.8(-0.72 %),0,0,26400,550080000,1,49.0
16/10/2017,0,170000,20.4(-1.92 %),500,10450000,500,10280000,1,49.0
17/10/2017,7840,160500000,20.8(1.96 %),42540,879090000,34700,718590000,13461,48.99
18/10/2017,7240,150520000,20.95(0.72 %),38540,810500000,31300,659980000,1321,49.0
19/10/2017,500,10400000,20.8(-0.72 %),500,10400000,0,0,1321,49.0
20/10/2017,15050,314040000,20.55(-1.20 %),20050,417040000,5000,103000000,15971,48.99
23/10/2017,19910,422030000,20(-2.68 %),47210,972460000,27300,550430000,61,49.0
24/10/2017,-9940,-200300000,20.2(1.00 %),60,1200000,10000,201500000,1,49.0
25/10/2017,-87600,-1786870000,20.4(0.99 %),5000,102250000,92600,1889120000,1,49.0
26/10/2017,5300,118320000,20.3(-0.49 %),27300,563240000,22000,444920000,1,49.0
27/10/2017,-2000,-39000000,20.25(-0.25 %),10000,204000000,12000,243000000,1,49.0
30/10/2017,92600,1901270000,20.2(-0.25 %),92600,1901270000,0,0,1,49.0
31/10/2017,21980,445170000,19.5(-3.47 %),22000,445570000,20,400000,1,49.0
01/11/2017,-12330,-217650000,19(-2.56 %),12000,235800000,24330,453450000,1,49.0
02/11/2017,-240,-4560000,18.9(-0.53 %),0,0,240,4560000,1,49.0
03/11/2017,-16870,-318110000,19(0.53 %),20,380000,16890,318490000,1,49.0
06/11/2017,11070,214520000,19.4(2.11 %),24330,467140000,13260,252620000,1,49.0
07/11/2017,-11760,-228170000,19.3(-0.52 %),240,4630000,12000,232800000,1,49.0
08/11/2017,1890,37080000,19.4(0.52 %),16890,325980000,15000,288900000,1,49.0
09/11/2017,-23740,-468160000,19.75(1.80 %),13260,257240000,37000,725400000,1,49.0
10/11/2017,-16840,-332440000,19.6(-0.76 %),912000,17967000000,928840,18299440000,1,49.0
13/11/2017,-140520,-2845820000,20.65(5.36 %),123310,2473310000,263830,5319130000,1,49.0
14/11/2017,-26380,-527760000,20.6(-0.24 %),467000,9635170000,493380,10162930000,1,49.0
15/11/2017,11540,238120000,20.7(0.49 %),5326850,110223410000,5315310,109985290000,1,49.0
16/11/2017,10000,209880000,21.25(2.66 %),10000,209880000,0,0,145521,48.91
17/11/2017,4480,96770000,21.55(1.41 %),9900,212220000,5420,115450000,199001,48.87
20/11/2017,6720,144820000,21.6(0.23 %),6770,145910000,50,1090000,209531,48.86
21/11/2017,40500,890550000,22.25(3.01 %),47500,1042800000,7000,152250000,162031,48.9
22/11/2017,20400,455120000,22.35(0.45 %),23500,524100000,3100,68980000,143951,48.91
23/11/2017,6850,153410000,22(-1.57 %),11850,265160000,5000,111750000,132151,48.91
24/11/2017,9140,204770000,22.2(0.91 %),16140,358420000,7000,153650000,123011,48.92
27/11/2017,5490,125270000,22.85(2.93 %),10510,241410000,5020,116140000,115601,48.93
28/11/2017,22510,514260000,22.8(-0.22 %),22710,518820000,200,4560000,97891,48.94
29/11/2017,17560,401830000,22.75(-0.22 %),17560,401830000,0,0,87331,48.94
30/11/2017,-16750,-390640000,23.5(3.30 %),46840,1095030000,63590,1485670000,45511,48.97
01/12/2017,35450,843320000,23.8(1.28 %),45710,1088020000,10260,244700000,1,49.0
04/12/2017,-10,-240000,24.5(2.94 %),0,0,10,240000,1,49.0
05/12/2017,63590,1528460000,23.5(-4.08 %),63590,1528460000,0,0,1,49.0
06/12/2017,-734560,-17007340000,23.4(-0.43 %),10260,238190000,744820,17245530000,1,49.0
07/12/2017,-155420,-3576140000,22.8(-2.56 %),0,0,155420,3576140000,11,49.0
08/12/2017,-359990,-8190320000,22.75(-0.22 %),10,230000,360000,8190550000,1,49.0
11/12/2017,74870,1608960000,21.6(-5.05 %),239900,5266950000,165030,3657990000,504921,48.67
12/12/2017,-129640,-2757550000,21.4(-0.93 %),94360,1974760000,224000,4732310000,565981,48.63
13/12/2017,-125840,-2694270000,21.35(-0.23 %),11120,233580000,136960,2927850000,914861,48.41
14/12/2017,-389160,-8496910000,21.95(2.81 %),250000,5398900000,639160,13895810000,1048891,48.32
15/12/2017,-274380,-6009050000,22(0.23 %),24000,525350000,298380,6534400000,1248891,48.19
18/12/2017,-627510,-14156160000,22.65(2.95 %),43450,985420000,670960,15141580000,1342401,48.13
19/12/2017,680160,15929000000,23.6(4.19 %),892950,20886840000,212790,4957840000,869611,48.44
20/12/2017,350000,8330530000,23.7(0.42 %),352000,8377730000,2000,47200000,815991,48.47
21/12/2017,161170,3820940000,23.55(-0.63 %),163170,3868240000,2000,47300000,1323781,48.15
22/12/2017,91020,2143590000,23.65(0.42 %),97020,2285030000,6000,141440000,1439551,48.07
25/12/2017,50000,1207560000,24.1(1.90 %),150000,3572560000,100000,2365000000,1291551,48.17
26/12/2017,2540,60710000,24(-0.41 %),9500,227050000,6960,166340000,1284051,48.17
27/12/2017,395000,9679820000,24.4(1.67 %),405000,9924820000,10000,245000000,885051,48.43
28/12/2017,522300,13408660000,26.1(6.97 %),872300,22503660000,350000,9095000000,112751,48.93
29/12/2017,52260,1377850000,26.4(1.15 %),119710,3172260000,67450,1794410000,1,49.0
02/01/2018,10000,266500000,26.7(1.14 %),10000,266500000,0,0,1,49.0
03/01/2018,42740,1115340000,26.8(0.37 %),186290,4997080000,143550,3881740000,163711,48.89
04/01/2018,98310,2649600000,27(0.75 %),98310,2649600000,0,0,132851,48.91
05/01/2018,127230,3424850000,26.25(-2.78 %),132850,3576130000,5620,151280000,1,49.0
08/01/2018,-304180,-8121420000,27(2.86 %),5900,154000000,310080,8275420000,137651,48.91
09/01/2018,-105760,-2894580000,27.4(1.48 %),340,9250000,106100,2903830000,137311,48.91
10/01/2018,-131670,-3630510000,27.5(0.36 %),23730,654100000,155400,4284610000,119201,48.92
11/01/2018,-94300,-2560480000,27.2(-1.09 %),41200,1119940000,135500,3680420000,388081,48.75
12/01/2018,361600,10037890000,27.6(1.47 %),475190,13202630000,113590,3164740000,18991,48.99
15/01/2018,-81620,-2341070000,28.25(2.36 %),174390,4878810000,256010,7219880000,1,49.0
16/01/2018,70730,2002230000,28.25(0.00 %),135500,3823500000,64770,1821270000,1,49.0
17/01/2018,-120910,-3341370000,26.7(-5.49 %),113590,3201340000,234500,6542710000,1,49.0
18/01/2018,86680,2318950000,27.5(3.00 %),256010,6813290000,169330,4494340000,1,49.0
19/01/2018,-22770,-652330000,27.7(0.73 %),64730,1785670000,87500,2438000000,41,49.0
22/01/2018,35540,998540000,28.6(3.25 %),234540,6707300000,199000,5708760000,1,49.0
25/01/2018,-209280,-6192820000,29.5(3.15 %),2790720,81932070000,3000000,88124890000,1,49.0
26/01/2018,-549500,-16098960000,29.25(-0.85 %),0,0,549500,16098960000,1,49.0
29/01/2018,-404290,-12049470000,29.8(1.88 %),0,0,404290,12049470000,1,49.0
30/01/2018,253430,7625950000,31.7(6.38 %),369230,11222030000,115800,3596080000,295881,48.81
31/01/2018,-399630,-12304600000,30(-5.36 %),234100,7308180000,633730,19612780000,611281,48.61
01/02/2018,-1001860,-29050690000,28.3(-5.67 %),222600,6419740000,1224460,35470430000,792971,48.49
02/02/2018,-550780,-15535850000,28.95(2.30 %),195250,5548390000,746030,21084240000,713521,48.54
05/02/2018,-373100,-10462030000,26.95(-6.91 %),297600,8139200000,670700,18601230000,1049651,48.32
06/02/2018,-293620,-7169820000,26.4(-2.04 %),438310,11217370000,731930,18387190000,1835801,47.82
07/02/2018,710890,19877210000,28.2(6.82 %),1104070,30934790000,393180,11057580000,1477761,48.05
08/02/2018,51010,1445510000,28(-0.71 %),57090,1618020000,6080,172510000,2091371,47.65
09/02/2018,86840,2438900000,28.5(1.79 %),103640,2901270000,16800,462370000,2719661,47.25
12/02/2018,-223600,-6473850000,29.5(3.51 %),2000,58700000,225600,6532550000,3110841,46.99
13/02/2018,8560,258220000,29.6(0.34 %),37660,1127360000,29100,869140000,3079261,47.01
21/02/2018,53810,1687720000,30.45(2.87 %),218160,6627830000,164350,4940110000,2877901,47.14
22/02/2018,-86120,-2579770000,29.5(-3.12 %),8880,265530000,95000,2845300000,3094621,47.0
23/02/2018,-134700,-3927650000,29.95(1.53 %),102140,3044940000,236840,6972590000,3021581,47.05
26/02/2018,-121890,-3985550000,31.5(5.18 %),154220,4771050000,276110,8756600000,3031711,47.04
27/02/2018,112400,2803270000,26(7.00 %),1233000,31880970000,1120600,29077700000,1893711,47.78
28/02/2018,3030,60710000,27.2(4.62 %),33030,864510000,30000,803800000,2097521,47.65
01/03/2018,-26220,-704890000,26.7(-1.84 %),4650,126760000,30870,831650000,2368981,47.47
02/03/2018,49860,1317320000,26.5(-0.75 %),61000,1611560000,11140,294240000,3428581,46.79
05/03/2018,47680,1252970000,24.65(-6.98 %),59680,1569170000,12000,316200000,3398901,46.81
06/03/2018,335540,8624430000,26.35(6.90 %),419420,10796820000,83880,2172390000,3010351,47.06
07/03/2018,936350,25852060000,27.5(4.36 %),1513000,41984280000,576650,16132220000,1508491,48.03
08/03/2018,-35750,-979680000,27.45(-0.18 %),400,11000000,36150,990680000,1520091,48.02
09/03/2018,-133930,-3769110000,27.5(0.18 %),7500,207700000,141430,3976810000,1596471,47.97
12/03/2018,-24480,-676670000,27(-1.82 %),9910,275040000,34390,951710000,2163211,47.6
13/03/2018,-60800,-1666600000,27.4(1.48 %),22200,605800000,83000,2272400000,2177161,47.6
14/03/2018,-606740,-17094280000,28.35(3.47 %),12000,339600000,618740,17433880000,2306591,47.51
15/03/2018,-345640,-10031650000,29.2(3.00 %),86480,2507160000,432120,12538810000,2254501,47.55
16/03/2018,-899470,-26298000000,29.15(-0.17 %),421870,12294340000,1321340,38592340000,1915631,47.76
19/03/2018,-22680,-701090000,29.5(1.20 %),319400,9487730000,342080,10188820000,2214971,47.57
20/03/2018,-81130,-2379510000,29.05(-1.53 %),276080,8099660000,357210,10479170000,2371011,47.47
21/03/2018,-615890,-17834030000,28.7(-1.20 %),71150,2062700000,687040,19896730000,3621201,46.66
22/03/2018,-1017360,-28224020000,27.6(-3.83 %),279980,7799770000,1297340,36023790000,3683301,46.62
23/03/2018,-328760,-8811570000,26.9(-2.54 %),481300,12938190000,810060,21749760000,3559211,46.7
26/03/2018,-294700,-8107040000,28.5(5.95 %),294460,8199900000,589160,16306940000,3951791,46.45
27/03/2018,-475330,-13447850000,28(-1.75 %),425310,11948660000,900640,25396510000,4823829,45.89
28/03/2018,333930,9362950000,28.65(2.32 %),395000,11066550000,61070,1703600000,5238889,45.62
29/03/2018,500760,14374410000,29(1.22 %),500760,14374410000,0,0,5327289,45.56
30/03/2018,661050,19268730000,29.05(0.17 %),661050,19268730000,0,0,5566879,45.41
02/04/2018,-228030,-6747860000,29.55(1.72 %),357000,10523690000,585030,17271550000,5270949,45.6
03/04/2018,195320,6156550000,31.3(5.92 %),343750,10682780000,148430,4526230000,4927199,45.82
04/04/2018,-211350,-6654950000,30.9(-1.28 %),117650,3654390000,329000,10309340000,4809549,45.9
05/04/2018,584710,18039930000,31.2(0.97 %),595930,18385260000,11220,345330000,4798649,45.9
06/04/2018,692360,22378260000,32.55(4.33 %),818910,26481800000,126550,4103540000,4128169,46.34
09/04/2018,135680,4517930000,34(4.45 %),478690,15989190000,343010,11471260000,3978479,46.43
10/04/2018,363060,12260800000,33.65(-1.03 %),412230,13916670000,49170,1655870000,3577469,46.69
11/04/2018,562940,18816010000,32.8(-2.53 %),597410,19975670000,34470,1159660000,3106609,47.0
12/04/2018,-60350,-2029280000,33.5(2.13 %),251550,8283630000,311900,10312910000,3198069,46.94
13/04/2018,145830,4869720000,33.2(-0.90 %),327000,10934570000,181170,6064850000,2920239,47.12
16/04/2018,15840,521320000,33(-0.60 %),101720,3352510000,85880,2831190000,2852989,47.16
17/04/2018,-97390,-3226860000,33.1(0.30 %),266110,8763940000,363500,11990800000,2898779,47.13
18/04/2018,21190,497070000,32.3(-2.42 %),440190,14348380000,419000,13851310000,2639759,47.3
19/04/2018,480980,15088470000,31.6(-2.17 %),488680,15328610000,7700,240140000,2236959,47.56
20/04/2018,-55570,-1765230000,31.6(0.00 %),99540,3122430000,155110,4887660000,2500919,47.39
23/04/2018,114700,3435520000,29.4(-6.96 %),232730,7026970000,118030,3591450000,2687189,47.27
24/04/2018,-531430,-14777140000,27.35(-6.97 %),202430,5620290000,733860,20397430000,2492459,47.39
26/04/2018,158370,4051990000,25.45(-6.95 %),199700,5118440000,41330,1066450000,2447869,47.42
27/04/2018,254050,6660220000,27.2(6.88 %),1650545,43464510000,1396495,36804290000,2301329,47.52
02/05/2018,-357630,-9529180000,26.2(-3.68 %),129488,3487370000,487118,13016550000,3026479,47.05
03/05/2018,57870,1463970000,27.1(3.44 %),178780,4725300000,120910,3261330000,2889029,47.14
04/05/2018,-121400,-3314700000,26.8(-1.11 %),10100,275300000,131500,3590000000,2889449,47.14
07/05/2018,-231450,-6392470000,28.45(6.16 %),28600,770930000,260050,7163400000,3227189,46.92
08/05/2018,26510,751240000,28.3(-0.53 %),36310,1027250000,9800,276010000,3311789,46.86
09/05/2018,-126510,-3402100000,25.4(-6.96 %),111340,2933640000,237850,6335740000,3331949,46.85
10/05/2018,-2106450,-49940000000,23.65(-6.89 %),358800,8502880000,2465250,58442880000,3233199,46.91
11/05/2018,-145920,-2750390000,25.3(6.98 %),289580,6935060000,435500,9685450000,2953419,47.09
14/05/2018,-657700,-15596170000,23.55(-6.92 %),270300,6442720000,928000,22038890000,3780880,47.28
15/05/2018,-558070,-12620340000,22.1(-6.16 %),928400,20945950000,1486470,33566290000,5517730,46.5
16/05/2018,182250,4058200000,22.55(2.04 %),282640,6304440000,100390,2246240000,5670590,46.43
17/05/2018,-8820,-215940000,22.9(1.55 %),457880,10539250000,466700,10755190000,6140710,46.21
18/05/2018,-37800,-819670000,22.25(-2.84 %),232700,5184220000,270500,6003890000,7194480,45.74
21/05/2018,-83160,-1813950000,21.5(-3.37 %),251340,5543630000,334500,7357580000,7043530,45.8
22/05/2018,-790800,-15860590000,20(-6.98 %),109900,2246430000,900700,18107020000,7400330,45.64
23/05/2018,506760,10071630000,21.4(7.00 %),877420,17922120000,370660,7850490000,6793410,45.92
24/05/2018,-394500,-8027700000,20.5(-4.21 %),622300,12915950000,1016800,20943650000,6505610,46.05
25/05/2018,-519400,-10151520000,19.2(-6.34 %),80600,1566420000,600000,11717940000,7325710,45.68
28/05/2018,-325550,-5983420000,17.9(-6.77 %),156000,2815060000,481550,8798480000,7540370,45.58
29/05/2018,57520,1088870000,19.15(6.98 %),223520,4243400000,166000,3154530000,8333650,45.22
30/05/2018,108260,2048070000,18.55(-3.13 %),136870,2583510000,28610,535440000,8796780,45.01
31/05/2018,-389310,-7225020000,19.2(3.50 %),402080,7556670000,791390,14781690000,8876250,44.97
01/06/2018,-378060,-7317380000,19.1(-0.52 %),30450,587080000,408510,7904460000,9011800,44.91
04/06/2018,-958260,-18509640000,19.65(2.88 %),269580,5257580000,1227840,23767220000,8770830,45.02
05/06/2018,84900,1709050000,21(6.87 %),818380,17020790000,733480,15311740000,8743840,45.03
06/06/2018,412910,9199570000,22.45(6.90 %),775160,17276840000,362250,8077270000,8377190,45.2
07/06/2018,-104370,-2275130000,21.35(-4.90 %),142270,3114370000,246640,5389500000,9462760,44.71
08/06/2018,-142100,-3058040000,22(3.04 %),38500,841800000,180600,3899840000,10157740,44.39
11/06/2018,52680,1180350000,22(0.00 %),75580,1685380000,22900,505030000,10444410,44.26
12/06/2018,-645540,-13734080000,21(-4.55 %),4500,95010000,650040,13829090000,10686550,44.15
13/06/2018,18160,382970000,21.45(2.14 %),38160,809170000,20000,426200000,10828990,44.09
14/06/2018,-317590,-6557410000,20.2(-5.83 %),76810,1647780000,394400,8205190000,10775080,44.11
15/06/2018,27690,603950000,20.5(1.49 %),207700,4227990000,180010,3624040000,11217423,43.91
18/06/2018,115250,2329520000,19.4(-5.37 %),181950,3634960000,66700,1305440000,11055473,43.98
19/06/2018,-235130,-4255440000,18.6(-4.12 %),273040,4977950000,508170,9233390000,11176835,43.93
20/06/2018,-211550,-4028280000,19.2(3.23 %),214380,4039080000,425930,8067360000,11142465,43.95
21/06/2018,339600,6492470000,19(-1.04 %),341750,6533860000,2150,41390000,10867415,44.07
22/06/2018,-410210,-7690200000,18.9(-0.53 %),182970,3422880000,593180,11113080000,11192617,43.92
25/06/2018,19500,375110000,19.2(1.59 %),40000,768390000,20500,393280000,11578547,43.75
26/06/2018,71510,1337130000,18.8(-2.08 %),134730,2520860000,63220,1183730000,11445967,43.81
27/06/2018,-7660,-167830000,18(-4.26 %),92340,1688470000,100000,1856300000,11946807,43.58
28/06/2018,12920,272090000,17.1(-5.00 %),245530,4296020000,232610,4023930000,11721777,43.68
29/06/2018,122570,2142182500,17.35(1.46 %),130570,2281382500,8000,139200000,11599207,43.74
02/07/2018,128390,2113106500,16.5(-4.90 %),178520,2940195000,50130,827088500,3062388,47.61
03/07/2018,-7560,-136700000,15.4(-6.67 %),106810,1695610000,114370,1832310000,11701707,43.69
04/07/2018,-1122930,-17683430000,16.05(4.22 %),27400,426550000,1150330,18109980000,11682307,43.7
05/07/2018,60200,954940000,16(-0.31 %),174200,2753720000,114000,1798780000,11558237,43.76
06/07/2018,-323400,-5281990000,17.1(6.88 %),63800,1060520000,387200,6342510000,11608807,43.73
09/07/2018,-702240,-11952060000,16.85(-1.46 %),198040,3329350000,900280,15281410000,12561097,43.3
10/07/2018,108870,1847940000,17(0.89 %),341390,5815010000,232520,3967070000,12333707,43.4
11/07/2018,47370,751070000,16(-5.88 %),213070,3450010000,165700,2698940000,12507837,43.33
12/07/2018,72000,1217152000,16.4(2.50 %),246100,4004689500,174100,2787537500,12435837,43.36
13/07/2018,-26300,-425700000,16.65(1.52 %),125000,2084030000,151300,2509730000,13269537,42.98
16/07/2018,600,7510000,16.6(-0.30 %),150600,2514530000,150000,2507020000,13284637,42.97
17/07/2018,-131350,-2152920000,17.2(3.61 %),33750,555800000,165100,2708720000,13424993,42.91
18/07/2018,188280,3387770000,18.4(6.98 %),302980,5419110000,114700,2031340000,13273313,42.98
19/07/2018,-111700,-2057650000,18.4(0.00 %),31800,586970000,143500,2644620000,13391513,42.92
20/07/2018,-68120,-1210160000,19(3.26 %),38130,688320000,106250,1898480000,13518483,42.87
23/07/2018,-116500,-2126773000,17.9(-5.79 %),16900,308515000,133400,2435288000,13634983,42.81
24/07/2018,33400,593350000,17.8(-0.56 %),142800,2498760000,109400,1905410000,13616983,42.82
25/07/2018,92340,1612040000,17.2(-3.37 %),138500,2429620000,46160,817580000,13584733,42.84
26/07/2018,120230,2088960000,17.5(1.74 %),128700,2232590000,8470,143630000,13589433,42.84
27/07/2018,26060,463790000,17.6(0.57 %),28060,498690000,2000,34900000,13670773,42.8
30/07/2018,900,16120000,18(2.27 %),3000,53400000,2100,37280000,13713933,42.78
31/07/2018,1930,38905500,18.1(0.56 %),30000,544686500,28070,505781000,13712003,42.78
01/08/2018,-26400,-478920000,17.85(-1.38 %),14600,263240000,41000,742160000,13679803,42.79
02/08/2018,320200,5677900000,18.35(2.80 %),320200,5677900000,0,0,13361703,42.94
03/08/2018,7300,135150000,18.4(0.27 %),9500,176250000,2200,41100000,13380273,42.93
06/08/2018,6700,120395000,17.9(-2.72 %),6700,120395000,0,0,13373573,42.93
07/08/2018,211500,3843730000,18.1(1.12 %),218800,3974830000,7300,131100000,13195773,43.01
08/08/2018,33530,649330000,19.35(6.91 %),53030,1024630000,19500,375300000,13144943,43.04
09/08/2018,-3800,-75360000,19.6(1.29 %),4500,89650000,8300,165010000,13140443,43.04
10/08/2018,391690,7779240000,20.5(4.59 %),416390,8267250000,24700,488010000,12731353,43.22
13/08/2018,325630,6723430000,21.1(2.93 %),359900,7430360000,34270,706930000,12390953,43.38
14/08/2018,451560,9479000000,20.95(-0.71 %),520300,10919210000,68740,1440210000,11878953,43.61
15/08/2018,359360,7482730000,20(-4.53 %),379150,7887790000,19790,405060000,11524506,43.77
16/08/2018,351680,7012270000,20.3(1.50 %),384080,7663680000,32400,651410000,11174696,43.93
17/08/2018,-31800,-652060000,20(-1.48 %),29000,591100000,60800,1243160000,11206496,43.92
20/08/2018,29470,587820000,20.1(0.50 %),36470,730620000,7000,142800000,11197756,43.92
21/08/2018,5850,119490000,20.8(3.48 %),32200,658720000,26350,539230000,11197956,43.92
22/08/2018,272180,5864970000,21.6(3.85 %),321400,6925020000,49220,1060050000,10937356,44.04
23/08/2018,-500,-12320000,21.65(0.23 %),35400,758560000,35900,770880000,10908956,44.05
24/08/2018,11210,239940000,21.4(-1.15 %),27510,590440000,16300,350500000,10907796,44.05
27/08/2018,7290,153370000,21.6(0.93 %),29290,631740000,22000,478370000,10927726,44.04
28/08/2018,254600,5644390000,22.3(3.24 %),304300,6742230000,49700,1097840000,10659326,44.16
29/08/2018,-3180,-70490000,22.05(-1.12 %),25380,562220000,28560,632710000,10650258,44.17
30/08/2018,14600,325760000,22.35(1.36 %),47000,1040740000,32400,714980000,10625258,44.18
31/08/2018,42850,965120000,22.2(-0.67 %),85330,1919090000,42480,953970000,10589628,44.2
04/09/2018,73050,1595170000,21.2(-4.50 %),112000,2444030000,38950,848860000,10506191,44.23
05/09/2018,-86310,-1819280000,21.45(1.18 %),38390,814090000,124700,2633370000,10500201,44.24
06/09/2018,-276100,-5877780000,21.7(1.17 %),19000,404240000,295100,6282020000,10523681,44.23
07/09/2018,-284270,-6225283000,22.3(2.76 %),274800,6041111000,559070,12266394000,10807951,44.1
10/09/2018,-152060,-3380720000,22.3(0.00 %),413800,9223020000,565860,12603740000,9998731,44.46
11/09/2018,-117640,-2602410000,23.7(6.28 %),150770,3498730000,268410,6101140000,10143061,44.4
12/09/2018,259540,6177910000,23.55(-0.63 %),321110,7645760000,61570,1467850000,10381021,44.29
13/09/2018,-9710,-225230000,23.5(-0.21 %),41200,972140000,50910,1197370000,10905681,44.05
14/09/2018,-33950,-795740000,22.9(-2.55 %),11650,269810000,45600,1065550000,11162441,43.94
17/09/2018,-150070,-3383290000,22.1(-3.49 %),7900,178200000,157970,3561490000,11216111,43.91
18/09/2018,249500,5685150000,22.9(3.62 %),300300,6836510000,50800,1151360000,10966721,44.02
19/09/2018,97980,2258250000,22.8(-0.44 %),317230,7296520000,219250,5038270000,10695091,44.15
20/09/2018,-97520,-2209730000,23(0.88 %),108210,2479240000,205730,4688970000,10744842,44.13
21/09/2018,127460,2937920000,23.3(1.30 %),377510,8760930000,250050,5823010000,10418132,44.27
24/09/2018,76710,1752480000,23.1(-0.86 %),137300,3173230000,60590,1420750000,10500082,44.24
25/09/2018,76590,1767926970,23.1(0.00 %),77590,1791009970,1000,23083000,10423492,44.27
26/09/2018,-125350,-2930870000,22.85(-1.08 %),3590,82590000,128940,3013460000,10846472,44.08
27/09/2018,584050,13504350000,23.15(1.31 %),808770,18698880000,224720,5194530000,10098293,44.42
28/09/2018,-137310,-3182250000,22.9(-1.08 %),14610,339340000,151920,3521590000,10084683,44.42
01/10/2018,-98940,-2257560000,22.55(-1.53 %),3300,75450000,102240,2333010000,10210323,44.37
02/10/2018,47240,1063362000,22.4(-0.67 %),47240,1063362000,0,0,10163083,44.39
03/10/2018,20000,450000000,22.6(0.89 %),20000,450000000,0,0,10519723,44.23
04/10/2018,45030,1034110000,23.15(2.43 %),46110,1058840000,1080,24730000,10575853,44.2
05/10/2018,146520,3346570000,22.5(-2.81 %),146780,3352560000,260,5990000,10429073,44.27
08/10/2018,41600,938420000,22.7(0.89 %),46100,1040770000,4500,102350000,10382973,44.29
09/10/2018,83200,1889090000,22.8(0.44 %),85000,1929950000,1800,40860000,10299059,44.33
10/10/2018,8500,190800000,22.6(-0.88 %),24500,552050000,16000,361250000,10274819,44.34
11/10/2018,209610,4410095000,21.05(-6.86 %),238970,5034077000,29360,623982000,10065209,44.43
12/10/2018,-58910,-1139810000,20.85(-0.95 %),96600,2012260000,155510,3152070000,9945549,44.49
15/10/2018,96320,1945430000,19.9(-4.56 %),225910,4560250000,129590,2614820000,9735642,44.58
16/10/2018,-35710,-693970000,19.9(0.00 %),133500,2642950000,169210,3336920000,9631502,44.63
17/10/2018,56290,1153837000,20.65(3.77 %),80400,1646216000,24110,492379000,9575212,44.66
18/10/2018,55330,1125530000,20.15(-2.42 %),67430,1372450000,12100,246920000,9768772,44.57
19/10/2018,70790,1411287500,19.85(-1.49 %),104100,2063923500,33310,652636000,9697982,44.6
22/10/2018,143130,2708360000,18.5(-6.80 %),157310,2975250000,14180,266890000,9700682,44.6
23/10/2018,183100,3205813000,17.5(-5.41 %),244920,4292286000,61820,1086473000,9517582,44.68
24/10/2018,389200,6869210000,17.5(0.00 %),409200,7224210000,20000,355000000,9091972,44.88
25/10/2018,121780,2098170000,17.4(-0.57 %),144750,2486500000,22970,388330000,8961402,44.93
26/10/2018,127240,2198310000,17.1(-1.72 %),134500,2324060000,7260,125750000,8888722,44.97
29/10/2018,89400,1524310000,17.1(0.00 %),112400,1918860000,23000,394550000,8796325,45.01
30/10/2018,79350,1365666500,17.1(0.00 %),103300,1776971500,23950,411305000,8716975,45.05
31/10/2018,297270,5391427500,18.25(6.73 %),319470,5782387500,22200,390960000,8419705,45.18
01/11/2018,74540,1332050000,17.6(-3.56 %),323540,5900500000,249000,4568450000,8103245,45.32
02/11/2018,95650,1736987000,18.2(3.41 %),95650,1736987000,0,0,8007595,45.37
05/11/2018,16150,290110000,18.2(0.00 %),65550,1181040000,49400,890930000,7988195,45.38
06/11/2018,74150,1360420000,18(-1.10 %),74150,1360420000,0,0,8163045,45.3
07/11/2018,-11000,-197400000,18(0.00 %),12000,215200000,23000,412600000,8151045,45.3
08/11/2018,17210,315730000,18.1(0.56 %),17230,316090000,20,360000,8183215,45.29
09/11/2018,-27000,-488110000,17.9(-1.10 %),4700,84600000,31700,572710000,8178515,45.29
12/11/2018,23180,417910000,18.2(1.68 %),26200,471770000,3020,53860000,8175315,45.29
13/11/2018,42330,760600000,18.2(0.00 %),53330,956950000,11000,196350000,8122005,45.32
14/11/2018,19340,354870000,18.15(-0.27 %),50000,913990000,30660,559120000,8103705,45.32
15/11/2018,-2350,-42900000,18.45(1.65 %),3150,58250000,5500,101150000,8103575,45.32
16/11/2018,-3500,-64350000,18.9(2.44 %),9500,179750000,13000,244100000,8105075,45.32
19/11/2018,16200,305460000,18.9(0.00 %),16200,305460000,0,0,8119535,45.32
20/11/2018,-21540,-412070000,19(0.53 %),19500,367780000,41040,779850000,8105535,45.32
21/11/2018,-375000,-7082460000,18.9(-0.53 %),15000,282550000,390000,7365010000,8103535,45.32
22/11/2018,-314000,-5898410000,18.65(-1.32 %),13140,246340000,327140,6144750000,8090395,45.33
23/11/2018,-14000,-259950000,18.6(-0.27 %),4000,74000000,18000,333950000,8127435,45.31
26/11/2018,-25100,-468390000,18.75(0.81 %),20560,383740000,45660,852130000,8496875,45.15
27/11/2018,-82640,-1566080000,18.8(0.27 %),5000,94500000,87640,1660580000,8819015,45.0
28/11/2018,-18350,-350490000,19(1.06 %),10,190000,18360,350680000,8837005,44.99
29/11/2018,300,5810000,18.9(-0.53 %),300,5810000,0,0,8882365,44.97
30/11/2018,100,1890000,19(0.53 %),100,1890000,0,0,8969905,44.93
03/12/2018,50780,978830000,19.9(4.74 %),100780,1958990000,50000,980160000,8887485,44.97
04/12/2018,21130,415760000,19.8(-0.50 %),38330,755920000,17200,340160000,8849155,44.99
05/12/2018,2740,53519500,19.75(-0.25 %),36550,720427500,33810,666908000,8846415,44.99
06/12/2018,-94000,-1844170000,19.6(-0.76 %),2000,39100000,96000,1883270000,8860605,44.98
07/12/2018,57760,1140990000,19.8(1.02 %),59000,1165300000,1240,24310000,8818805,45.0
10/12/2018,50410,988010000,19.5(-1.52 %),61860,1212530000,11450,224520000,8790755,45.01
11/12/2018,58500,1134490000,19.4(-0.51 %),58500,1134490000,0,0,8828255,44.99
12/12/2018,25500,501100000,19.7(1.55 %),30000,589500000,4500,88400000,8799495,45.01
13/12/2018,50000,994500000,19.7(0.00 %),50000,994500000,0,0,8760945,45.03
14/12/2018,37920,735690000,19.25(-2.28 %),51500,1001480000,13580,265790000,8709445,45.05
17/12/2018,51010,947980000,18(-6.49 %),51010,947980000,0,0,8662935,45.07
18/12/2018,75260,1348000000,17.65(-1.94 %),149500,2645030000,74240,1297030000,8513435,45.14
19/12/2018,2050,36680000,17.7(0.28 %),2050,36680000,0,0,8524965,45.13
20/12/2018,6340,112630000,17.9(1.13 %),6340,112630000,0,0,8518631,45.14
21/12/2018,22050,392490000,17.9(0.00 %),22450,399570000,400,7080000,8570421,45.11
24/12/2018,13000,232140000,17.45(-2.51 %),13500,241040000,500,8900000,8556921,45.12
25/12/2018,58690,977210000,16.75(-4.01 %),83720,1392940000,25030,415730000,8473201,45.16
26/12/2018,-51220,-847285000,16.3(-2.69 %),26420,434673000,77640,1281958000,8524421,45.13
27/12/2018,-189960,-3162370000,16.35(0.31 %),35100,585390000,225060,3747760000,8412588,45.18
28/12/2018,-596040,-9677060000,16.4(0.31 %),57200,927950000,653240,10605010000,8380418,45.2
02/01/2019,-6800,-108556500,16.5(0.61 %),23200,382943500,30000,491500000,8659918,45.07
03/01/2019,75140,1225204000,16.25(-1.52 %),85000,1385636000,9860,160432000,8584778,45.11
04/01/2019,20100,325550000,16.3(0.31 %),31100,502500000,11000,176950000,9197058,44.83
07/01/2019,12910,215665500,16.65(2.15 %),15910,265465500,3000,49800000,9184148,44.83
08/01/2019,-13500,-225120000,16.8(0.90 %),1500,25130000,15000,250250000,9219508,44.82
09/01/2019,-428640,-7196880000,16.4(-2.38 %),62000,1032380000,490640,8229260000,9168508,44.84
10/01/2019,-511660,-8273580000,16.05(-2.13 %),12000,194100000,523660,8467680000,9159496,44.84
11/01/2019,-4000,-65750000,16.4(2.18 %),1000,16400000,5000,82150000,9173496,44.84
14/01/2019,-143810,-2316760000,16(-2.44 %),6000,95400000,149810,2412160000,9658136,44.62
15/01/2019,-100710,-1610260000,15.95(-0.31 %),5550,89180000,106260,1699440000,10176246,44.38
16/01/2019,-5550,-88332500,15.75(-1.25 %),450,7267500,6000,95600000,10181796,44.38
17/01/2019,-9200,-145310000,15.6(-0.95 %),0,0,9200,145310000,10330613,44.31
18/01/2019,0,0,15.6(0.00 %),0,0,0,0,10436873,44.27
21/01/2019,-400810,-6443600000,16.15(3.53 %),650,10500000,401460,6454100000,10442223,44.26
22/01/2019,-78760,-1277580000,16.15(0.00 %),15000,242250000,93760,1519830000,10436423,44.27
23/01/2019,-66930,-1075133000,16.1(-0.31 %),60000,964270000,126930,2039403000,10503353,44.24
24/01/2019,-87060,-1398194000,16.05(-0.31 %),50000,802975000,137060,2201169000,10590413,44.2
25/01/2019,-149450,-2420879500,16.2(0.93 %),35000,565925000,184450,2986804500,10739863,44.13
28/01/2019,52000,843700000,16.1(-0.62 %),52000,843700000,0,0,10687863,44.15
29/01/2019,13900,223390000,16.2(0.62 %),14000,225000000,100,1610000,10673963,44.16
30/01/2019,28500,461800000,16.1(-0.62 %),30000,486050000,1500,24250000,11139085,43.95
31/01/2019,92300,1488594500,16.1(0.00 %),92800,1496669500,500,8075000,10553163,44.21
01/02/2019,-54200,-868176500,16(-0.62 %),5800,92973500,60000,961150000,0,0.0
11/02/2019,0,0,16.8(5.00 %),0,0,0,0,11042085,43.99
12/02/2019,257790,4431363000,17.2(2.38 %),260000,4469012500,2210,37649500,10782795,44.11
13/02/2019,30000,517500000,17.25(0.29 %),34000,586300000,4000,68800000,10808585,44.1
14/02/2019,20000,342010000,17.25(0.00 %),20020,342350000,20,340000,10788565,44.11
15/02/2019,27070,467027500,17.05(-1.16 %),36270,624307500,9200,157280000,10705725,44.14
18/02/2019,3700,63890000,17.2(0.88 %),13700,235640000,10000,171750000,10744805,44.13
19/02/2019,2000,34450000,17.2(0.00 %),2000,34450000,0,0,10742825,44.13
20/02/2019,-1000,-17070000,17.35(0.87 %),10000,174330000,11000,191400000,10742025,44.13
21/02/2019,29800,518455000,17.4(0.29 %),34300,596530000,4500,78075000,10671225,44.16
22/02/2019,4850,85120000,17.4(0.00 %),4850,85120000,0,0,10712875,44.14
25/02/2019,-178600,-3204510000,17.9(2.87 %),40400,724110000,219000,3928620000,10683475,44.15
26/02/2019,-164070,-2940960000,17.85(-0.28 %),156730,2822210000,320800,5763170000,10531245,44.22
27/02/2019,-27500,-490600000,17.6(-1.40 %),2000,35300000,29500,525900000,10529245,44.22
28/02/2019,109000,1898450000,17.45(-0.85 %),109000,1898450000,0,0,10927545,44.04
01/03/2019,600,10320000,17.5(0.29 %),600,10320000,0,0,10960045,44.03
04/03/2019,-109260,-1960241000,17.8(1.71 %),10750,191600000,120010,2151841000,11069305,43.98
05/03/2019,-82430,-1479760000,17.6(-1.12 %),27910,497860000,110340,1977620000,10950285,44.03
06/03/2019,100,1760000,17.7(0.57 %),100,1760000,0,0,10950185,44.03
07/03/2019,-4180,-76030000,18.15(2.54 %),820,14970000,5000,91000000,11069375,43.98
08/03/2019,75140,1334478000,17.75(-2.20 %),90140,1599978000,15000,265500000,11080775,43.97
11/03/2019,-2090,-37060000,17.75(0.00 %),0,0,2090,37060000,11089575,43.97
12/03/2019,23370,421749500,17.7(-0.28 %),45100,803111000,21730,381361500,11059495,43.98
13/03/2019,39890,721570000,18.4(3.95 %),73670,1331340000,33780,609770000,10990805,44.01
14/03/2019,530,9590000,18.25(-0.82 %),30530,558700000,30000,549110000,10962365,44.03
15/03/2019,-14700,-262730000,17.95(-1.64 %),15300,277680000,30000,540410000,10968795,44.02
18/03/2019,3230,59036000,18.05(0.56 %),37330,672707000,34100,613671000,10965565,44.03
19/03/2019,-46900,-833920000,17.3(-4.16 %),300,5310000,47200,839230000,10994945,44.01
20/03/2019,-114700,-1952620000,17.35(0.29 %),10300,178630000,125000,2131250000,11127165,43.95
21/03/2019,520,7670000,16.5(-4.90 %),9020,153950000,8500,146280000,11039725,43.99
22/03/2019,11270,188500000,16.7(1.21 %),6670000,111109400000,6658730,110920900000,11066925,43.98
25/03/2019,319800,5222040000,16.55(-0.90 %),332800,5432290000,13000,210250000,10859125,44.07
26/03/2019,125090,2075520000,16.7(0.91 %),125690,2085570000,600,10050000,10741935,44.13
27/03/2019,91600,1541820000,16.85(0.90 %),91600,1541820000,0,0,10659065,44.16
28/03/2019,203090,3415890000,16.9(0.30 %),203090,3415890000,0,0,10375795,44.29
29/03/2019,39660,667581000,16.8(-0.59 %),115160,1936439000,75500,1268858000,10336135,44.31
01/04/2019,0,0,16.75(-0.30 %),0,0,0,0,10354415,44.3
02/04/2019,29800,499994000,16.8(0.30 %),55000,924644000,25200,424650000,10324615,44.32
03/04/2019,-26650,-436557500,16.8(0.00 %),35080,589316000,61730,1025873500,10351265,44.3
04/04/2019,13390,226240000,16.85(0.30 %),20000,337290000,6610,111050000,10289245,44.33
05/04/2019,-7760,-130610000,16.8(-0.30 %),0,0,7760,130610000,10314445,44.32
08/04/2019,-8000,-135050000,16.85(0.30 %),0,0,8000,135050000,10376175,44.29
09/04/2019,62420,1071842000,17(0.89 %),239450,4125566500,177030,3053724500,10291215,44.33
10/04/2019,-1000,-16950000,16.8(-1.18 %),0,0,1000,16950000,10151095,44.39
11/04/2019,0,0,16.8(0.00 %),0,0,0,0,10292215,44.33
12/04/2019,-24000,-392140000,16.75(-0.30 %),20000,335000000,44000,727140000,10316125,44.32
16/04/2019,75600,1240210000,16.3(-2.69 %),75600,1240210000,0,0,10241525,44.35
17/04/2019,-155400,-2537230000,16.1(-1.23 %),17760,289330000,173160,2826560000,10223765,44.36
18/04/2019,-94700,-1507010000,16.1(0.00 %),105300,1677490000,200000,3184500000,10162465,44.39
19/04/2019,-100280,-1605660000,15.95(-0.93 %),1000,15950000,101280,1621610000,10161465,44.39
22/04/2019,-255000,-4002970000,15.5(-2.82 %),115000,1801620000,370000,5804590000,10219625,44.36
23/04/2019,-144700,-2265145000,15.8(1.94 %),61500,967895000,206200,3233040000,10990695,44.01
24/04/2019,-87000,-1377800000,15.9(0.63 %),13000,206700000,100000,1584500000,10446405,44.26
25/04/2019,-57000,-894000000,15.95(0.31 %),43000,685000000,100000,1579000000,11134695,43.95
26/04/2019,-200,-3200000,15.95(0.00 %),0,0,200,3200000,11134895,43.95
02/05/2019,-198180,-3118550000,15.7(-1.57 %),42000,659500000,240180,3778050000,11037605,43.99
03/05/2019,0,0,15.65(-0.32 %),0,0,0,0,11079605,43.97
06/05/2019,-2000,-31150000,15.65(0.00 %),0,0,2000,31150000,11137805,43.95
07/05/2019,1000,15600000,15.8(0.96 %),1000,15600000,0,0,11080605,43.97
08/05/2019,-61160,-971136000,15.85(0.32 %),26010,410508500,87170,1381644500,11141765,43.95
09/05/2019,-171930,-2783786500,16.25(2.52 %),133050,2122138500,304980,4905925000,11313695,43.87
10/05/2019,6000,98700000,16.45(1.23 %),21000,342750000,15000,244050000,11307695,43.87
13/05/2019,14240,232510000,16.5(0.30 %),33000,543930000,18760,311420000,11253095,43.89
14/05/2019,-59340,-969577500,16.45(-0.30 %),10660,175291000,70000,1144868500,11352795,43.85
15/05/2019,-116120,-1909771000,16.5(0.30 %),18000,296800000,134120,2206571000,11468915,43.8
16/05/2019,800,13412500,16.4(-0.61 %),10000,164000000,9200,150587500,11468115,43.8
17/05/2019,217530,3606300000,16.7(1.83 %),344780,5723510000,127250,2117210000,11278395,43.88
20/05/2019,-15590,-259680000,16.65(-0.30 %),50,840000,15640,260520000,11412465,43.82
21/05/2019,6000,98720000,16.6(-0.30 %),16000,264500000,10000,165780000,11405673,43.83
22/05/2019,88360,1480730000,16.7(0.60 %),181360,3031030000,93000,1550300000,11351563,43.85
23/05/2019,-39220,-646730000,16.55(-0.90 %),1780,29720000,41000,676450000,11365423,43.84
24/05/2019,-73060,-1197990000,16.35(-1.21 %),0,0,73060,1197990000,11375423,43.84
27/05/2019,20270,331039500,16.35(0.00 %),30270,493914500,10000,162875000,11355153,43.85
28/05/2019,-5440,-87762000,16.2(-0.92 %),24560,398072000,30000,485834000,11360593,43.85
29/05/2019,52660,851400000,16.15(-0.31 %),62660,1011580000,10000,160180000,11464993,43.8
30/05/2019,1500,24900000,16.15(0.00 %),11500,185650000,10000,160750000,11463493,43.8
31/05/2019,74000,1182000000,16(-0.93 %),74000,1182000000,0,0,11419493,43.82
03/06/2019,-209050,-3304806500,15.5(-3.12 %),120000,1860000000,329050,5164806500,11309493,43.87
04/06/2019,-10930,-169580000,15.65(0.97 %),8300,129900000,19230,299480000,11311193,43.87
05/06/2019,-3690,-59100000,15.7(0.32 %),310,4900000,4000,64000000,11310883,43.87
06/06/2019,4200,65490000,15.75(0.32 %),4200,65490000,0,0,11635733,43.72
07/06/2019,0,0,15.9(0.95 %),0,0,0,0,11654963,43.71
10/06/2019,-11300,-180050000,15.85(-0.31 %),0,0,11300,180050000,11331213,43.86
11/06/2019,4940,79949000,15.95(0.63 %),15000,239250000,10060,159301000,11326273,43.86
12/06/2019,-22400,-354275500,16(0.31 %),6000,95100000,28400,449375500,11666363,43.71
13/06/2019,-10000,-155587500,15.6(-2.50 %),0,0,10000,155587500,11676363,43.7
14/06/2019,-12500,-187430000,15.6(0.00 %),30000,468000000,42500,655430000,11629323,43.72
17/06/2019,-40030,-615984500,15.2(-2.56 %),3000,45600000,43030,661584500,11728893,43.68
18/06/2019,-29020,-436622500,15.45(1.64 %),7000,107250000,36020,543872500,11757913,43.67
19/06/2019,-7000,-106890000,15.4(-0.32 %),5000,77000000,12000,183890000,11695223,43.69
20/06/2019,10,155500,15.55(0.97 %),10,155500,0,0,11764903,43.66
21/06/2019,17500,272610000,15.6(0.32 %),26000,404750000,8500,132140000,11748263,43.67
24/06/2019,41010,641340500,15.55(-0.32 %),56010,873205500,15000,231865000,11706393,43.69
25/06/2019,24320,375618000,15.5(-0.32 %),30520,471408000,6200,95790000,11682073,43.7
26/06/2019,26500,409200000,15.45(-0.32 %),26500,409200000,0,0,11655734,43.71
27/06/2019,70000,1068435500,15.35(-0.65 %),70000,1068435500,0,0,11585573,43.74
28/06/2019,30000,460363000,15.4(0.33 %),30000,460363000,0,0,11555573,43.76
01/07/2019,10000,154250000,15.45(0.32 %),10000,154250000,0,0,11566934,43.75
02/07/2019,-183520,-2810940000,15.2(-1.62 %),16480,251820000,200000,3062760000,11550454,43.76
03/07/2019,-141520,-2119600000,15.1(-0.66 %),60630,912430000,202150,3032030000,11489824,43.79
04/07/2019,-164780,-2479150000,15.25(0.99 %),35220,532820000,200000,3011970000,11454604,43.8
05/07/2019,-582530,-8743857500,15.3(0.33 %),23570,359900000,606100,9103757500,12649284,43.26
08/07/2019,500,9585000,15.2(-0.65 %),20500,311600000,20000,302015000,12648784,43.26
09/07/2019,1420,25890000,15.15(-0.33 %),37920,572979000,36500,547089000,12647364,43.26
10/07/2019,26500,400475000,15.1(-0.33 %),26500,400475000,0,0,12620864,43.27
11/07/2019,0,0,15.15(0.33 %),0,0,0,0,12620864,43.27
12/07/2019,7300,109900000,14.95(-1.32 %),13500,203830000,6200,93930000,12597364,43.29
15/07/2019,0,0,14.95(0.00 %),0,0,0,0,12597364,43.29
16/07/2019,3000,45300000,15.1(1.00 %),3000,45300000,0,0,12610564,43.28
17/07/2019,-5000,-77000000,15.35(1.66 %),0,0,5000,77000000,12615564,43.28
18/07/2019,-4900,-74161500,15.25(-0.65 %),15100,230270000,20000,304431500,12620464,43.27
19/07/2019,-36420,-555630000,15.3(0.33 %),18500,282700000,54920,838330000,12566964,43.3
22/07/2019,-5900,-88500000,15(-1.96 %),0,0,5900,88500000,12571964,43.3
23/07/2019,-15090,-227858000,15(0.00 %),2500,37050000,17590,264908000,12677874,43.25
24/07/2019,0,0,14.95(-0.33 %),0,0,0,0,12644384,43.26
25/07/2019,2000,29550000,14.9(-0.33 %),3000,44450000,1000,14900000,12675874,43.25
26/07/2019,-9400,-138650000,14.9(0.00 %),0,0,9400,138650000,12664874,43.25
29/07/2019,13000,190200000,14.85(-0.34 %),20000,294000000,7000,103800000,12672274,43.25
30/07/2019,13830,202610000,14.8(-0.34 %),13830,202610000,0,0,12632044,43.27
31/07/2019,20000,292000000,14.8(0.00 %),20000,292000000,0,0,12621444,43.27
01/08/2019,-27770,-409610000,14.75(-0.34 %),10000,147500000,37770,557110000,12618444,43.28
02/08/2019,19000,283204000,14.8(0.34 %),35000,516500000,16000,233296000,12609444,43.28
05/08/2019,-35880,-529430000,14.75(-0.34 %),2000,29300000,37880,558730000,12645324,43.26
06/08/2019,-540,-7780000,14.7(-0.34 %),0,0,540,7780000,12619214,43.28
07/08/2019,17000,249800000,14.65(-0.34 %),32000,468300000,15000,218500000,12628864,43.27
08/08/2019,-40610,-586182000,14.6(-0.34 %),0,0,40610,586182000,12669474,43.25
09/08/2019,-37900,-553320000,14.6(0.00 %),900,13050000,38800,566370000,12640734,43.27
12/08/2019,-10000,-146000000,14.6(0.00 %),0,0,10000,146000000,12655734,43.26
13/08/2019,10,140000,14.5(-0.68 %),10,140000,0,0,12696334,43.24
14/08/2019,-15000,-217250000,14.5(0.00 %),0,0,15000,217250000,12732364,43.22
15/08/2019,850,7060000,14.65(1.03 %),20000,287607500,19150,280547500,12731514,43.22
16/08/2019,-276560,-4147120000,14.7(0.34 %),10000,150000000,286560,4297120000,12715134,43.23
19/08/2019,-33830,-501000000,14.7(0.00 %),0,0,33830,501000000,12730134,43.22
20/08/2019,-18450,-270980000,14.65(-0.34 %),12100,177830000,30550,448810000,12737184,43.22
21/08/2019,-71000,-1036850000,14.55(-0.68 %),0,0,71000,1036850000,13131354,43.04
22/08/2019,-23500,-343050000,14.6(0.34 %),1500,21750000,25000,364800000,13056074,43.08
23/08/2019,-15520,-223406000,14.4(-1.37 %),2300,33580000,17820,256986000,13170374,43.03
26/08/2019,-5000,-71000000,14.3(-0.69 %),0,0,5000,71000000,13175374,43.02
27/08/2019,-149000,-2096145500,13.95(-2.45 %),1000,14150000,150000,2110295500,13324374,42.96
28/08/2019,-300000,-4050000000,14.05(0.72 %),0,0,300000,4050000000,13197144,43.01
29/08/2019,-465420,-6165640000,14(-0.36 %),46000,642080000,511420,6807720000,13156144,43.03
30/08/2019,57540,803167000,14(0.00 %),75000,1045028000,17460,241861000,13732254,42.77
03/09/2019,-155700,-2144659000,13.9(-0.71 %),0,0,155700,2144659000,13531144,42.86
04/09/2019,-211950,-2892250000,13.8(-0.72 %),13500,184280000,225450,3076530000,14029064,42.64
05/09/2019,-80000,-1095348500,13.75(-0.36 %),0,0,80000,1095348500,13823094,42.73
06/09/2019,-242210,-3242270000,13.75(0.00 %),200,2600000,242410,3244870000,14202024,42.56
09/09/2019,-125630,-1703110000,13.8(0.36 %),500,6780000,126130,1709890000,14426974,42.46
10/09/2019,-172270,-2325500000,13.75(-0.36 %),0,0,172270,2325500000,14506974,42.42
11/09/2019,0,0,14(1.82 %),0,0,0,0,14363204,42.48
12/09/2019,-43460,-606634000,14(0.00 %),3000,41975000,46460,648609000,14406664,42.46
13/09/2019,5000,69468000,14.05(0.36 %),5000,70250000,0,782000,14401664,42.47
16/09/2019,-160150,-2272089000,14.1(0.36 %),1050,14962500,161200,2287051500,14665014,42.35
17/09/2019,-95250,-1334476000,13.9(-1.42 %),30,423000,95280,1334899000,14760264,42.3
18/09/2019,-62310,-870560000,14(0.72 %),0,0,62310,870560000,15188373,42.11
19/09/2019,-87100,-1214415000,14(0.00 %),0,0,87100,1214415000,14909674,42.24
20/09/2019,-58550,-817040000,13.95(-0.36 %),0,0,58550,817040000,15444853,41.99
23/09/2019,-44800,-626875000,13.95(0.00 %),2700,37800000,47500,664675000,15013024,42.19
24/09/2019,-39500,-550530000,13.95(0.00 %),0,0,39500,550530000,15591563,41.93
25/09/2019,-4710,-65490000,13.95(0.00 %),2000,27800000,6710,93290000,15648113,41.9
26/09/2019,-196320,-2802893000,14.25(2.15 %),0,0,196320,2802893000,15253554,42.08
27/09/2019,-103500,-1510081000,14.55(2.11 %),0,0,103500,1510081000,15357054,42.03
30/09/2019,-113230,-1649830000,14.45(-0.69 %),0,0,113230,1649830000,15741823,41.86
01/10/2019,-587990,-8352470000,14.15(-2.08 %),6010,85340000,594000,8437810000,15932133,41.77
02/10/2019,-390000,-5487180000,14.1(-0.35 %),10000,141500000,400000,5628680000,16025633,41.73
03/10/2019,-270000,-3763116000,14.1(0.00 %),10000,139500000,280000,3902616000,16488143,41.52
04/10/2019,-12500,-175480000,14.1(0.00 %),3000,42300000,15500,217780000,16719863,41.41
07/10/2019,-3500,-48650000,14(-0.71 %),0,0,3500,48650000,17119863,41.23
08/10/2019,-220000,-3042530000,14(0.00 %),0,0,220000,3042530000,17399863,41.11
09/10/2019,-38550,-535117000,13.95(-0.36 %),1510,20989000,40060,556106000,16762693,41.4
10/10/2019,-19910,-274414000,13.95(0.00 %),100,1390000,20010,275804000,16782603,41.39
11/10/2019,-220470,-3033290000,13.9(-0.36 %),6420,88720000,226890,3122010000,17630833,41.0
14/10/2019,-10000,-137450000,13.5(-2.88 %),0,0,10000,137450000,17670893,40.98
15/10/2019,-8220,-111481000,13.8(2.22 %),410,5555500,8630,117036500,17021293,41.28
16/10/2019,-7410,-101180000,13.8(0.00 %),590,8020000,8000,109200000,17916793,40.87
17/10/2019,0,0,13.7(-0.72 %),0,0,0,0,17028703,41.27
18/10/2019,-42800,-579720000,13.6(-0.73 %),0,0,42800,579720000,17935423,40.86
21/10/2019,-15000,-201950000,13.75(1.10 %),0,0,15000,201950000,17943423,40.86
22/10/2019,-10620,-144080000,13.75(0.00 %),380,5190000,11000,149270000,17943049,40.86
23/10/2019,23660,324152000,13.75(0.00 %),31260,428262000,7600,104110000,17073463,41.25
24/10/2019,-131260,-1777716000,13.75(0.00 %),26740,367475000,158000,2145191000,17204723,41.19
25/10/2019,-305130,-4131680000,13.5(-1.82 %),0,0,305130,4131680000,17953849,40.86
28/10/2019,-61430,-830300000,13.6(0.74 %),30000,408000000,91430,1238300000,17931449,40.87
29/10/2019,-213620,-2884740000,13.6(0.00 %),2500,33630000,216120,2918370000,18086949,40.79
30/10/2019,-160220,-2166072000,13.6(0.00 %),2500,33700000,162720,2199772000,17945123,40.86
31/10/2019,0,0,13.6(0.00 %),0,0,0,0,18481009,40.62
01/11/2019,11000,149400000,13.7(0.74 %),13000,176800000,2000,27400000,18684129,40.52
04/11/2019,20,274500,13.75(0.36 %),20,274500,0,0,18697109,40.52
05/11/2019,-6500,-89050000,13.8(0.36 %),0,0,6500,89050000,18846832,40.45
06/11/2019,-25610,-353820000,13.8(0.00 %),100020,1380270000,125630,1734090000,18748812,40.49
07/11/2019,-185850,-2591885000,14.1(2.17 %),150,2100000,186000,2593985000,18915069,40.42
08/11/2019,-245330,-3487510000,14.2(0.71 %),5680,80580000,251010,3568090000,18749482,40.49
11/11/2019,27740,385730000,14.2(0.00 %),200000,2825000000,172260,2439270000,18675112,40.53
12/11/2019,-144450,-2040980000,14.15(-0.35 %),1550,21860000,146000,2062840000,18859562,40.44
13/11/2019,-58490,-823960000,14.1(-0.35 %),1510,21220000,60000,845180000,19109062,40.33
14/11/2019,-61800,-865110000,14.1(0.00 %),300,4190000,62100,869300000,19281022,40.25
15/11/2019,135770,1910658000,14.2(0.71 %),135770,1910658000,0,0,19261629,40.26
18/11/2019,152240,2144550000,14(-1.41 %),152240,2144550000,0,0,19199012,40.29
19/11/2019,-5150,-72290000,14.05(0.36 %),1000,13950000,6150,86240000,19260112,40.26
20/11/2019,126990,1783088500,14(-0.36 %),130000,1825379000,3010,42290500,18987549,40.39
21/11/2019,98930,1381573500,14(0.00 %),120500,1682475000,21570,300901500,18888619,40.43
22/11/2019,-1440,-20020000,14(0.00 %),0,0,1440,20020000,19015762,40.37
25/11/2019,10,140000,13.95(-0.36 %),10,140000,0,0,19018762,40.37
26/11/2019,120150,1676100000,14(0.36 %),120150,1676100000,0,0,18920182,40.42
27/11/2019,228560,3186506500,13.95(-0.36 %),230000,3206594500,1440,20088000,18541339,40.59
28/11/2019,2150,30000000,13.9(-0.36 %),4800,66840000,2650,36840000,18686822,40.52
29/11/2019,500,6870000,13.85(-0.36 %),500,6870000,0,0,18686322,40.52
02/12/2019,-15400,-213210000,13.85(0.00 %),1620,22220000,17020,235430000,18686142,40.52
03/12/2019,-7620,-104613000,13.8(-0.36 %),380,5187000,8000,109800000,18695382,40.52
04/12/2019,-10830,-148821000,13.85(0.36 %),100,1370000,10930,150191000,18706212,40.51
05/12/2019,-7700,-105990000,13.85(0.00 %),300,4110000,8000,110100000,18705032,40.51
06/12/2019,18710,259130000,13.85(0.00 %),19670,272430000,960,13300000,18693362,40.52
09/12/2019,-340,-4740000,13.85(0.00 %),400,5510000,740,10250000,18703892,40.51
10/12/2019,110,1524000,13.9(0.36 %),110,1524000,0,0,18695432,40.52
11/12/2019,-23370,-324010000,13.9(0.00 %),0,0,23370,324010000,18712742,40.51
12/12/2019,-20250,-281108500,14.45(3.96 %),2000,27600000,22250,308708500,18739052,40.5
13/12/2019,-74040,-1048220000,14.35(-0.69 %),0,0,74040,1048220000,18711482,40.51
16/12/2019,-7200,-103120000,14.35(0.00 %),3800,54530000,11000,157650000,18731052,40.5
17/12/2019,-25950,-373102000,14.45(0.70 %),210,2982000,26160,376084000,18846242,40.45
18/12/2019,2740,39333500,14.5(0.35 %),23270,335944500,20530,296611000,18843502,40.45
19/12/2019,31650,460507500,14.55(0.34 %),271340,3937012500,239690,3476505000,18811852,40.47
20/12/2019,-268050,-3795120000,14.5(-0.34 %),2000,28100000,270050,3823220000,18787372,40.48
23/12/2019,0,0,14.5(0.00 %),0,0,0,0,18807902,40.47
24/12/2019,-47950,-690160000,14.4(-0.69 %),13200,190240000,61150,880400000,18814702,40.46
25/12/2019,40,569500,14.45(0.35 %),110,1567000,70,997500,19127812,40.32
26/12/2019,100,1420000,14.4(-0.35 %),100,1420000,0,0,19127712,40.32
27/12/2019,19500,280670500,14.4(0.00 %),19500,280670500,0,0,19108212,40.33
30/12/2019,-47950,-690159500,14.35(-0.35 %),13200,190243000,61150,880402500,19156162,40.31
31/12/2019,0,0,14.4(0.35 %),0,0,0,0,19156162,40.31
02/01/2020,-2300,-33958000,14.45(0.35 %),7700,110491000,10000,144449000,19086842,40.34
03/01/2020,26820,386208000,14.4(-0.35 %),26820,386208000,0,0,19060022,40.35
06/01/2020,40,620500,14.3(-0.69 %),11040,156770500,11000,156150000,19059982,40.35
07/01/2020,3100,44330000,14.3(0.00 %),3100,44330000,0,0,19056882,40.35
08/01/2020,-23040,-320362000,14.1(-1.40 %),760,10636000,23800,330998000,19079922,40.34
09/01/2020,-11220,-159890000,14.25(1.06 %),0,0,11220,159890000,19058422,40.35
10/01/2020,-1380,-19710000,14.3(0.35 %),7650,109400000,9030,129110000,19050772,40.36
13/01/2020,5120,73393500,14.3(0.00 %),8720,125053500,3600,51660000,19087402,40.34
14/01/2020,400,5720000,14.25(-0.35 %),400,5720000,0,0,19087002,40.34
15/01/2020,-5000,-71250000,14.2(-0.35 %),0,0,5000,71250000,19085702,40.34
16/01/2020,-19800,-284520000,14.4(1.41 %),490,6960000,20290,291480000,19088812,40.34
17/01/2020,-70000,-1009250000,14.45(0.35 %),0,0,70000,1009250000,19088812,40.34
20/01/2020,27560,399570000,14.45(0.00 %),27560,399570000,0,0,19066252,40.35
21/01/2020,-6620,-96050000,14.5(0.35 %),600,8640000,7220,104690000,19085942,40.34
22/01/2020,1540,22134000,15.1(4.14 %),9070,133952500,7530,111818500,19084402,40.34
30/01/2020,-29240,-432723000,14.95(-0.99 %),3360,49912000,32600,482635000,19113642,40.33
31/01/2020,-14590,-212100000,14.7(-1.67 %),8590,126080000,23180,338180000,19142142,40.32
03/02/2020,-347190,-4787156000,14(-4.76 %),140670,1934196000,487860,6721352000,19149672,40.31
04/02/2020,-158310,-2144089000,14(0.00 %),195190,2655352500,353500,4799441500,19307982,40.24
05/02/2020,9710,132959500,14.1(0.71 %),10000,137000000,290,4040500,19298272,40.25
06/02/2020,17110,244310000,14.1(0.00 %),40460,571787000,23350,327477000,19281162,40.25
07/02/2020,-27120,-377000000,14.05(-0.35 %),0,0,27120,377000000,19660492,40.08
10/02/2020,960,13300000,13.85(-1.42 %),960,13300000,0,0,19659822,40.08
11/02/2020,-40,-566000,14.15(2.17 %),0,0,40,566000,19307362,40.24
12/02/2020,67640,946630000,14.3(1.06 %),77660,1086920000,10020,140290000,19632632,40.09
13/02/2020,0,0,14.15(-1.05 %),0,0,0,0,19239722,40.27
14/02/2020,-41400,-575504000,14.2(0.35 %),6160,86020000,47560,661524000,19281122,40.25
17/02/2020,1320,13690000,14.3(0.70 %),50920,715030000,49600,701340000,19585604,40.11
18/02/2020,-247590,-3436460000,14.2(-0.70 %),124410,1762290000,372000,5198750000,19461194,40.17
19/02/2020,-85000,-1183200000,14.2(0.00 %),0,0,85000,1183200000,19508754,40.15
20/02/2020,-93600,-1304204500,14.1(-0.70 %),0,0,93600,1304204500,19705992,40.06
21/02/2020,-28970,-401419000,14.05(-0.35 %),3030,42016500,32000,443435500,19734962,40.05
24/02/2020,-131980,-1785500000,13.55(-3.56 %),0,0,131980,1785500000,20012324,39.92
25/02/2020,-108020,-1467560000,13.7(1.11 %),0,0,108020,1467560000,20105924,39.88
26/02/2020,-69840,-932310000,13.65(-0.36 %),0,0,69840,932310000,20137924,39.86
27/02/2020,-54110,-724725000,13.7(0.37 %),10,136000,54120,724861000,20098912,39.88
28/02/2020,-30960,-411686500,13.5(-1.46 %),0,0,30960,411686500,20129872,39.87
02/03/2020,-30000,-398361500,13.5(0.00 %),0,0,30000,398361500,20457104,39.72
03/03/2020,-233150,-3126416000,13.8(2.22 %),540,7226000,233690,3133642000,20690254,39.61
04/03/2020,-229000,-3085181000,13.75(-0.36 %),1000,13475000,230000,3098656000,20919254,39.51
05/03/2020,-29500,-402169500,13.75(0.00 %),500,6850000,30000,409019500,20948754,39.5
06/03/2020,-29500,-399725000,13.75(0.00 %),500,6775000,30000,406500000,20978254,39.48
09/03/2020,-151500,-1950335500,13.5(-1.82 %),30000,385500000,181500,2335835500,21129754,39.41
10/03/2020,-86930,-1144484500,13.5(0.00 %),101000,1334376000,187930,2478860500,21216684,39.37
11/03/2020,-40750,-506190000,14.4(6.67 %),30000,432000000,70750,938190000,20932334,39.5
12/03/2020,20960,280610000,13.4(-6.94 %),50000,670000000,29040,389390000,21063834,39.44
13/03/2020,-267780,-3402613500,13.3(-0.75 %),52010,690125000,319790,4092738500,21504254,39.24
16/03/2020,-217740,-2775901000,13.2(-0.75 %),98000,1262001500,315740,4037902500,21721994,39.15
17/03/2020,-40700,-474465000,13.2(0.00 %),69600,912333000,110300,1386798000,21762694,39.13
18/03/2020,-35270,-438722500,13(-1.52 %),70500,920811500,105770,1359534000,21797964,39.11
19/03/2020,-86690,-1078500000,12.95(-0.38 %),20300,262350000,106990,1340850000,21676674,39.17
20/03/2020,900,20883000,12.7(-1.93 %),70900,902723000,70000,881840000,21832334,39.1
23/03/2020,-17350,-206000000,11.85(-6.69 %),10000,118500000,27350,324500000,21811844,39.1
24/03/2020,-36430,-388020000,11.5(-2.95 %),72160,828650000,108590,1216670000,21846674,39.09
25/03/2020,-146550,-1655564500,11.7(1.74 %),100770,1171272500,247320,2826837000,22032664,39.0
26/03/2020,-124320,-1344980000,11.5(-1.71 %),174340,1953320000,298660,3298300000,21668917,39.17
27/03/2020,40330,479905500,11.45(-0.43 %),162100,1804612000,121770,1324706500,22116654,38.97
30/03/2020,103920,1173700000,11.35(-0.87 %),114760,1290740000,10840,117040000,21747967,39.13
31/03/2020,-23940,-260000000,11.35(0.00 %),91800,1028350000,115740,1288350000,21954827,39.04
01/04/2020,-153210,-1709421500,11.1(-2.20 %),240,2688000,153450,1712109500,22076597,38.98
03/04/2020,-106060,-1176060000,11.15(0.45 %),76440,861130000,182500,2037190000,22010757,39.01
06/04/2020,-590740,-6670625500,11.4(2.24 %),153510,1732401500,744250,8403027000,22773397,38.67
07/04/2020,-340480,-3760660000,11.3(-0.88 %),82930,927700000,423410,4688360000,22043507,39.0
08/04/2020,-387530,-4199503500,11(-2.65 %),43000,475319500,430530,4674823000,23501407,38.34
09/04/2020,-131230,-1489788500,11.5(4.55 %),32120,365971000,163350,1855759500,23632637,38.28
10/04/2020,-289120,-3265824000,11.5(0.00 %),90880,1043560000,380000,4309384000,23921757,38.15
13/04/2020,-397290,-4559152500,11.35(-1.30 %),12070,139667500,409360,4698820000,24319047,37.97
14/04/2020,-120670,-1352560000,11.25(-0.88 %),0,0,120670,1352560000,23809477,38.2
15/04/2020,27390,314113500,11.35(0.89 %),27390,314113500,0,0,24412327,37.93
16/04/2020,-31830,-361510000,11.7(3.08 %),61940,718890000,93770,1080400000,24509507,37.88
17/04/2020,-202760,-2436260000,12.25(4.70 %),138390,1680400000,341150,4116660000,24491787,37.89
20/04/2020,-312780,-3742080000,11.8(-3.67 %),46600,558680000,359380,4300760000,24445187,37.91
21/04/2020,-548140,-6109360000,11(-6.78 %),54080,598360000,602220,6707720000,24484877,37.89
22/04/2020,-537490,-5789600000,11.15(1.36 %),44900,499360000,582390,6288960000,24781127,37.76
23/04/2020,-266570,-2947932500,11.1(-0.45 %),75000,830575000,341570,3778507500,26311897,37.06
24/04/2020,-264680,-2875300000,10.9(-1.80 %),56000,612260000,320680,3487560000,25611727,37.38
27/04/2020,-51480,-563820000,10.95(0.46 %),320,3540000,51800,567360000,26193797,37.12
28/04/2020,-409300,-4402660000,10.85(-0.91 %),58650,636410000,467950,5039070000,26476717,36.99
29/04/2020,58670,645480000,10.95(0.92 %),78670,861910000,20000,216430000,26718727,36.88
04/05/2020,-18050,-194230000,10.75(-1.83 %),22000,236800000,40050,431030000,26770527,36.86
05/05/2020,-9850,-104030000,10.7(-0.47 %),40150,431110000,50000,535140000,27176327,36.67
06/05/2020,-56540,-603600000,10.9(1.87 %),41050,444480000,97590,1048080000,27155277,36.68
07/05/2020,-69400,-754590000,11(0.92 %),65600,718260000,135000,1472850000,27129727,36.69
08/05/2020,-92390,-1037437500,11.15(1.36 %),27610,311232500,120000,1348670000,26998707,36.75
11/05/2020,-9840,-111390000,11.8(5.83 %),22830,266130000,32670,377520000,27226877,36.65
12/05/2020,-570190,-6910846000,12.25(3.81 %),7960,95191000,578150,7006037000,27578737,36.49
13/05/2020,-266280,-3216490000,12.05(-1.63 %),4220,50851000,270500,3267341000,27845017,36.37
14/05/2020,-109800,-1320500000,12.25(1.66 %),93470,1130030000,203270,2450530000,27408897,36.57
15/05/2020,-150880,-1827090000,11.95(-2.45 %),22390,268160000,173270,2095250000,27964657,36.31
18/05/2020,-158420,-1885140000,12(0.42 %),41490,495440000,199910,2380580000,28193667,36.21
19/05/2020,-5670,-68650000,12.2(1.67 %),20060,246860000,25730,315510000,28376877,36.13
20/05/2020,-13990,-168969500,12.2(0.00 %),6010,72430500,20000,241400000,28283777,36.17
21/05/2020,-22330,-269500000,12.1(-0.82 %),0,0,22330,269500000,28744047,35.96
22/05/2020,-107920,-1344198000,12.4(2.48 %),6510,80928500,114430,1425126500,28414027,36.11
25/05/2020,-133640,-1685159000,12.65(2.02 %),20800,261781500,154440,1946940500,28547667,36.05
26/05/2020,-100010,-1310590000,13.15(3.95 %),39990,521460000,140000,1832050000,28744807,35.96
27/05/2020,-27850,-362070000,12.75(-3.04 %),66610,876570000,94460,1238640000,28792627,35.94
28/05/2020,4180,57110000,12.75(0.00 %),44180,564920000,40000,507810000,28902887,35.89
29/05/2020,196750,2519350000,12.75(0.00 %),237750,3036790000,41000,517440000,28805137,35.93
01/06/2020,10910,142015000,13(1.96 %),50910,657936500,40000,515921500,28899597,35.89
02/06/2020,21870,283470000,12.9(-0.77 %),62210,804380000,40340,520910000,28826477,35.92
03/06/2020,-39570,-508610000,12.95(0.39 %),6060,77950000,45630,586560000,28861417,35.91
04/06/2020,-133210,-1802701000,13.6(5.02 %),44340,603416500,177550,2406117500,29050507,35.82
05/06/2020,126170,1739210000,13.75(1.10 %),166170,2285210000,40000,546000000,28731247,35.97
08/06/2020,-50480,-707569500,14(1.82 %),32790,462089000,83270,1169658500,29100987,35.8
09/06/2020,-79400,-1089740000,13.65(-2.50 %),63110,870190000,142510,1959930000,28858527,35.91
10/06/2020,32550,467250000,13.75(0.73 %),194550,2654160000,162000,2186910000,28703977,35.98
11/06/2020,-77300,-1064517500,13(-5.45 %),100630,1319735500,177930,2384253000,29145737,35.78
12/06/2020,16490,228049500,12.9(-0.77 %),140490,1791794000,124000,1563744500,29129247,35.79
15/06/2020,-48060,-596200000,12.2(-5.43 %),94740,1159560000,142800,1755760000,28755897,35.95
16/06/2020,163450,2118080000,13.05(6.97 %),163480,2118460000,30,380000,28770347,35.95
17/06/2020,11480,151830000,13.05(0.00 %),51670,672880000,40190,521050000,28842677,35.92
18/06/2020,-11110,-137110000,12.9(-1.15 %),67720,875740000,78830,1012850000,28917757,35.88
19/06/2020,53140,703530000,13.2(2.33 %),93140,1223590000,40000,520060000,28824647,35.92
22/06/2020,10720,142670000,13.2(0.00 %),52300,688820000,41580,546150000,28812537,35.93
23/06/2020,-15180,-207667000,13.8(4.55 %),49700,678885000,64880,886552000,28964807,35.86
24/06/2020,-29150,-401520000,13.55(-1.81 %),53500,727090000,82650,1128610000,28834467,35.92
25/06/2020,76030,1029650000,13.6(0.37 %),76030,1029650000,0,0,28917927,35.88
26/06/2020,-5070,-67273000,13.65(0.37 %),47140,642523000,52210,709796000,28922997,35.88
29/06/2020,103040,1354160000,13.15(-3.66 %),174000,2291650000,70960,937490000,28726407,35.97
30/06/2020,122560,1611690000,13.15(0.00 %),143500,1884380000,20940,272690000,28582907,36.03
01/07/2020,-17830,-230944000,13.2(0.38 %),24130,316900000,41960,547844000,28635117,36.01
02/07/2020,-10000,-128200000,13.05(-1.14 %),30000,391500000,40000,519700000,28651947,36.0
03/07/2020,-35840,-464646000,13(-0.38 %),12100,157318000,47940,621964000,28680957,35.99
06/07/2020,-27420,-356840000,13.2(1.54 %),12580,166260000,40000,523100000,28690162,35.98
07/07/2020,19780,266370000,13.15(-0.38 %),72700,965020000,52920,698650000,28657462,36.0
08/07/2020,-137550,-1795760000,13.1(-0.38 %),10000,131000000,147550,1926760000,28695402,35.98
09/07/2020,-9630,-126893500,13.3(1.53 %),30370,401952500,40000,528846000,28835777,35.92
10/07/2020,320,10760000,13.15(-1.13 %),42580,570063500,42260,559303500,28835457,35.92
13/07/2020,-38490,-507767000,13.3(1.14 %),70270,925550500,108760,1433317500,28873947,35.9
14/07/2020,-135110,-1795570000,13.5(1.50 %),29000,388360000,164110,2183930000,28863922,35.91
15/07/2020,-129640,-1751591500,13.4(-0.74 %),28110,377485000,157750,2129076500,29138697,35.78
16/07/2020,-43230,-574531000,13.3(-0.75 %),10000,133000000,53230,707531000,29181927,35.76
17/07/2020,-27500,-362935000,13.25(-0.38 %),13500,179050000,41000,541985000,29209427,35.75
20/07/2020,-72210,-921520000,12.7(-4.15 %),14100,179800000,86310,1101320000,29210822,35.75
21/07/2020,-153640,-1951737000,12.65(-0.39 %),440,5603000,154080,1957340000,29435277,35.65
22/07/2020,-71390,-904000000,12.5(-1.19 %),40000,500000000,111390,1404000000,29264612,35.72
23/07/2020,18890,255483000,12.55(0.40 %),140000,1742283500,121110,1486800500,29487777,35.62
24/07/2020,126090,1515600000,12(-4.38 %),184700,2220680000,58610,705080000,29180302,35.76
27/07/2020,68260,769530000,11.2(-6.67 %),95260,1073380000,27000,303850000,29196432,35.75
28/07/2020,77010,893860000,11.65(4.02 %),77010,893860000,0,0,29240532,35.73
29/07/2020,106730,1198470000,11.35(-2.58 %),116000,1299420000,9270,100950000,29183142,35.76
30/07/2020,136760,1563850000,11.45(0.88 %),184900,2109150000,48140,545300000,29025242,35.83
31/07/2020,-58750,-651652500,11.2(-2.18 %),40250,448062500,99000,1099715000,29061707,35.82
03/08/2020,-92650,-1045010000,11.35(1.34 %),29150,328080000,121800,1373090000,28965112,35.86
04/08/2020,344610,3946990000,11.5(1.32 %),567610,6500300000,223000,2553310000,28445642,36.1
05/08/2020,-19680,-227332000,11.6(0.87 %),20320,235803500,40000,463135500,28669332,35.99
06/08/2020,-164310,-1892430000,11.45(-1.29 %),24340,278980000,188650,2171410000,28621776,36.02
07/08/2020,-74500,-850700000,11.45(0.00 %),1100,12620000,75600,863320000,28843676,35.91
10/08/2020,-491260,-5494783000,11.5(0.44 %),81000,938600000,572260,6433383000,29399402,35.66
11/08/2020,-19510,-224590000,11.65(1.30 %),20490,238451500,40000,463041500,29418912,35.65
12/08/2020,-52760,-613281000,11.7(0.43 %),0,0,52760,613281000,29471672,35.63
13/08/2020,-556630,-6336700000,11.75(0.43 %),10960,128270000,567590,6464970000,29607736,35.57
14/08/2020,-2420,-28566000,11.6(-1.28 %),250000,2762000000,252420,2790566000,30030722,35.38
17/08/2020,-13290,-151970000,11.6(0.00 %),11300,130520000,24590,282490000,29669196,35.54
18/08/2020,-3560,-40884500,11.4(-1.72 %),1110,12820500,4670,53705000,30047572,35.37
19/08/2020,-45150,-516120000,11.6(1.75 %),210,2430000,45360,518550000,30257886,35.27
20/08/2020,-25670,-294156500,11.5(-0.86 %),7500,86250000,33170,380406500,30118392,35.34
21/08/2020,-1670,-19484500,11.6(0.87 %),20000,230500000,21670,249984500,30120062,35.34
24/08/2020,-27530,-323540000,11.85(2.16 %),22330,264100000,49860,587640000,30282676,35.26
25/08/2020,-18440,-219466000,11.85(0.00 %),34560,411432000,53000,630898000,30166032,35.31
26/08/2020,-7500,-90412500,11.95(0.84 %),25500,302450000,33000,392862500,30173532,35.31
27/08/2020,55340,661780000,11.95(0.00 %),65540,783510000,10200,121730000,30261776,35.27
28/08/2020,-53820,-659012000,12.15(1.67 %),46180,565988000,100000,1225000000,30172012,35.31
31/08/2020,17810,215620000,12.05(-0.82 %),20610,249770000,2800,34150000,30280986,35.26
01/09/2020,1110,13460000,12.15(0.83 %),1120,13580000,10,120000,30290066,35.26
03/09/2020,4730,57706000,12.15(0.00 %),4730,57706000,0,0,30286456,35.26
04/09/2020,38710,465060000,12.25(0.82 %),39830,478590000,1120,13530000,30348306,35.23
07/09/2020,-72130,-907800000,12.15(-0.82 %),36000,442750000,108130,1350550000,30312316,35.25
08/09/2020,8990,110220000,12.35(1.65 %),8990,110220000,0,0,30303606,35.25
09/09/2020,36130,442920000,12.35(0.00 %),39430,483350000,3300,40430000,30265296,35.27
10/09/2020,870,10833500,12.45(0.81 %),870,10833500,0,0,30273886,35.27
11/09/2020,10640,132440000,12.5(0.40 %),10640,132440000,0,0,30362196,35.23
14/09/2020,43880,553890000,12.65(1.20 %),54540,688210000,10660,134320000,30310956,35.25
15/09/2020,-80470,-1026462500,12.75(0.79 %),29600,374670000,110070,1401132500,30299836,35.25
16/09/2020,-618350,-7886547500,12.65(-0.78 %),53000,673100000,671350,8559647500,30918186,34.97
17/09/2020,1150,14590000,12.65(0.00 %),1150,14590000,0,0,30237866,35.28
18/09/2020,-810980,-10417417000,12.95(2.37 %),21770,279320500,832750,10696737500,31728016,34.61
21/09/2020,-819690,-10813530000,13.1(1.16 %),13310,175550000,833000,10989080000,30984206,34.94
22/09/2020,-976450,-12878530000,13.3(1.53 %),26550,349280000,1003000,13227810000,30957656,34.96
23/09/2020,-1349970,-18221150000,13.5(1.50 %),23030,311900000,1373000,18533050000,31768776,34.59
24/09/2020,238600,3217505000,13.45(-0.37 %),1500000,20247305000,1261400,17029800000,34635526,33.29
25/09/2020,95620,1262120000,13.4(-0.37 %),1500000,20128230000,1404380,18866110000,30605616,35.12
28/09/2020,99690,1399535000,13.75(2.61 %),1593340,21672324500,1493650,20272789500,34440216,33.38
29/09/2020,-20890,-296470000,13.5(-1.82 %),1000000,13644250000,1020890,13940720000,30646676,35.1
30/09/2020,-89210,-1221735000,13.5(0.00 %),404410,5442035000,493620,6663770000,34550316,33.33
01/10/2020,-1251970,-17739852500,14.25(5.56 %),98590,1381663000,1350560,19121515500,33140296,33.97
02/10/2020,-228060,-3225723000,14.25(0.00 %),28810,409019500,256870,3634742500,33368356,33.86
05/10/2020,122260,1741960000,15.2(6.67 %),326570,4795310000,204310,3053350000,34200836,33.48
06/10/2020,-64560,-997585000,15.4(1.32 %),25220,397795000,89780,1395380000,33310656,33.89
07/10/2020,-336700,-5182749000,15.35(-0.32 %),9620,147282500,346320,5330031500,33647356,33.74
08/10/2020,-97410,-1493580000,15.35(0.00 %),24610,376320000,122020,1869900000,35953131,32.69
09/10/2020,-66990,-1046409000,15.95(3.91 %),159900,2534311000,226890,3580720000,33811756,33.66
12/10/2020,-111460,-1764483500,15.8(-0.94 %),15230,246233000,126690,2010716500,33923216,33.61
13/10/2020,-33720,-521140000,15.45(-2.22 %),830,12830000,34550,533970000,36335291,32.52
14/10/2020,46370,721499000,15.85(2.59 %),90470,1405894000,44100,684395000,33910566,33.62
15/10/2020,-65550,-1031680000,15.85(0.00 %),7920,126300000,73470,1157980000,36590482,32.4
16/10/2020,-25900,-408868500,15.9(0.32 %),10000,159775000,35900,568643500,34002016,33.57
19/10/2020,-2160,-32700000,16(0.63 %),35240,568800000,37400,601500000,36623892,32.39
20/10/2020,56820,914730000,16(0.00 %),120980,1928950000,64160,1014220000,36576385,32.41
21/10/2020,52550,840389500,15.9(-0.62 %),63050,1008671500,10500,168282000,33894806,33.62
22/10/2020,148240,2355570000,16.05(0.94 %),182670,2892910000,34430,537340000,36403965,32.49
23/10/2020,49970,797091000,16(-0.31 %),110606,1763828200,60636,966737200,33696596,33.71
26/10/2020,234660,3693380000,15.6(-2.50 %),246800,3885680000,12140,192300000,36173561,32.59
27/10/2020,116140,1798300000,15.35(-1.60 %),7435040,114873340000,7318900,113075040000,36048301,32.65
28/10/2020,19220,282900500,14.85(-3.26 %),54210,812025000,34990,529124500,33326576,33.88
29/10/2020,90400,1341000000,15(1.01 %),90910,1348520000,510,7520000,35923061,32.7
30/10/2020,-113180,-1658892500,14.8(-1.33 %),77980,1151344500,191160,2810237000,33349356,33.87
02/11/2020,252860,3832400000,15.3(3.38 %),253460,3841330000,600,8930000,35670161,32.82
03/11/2020,141470,2176937500,15.35(0.33 %),256370,3944942000,114900,1768004500,35782151,32.77
04/11/2020,22480,352590500,15.85(3.26 %),25080,392630500,2600,40040000,35759671,32.78
05/11/2020,121420,1920035000,15.7(-0.95 %),144490,2283196000,23070,363161000,35638251,32.83
06/11/2020,91110,1428540000,15.75(0.32 %),107500,1685160000,16390,256620000,35443891,32.92
09/11/2020,17320,277139500,16.05(1.90 %),17320,277139500,0,0,35529821,32.88
10/11/2020,101080,1688290000,17.15(6.85 %),119380,1996480000,18300,308190000,35332861,32.97
11/11/2020,138830,2387360000,17.3(0.87 %),149330,2567500000,10500,180140000,35199921,33.03
12/11/2020,33270,572860000,17.3(0.00 %),43390,745910000,10120,173050000,35156531,33.05
13/11/2020,46230,806083500,17.3(0.00 %),49230,858012000,3000,51928500,35210411,33.03
16/11/2020,133520,2270840000,17(-1.73 %),184660,3142110000,51140,871270000,34951441,33.14
17/11/2020,23260,401280000,17.25(1.47 %),30860,530100000,7600,128820000,34930701,33.15
18/11/2020,101190,1790070000,17.7(2.61 %),101690,1798900000,500,8830000,34832011,33.2
19/11/2020,-38770,-675150000,17.45(-1.41 %),34070,597980000,72840,1273130000,34991211,33.13
20/11/2020,-409110,-7022459000,17.1(-2.01 %),49500,844545000,458610,7867004000,35400321,32.94
23/11/2020,11330,187540000,17.25(0.88 %),44760,762620000,33430,575080000,34762921,33.23
24/11/2020,-263850,-4529820000,17.15(-0.58 %),91150,1565220000,355000,6095040000,34744611,33.24
25/11/2020,-389460,-6703930000,17.2(0.29 %),130540,2264800000,520000,8968730000,35072681,33.09
26/11/2020,166780,2887750000,17.45(1.45 %),188520,3261940000,21740,374190000,34917591,33.16
27/11/2020,248720,4482527000,18.2(4.30 %),248720,4482527000,0,0,34657181,33.28
30/11/2020,15700,287290000,18.25(0.27 %),68560,1255020000,52860,967730000,35475311,32.91
01/12/2020,85040,1559169000,18.85(3.29 %),85360,1565143000,320,5974000,35497051,32.9
02/12/2020,42820,829182000,18.95(0.53 %),111160,2114485000,68340,1285303000,35454231,32.92
03/12/2020,-98610,-1871780000,19(0.26 %),79890,1520360000,178500,3392140000,35273671,33.0
04/12/2020,-114040,-2132410000,18.7(-1.58 %),14960,281670000,129000,2414080000,35259031,33.0
07/12/2020,10330,1982490000,19.2(2.67 %),24330,4632330000,14000,2649840000,35084071,33.08
08/12/2020,76880,1514995500,20(4.17 %),174540,3417540000,97660,1902544500,35486701,32.9
09/12/2020,-137750,-2780540000,20.1(0.50 %),65060,1321240000,202810,4101780000,35151971,33.05
10/12/2020,-159710,-3169420000,19.6(-2.49 %),25820,514030000,185530,3683450000,35266151,33.0
11/12/2020,269650,5518690000,20.4(4.08 %),409650,8258660000,140000,2739970000,34954161,33.14
14/12/2020,182890,3886870000,21.8(6.86 %),252350,5385370000,69460,1498500000,34904621,33.17
15/12/2020,-120570,-2754940000,22.9(5.05 %),23080,527600000,143650,3282540000,35067078,33.09
16/12/2020,-89980,-2065304500,22.85(-0.22 %),16900,387168000,106880,2452472500,35542171,32.88
17/12/2020,-112550,-2551160000,22.6(-1.09 %),48620,1109180000,161170,3660340000,35211018,33.03
18/12/2020,20,-5300000,24.15(6.86 %),9190,2136280000,9170,2141580000,35262768,33.0
21/12/2020,-10456,-2684520000,25.8(6.83 %),3641,938310000,14097,3622830000,35333238,32.97
22/12/2020,-963470,-25977290150,27.5(6.59 %),8150,222046750,971620,26199336900,36722551,32.34
23/12/2020,-20342,-5559850000,27.05(-1.64 %),966,262130000,21308,5821980000,35568288,32.86
24/12/2020,-8305,-2163170000,27(-0.18 %),2319,604070000,10624,2767240000,35686068,32.81
25/12/2020,-328270,-9409975500,28.85(6.85 %),231590,6646343000,559860,16056318500,37337291,32.06
28/12/2020,-885650,-26597431000,30(3.99 %),45620,1374643500,931270,27972074500,38222941,31.66
29/12/2020,-257000,-7632708000,29.8(-0.67 %),13770,413610500,270770,8046318500,38479941,31.54
30/12/2020,-33080,-9743620000,29.4(-1.34 %),3965,1165670000,37045,10909290000,37206238,32.12
31/12/2020,4796,1473270000,30(2.04 %),5346,1639820000,550,166550000,38084048,31.72
04/01/2021,-4330,-1339320000,30.6(2.00 %),3580,1109580000,7910,2448900000,38319018,31.62
05/01/2021,-2002000,-60427355000,30.1(-1.63 %),16100,490235000,2018100,60917590000,40321018,30.71
06/01/2021,-878800,-26636000000,29.95(-0.50 %),51300,1568885000,930100,28204885000,41199818,30.31
07/01/2021,-1864000,-55352530000,30(0.17 %),97000,2888625000,1961000,58241155000,43063818,29.46
08/01/2021,-1260500,-37512445000,29.6(-1.33 %),48500,1458370000,1309000,38970815000,44324318,28.89
11/01/2021,-428320,-123687460000,28.3(-4.39 %),4220,1219270000,432540,124906730000,41467157,30.19
12/01/2021,37470,11116130000,29.65(4.77 %),54670,16161010000,17200,5044880000,42881457,29.55
13/01/2021,-3050700,-88831480000,28.95(-2.36 %),293300,8545175000,3344000,97376655000,51283518,25.73
14/01/2021,-102770,-29807570000,30.7(6.04 %),22920,6847660000,125690,36655230000,47993261,27.23
15/01/2021,-168070,-52025700000,31.75(3.42 %),42680,13353980000,210750,65379680000,47738461,27.34
18/01/2021,-1849500,-58075560000,30.65(-3.46 %),53200,1677610000,1902700,59753170000,55841418,23.67
19/01/2021,-85010,-25323420000,28.55(-6.85 %),263091,80618140000,348101,105941560000,52274350,25.29
20/01/2021,14920,3983440000,28.2(-1.23 %),32470,8876080000,17550,4892640000,54057150,24.48
21/01/2021,-260700,-7266630000,28.95(2.66 %),170900,4907045000,431600,12173675000,56803018,11.77
22/01/2021,-1677300,-47575920000,27.95(-3.45 %),20900,592960000,1698200,48168880000,58480318,22.47
25/01/2021,-70990,-19223290000,27.9(-0.18 %),44460,12232730000,115450,31456020000,56361463,23.43
26/01/2021,-14630,-3857790000,26.1(-6.45 %),8310,2225670000,22940,6083460000,56709963,23.27
27/01/2021,-1650400,-40947470000,24.3(-6.90 %),481700,11976575000,2132100,52924045000,60986918,21.33
28/01/2021,35860,8175810000,22.6(-7.00 %),63240,14366140000,27380,6190330000,58448563,22.48
29/01/2021,87570,20151530000,23.45(3.76 %),91930,21149870000,4360,998340000,57758663,22.8
01/02/2021,134200,2980120000,21.9(-6.61 %),340300,7686775000,206100,4706655000,59890763,21.83
02/02/2021,456000,10149045000,23(5.02 %),470900,10486490000,14900,337445000,59434763,22.04
03/02/2021,-275400,-6601680000,24.6(6.96 %),23100,550690000,298500,7152370000,59710163,21.91
04/02/2021,-426200,-10734855000,25.5(3.66 %),60800,1538790000,487000,12273645000,60136363,21.72
05/02/2021,-114800,-2944495000,26.35(3.33 %),67300,1753285000,182100,4697780000,60251163,21.67
08/02/2021,-31600,-684640000,26(-1.33 %),224000,6018520000,255600,6703160000,60282763,21.65
09/02/2021,27060,7285570000,27.1(4.23 %),32100,8617800000,5040,1332230000,59707263,21.91
17/02/2021,-7230,-1981360000,28(3.32 %),21800,6057500000,29030,8038860000,59671363,21.93
18/02/2021,-14510,-4016830000,27.5(-1.79 %),10150,2810260000,24660,6827090000,59825463,21.86
19/02/2021,-85200,-2343680000,27.6(0.36 %),34200,948820000,119400,3292500000,60314763,21.64
22/02/2021,-20740,-5721630000,27.35(-0.91 %),7250,2008740000,27990,7730370000,60059463,21.75
23/02/2021,-169600,-46358650000,27.55(0.73 %),10210,2827740000,179810,49186390000,60203963,21.69
24/02/2021,3130,884680000,27.8(0.91 %),6570,1841700000,3440,957020000,60257694,21.66
25/02/2021,-306500,-8462530000,27.85(0.18 %),59900,1659380000,366400,10121910000,62493363,20.65
26/02/2021,-39400,-1077870000,27.7(-0.54 %),71100,1955570000,110500,3033440000,62532763,20.63
01/03/2021,261700,7530610000,29.2(5.42 %),264600,7613800000,2900,83190000,62239094,20.76
02/03/2021,-672500,-19490275000,29(-0.68 %),21700,629110000,694200,20119385000,62911594,20.46
03/03/2021,-17400,-5017310000,28.85(-0.52 %),1270,367080000,18670,5384390000,62416994,20.68
04/03/2021,-13370,-3763060000,27.7(-3.99 %),60,16530000,13430,3779590000,62419294,20.68
05/03/2021,-227000,-6170235000,27.5(-0.72 %),42500,1156485000,269500,7326720000,63446294,20.22
08/03/2021,80200,2309540000,28.7(4.36 %),159000,4571040000,78800,2261500000,63366094,20.25
09/03/2021,-97500,-2744870000,28.25(-1.57 %),28200,797880000,125700,3542750000,63463594,20.21
10/03/2021,-10280,-2886390000,28.7(1.59 %),1390,389320000,11670,3275710000,63460474,20.21
11/03/2021,-14520,-4083450000,29.8(3.83 %),53270,15822790000,67790,19906240000,63286594,20.29
12/03/2021,-15920,-4704990000,29.4(-1.34 %),1230,363140000,17150,5068130000,63399994,20.24
15/03/2021,-14790,-4314490000,29.1(-1.02 %),30,8770000,14820,4323260000,63516394,20.19
16/03/2021,-200100,-5736230000,28.5(-2.06 %),120000,3405725000,320100,9141955000,64218794,19.87
17/03/2021,38600,1103790000,28.75(1.05 %),54100,1549080000,15500,445290000,64180194,19.88
18/03/2021,573100,16946350000,29.8(3.65 %),694900,20539150000,121800,3592800000,63607094,20.14
19/03/2021,74880,22856540000,30.75(3.19 %),82230,25104950000,7350,2248410000,62862724,20.48
22/03/2021,116300,3566410000,30.4(-1.14 %),187400,5728935000,71100,2162525000,62741994,20.54
23/03/2021,-30660,-9077380000,29.55(-2.80 %),2700,803800000,33360,9881180000,62785504,20.52
24/03/2021,-4510,-1307650000,28.9(-2.20 %),6160,1766590000,10670,3074240000,62797404,20.51
25/03/2021,320900,9276235000,28.9(0.00 %),476700,13769065000,155800,4492830000,62772794,20.52
26/03/2021,19240,5498060000,28.75(-0.52 %),33270,9418910000,14030,3920850000,62392704,20.7
29/03/2021,342100,9932465000,29.1(1.22 %),349800,10156410000,7700,223945000,62238294,20.77
30/03/2021,95610,28336220000,30.2(3.78 %),102540,30378140000,6930,2041920000,61280004,21.2
05/04/2021,-199800,-6633360000,33.2(9.93 %),71200,2363840000,271000,8997200000,401861,34.27
06/04/2021,-459717,-15392304400,33.3(0.30 %),49700,1689040000,509417,17081344400,861578,48.61
07/04/2021,-73600,-2474780000,34(2.10 %),20200,681220000,93800,3156000000,935178,48.58
08/04/2021,554700,19226510000,35.5(4.41 %),742600,25840980000,187900,6614470000,380478,48.83
09/04/2021,371000,13215500000,35.7(0.56 %),488100,17387700000,117100,4172200000,9478,49.0
12/04/2021,4902923,178266630500,37.3(5.97 %),4983800,181212410000,80877,2945779500,0,51.22
13/04/2021,1650001,62021987000,36.2(-2.95 %),1836901,68967327000,186900,6945340000,60999787,21.33
14/04/2021,-137700,-5054850000,37.1(2.49 %),7700,282770000,145400,5337620000,61137487,3.85
15/04/2021,-78100,-2820170000,36.1(-2.70 %),68400,2500100000,146500,5320270000,61215587,21.23
16/04/2021,1005300,35706370000,37(2.49 %),1025000,36405900000,19700,699530000,60210287,21.69
19/04/2021,-7300,-268620000,37.3(0.81 %),60700,2224790000,68000,2493410000,60217587,21.68
20/04/2021,-97700,-3615360000,36.1(-3.22 %),80200,2929350000,177900,6544710000,60315287,21.64
22/04/2021,-149800,-5472970000,35(-3.05 %),35100,1275540000,184900,6748510000,60465087,21.57
23/04/2021,79500,2810330000,36.3(3.71 %),86600,3063090000,7100,252760000,60385587,21.61
26/04/2021,-74800,-2692400000,34.8(-4.13 %),53300,1876570000,128100,4568970000,60460387,21.57
27/04/2021,-92000,-3189570000,35.1(0.86 %),14600,510000000,106600,3699570000,60552387,21.53
28/04/2021,-36550,-1304440000,35.7(1.71 %),25500,910320000,62050,2214760000,60588937,21.51
29/04/2021,4800,199380000,36.2(1.40 %),110800,4025880000,106000,3826500000,60584137,21.52
04/05/2021,-465915,-16699553400,37.1(2.49 %),74300,2646650000,540215,19346203400,54168163,24.43
05/05/2021,-176200,-6734972100,38.5(3.77 %),11700,442917900,187900,7177890000,54344363,24.35
06/05/2021,-316500,-12187430000,38.4(-0.26 %),20700,801030000,337200,12988460000,54660863,24.2
07/05/2021,-34200,-1362040000,39.5(2.86 %),17600,687110000,51800,2049150000,54695063,24.19
10/05/2021,-10800,-422080000,41.5(5.06 %),15200,616130000,26000,1038210000,54705863,24.18
11/05/2021,-70600,-2930630000,40.5(-2.41 %),19000,801630000,89600,3732260000,54776463,24.15
12/05/2021,-100300,-4072390000,41.6(2.72 %),5800,236380000,106100,4308770000,54876763,24.1
13/05/2021,-220800,-9224820000,41.3(-0.72 %),4500,186800000,225300,9411620000,55097563,24.0
14/05/2021,-939000,-38711620000,41(-0.73 %),1400,57580000,940400,38769200000,56036563,23.58
17/05/2021,-808633,-33124074900,40.8(-0.49 %),10400,426010000,819033,33550084900,56845196,23.21
18/05/2021,-2101050,-87252825000,41.1(0.74 %),9300,384610000,2110350,87637435000,58946246,22.26
19/05/2021,-240000,-10062050000,42.8(4.14 %),37000,1542750000,277000,11604800000,59186246,22.15
20/05/2021,-345100,-15204650000,44.5(3.97 %),22900,1003790000,368000,16208440000,59531346,21.99
21/05/2021,-336300,-14911220000,44.3(-0.45 %),21800,967530000,358100,15878750000,59867646,21.84
24/05/2021,-63600,-2808070000,45.1(1.81 %),5800,254690000,69400,3062760000,59931246,21.81
25/05/2021,-894900,-40363580000,45.6(1.11 %),4900,220680000,899800,40584260000,60826146,21.41
26/05/2021,-19800,-901260000,45.6(0.00 %),27700,1261920000,47500,2163180000,60845946,21.4
27/05/2021,-130800,-5891120000,44.3(-2.85 %),5000,223550000,135800,6114670000,60976746,21.34
28/05/2021,-81700,-3696290000,46(3.84 %),12800,569720000,94500,4266010000,61058446,21.3
31/05/2021,-82750,-4048185000,49.7(8.04 %),18100,880370000,100850,4928555000,61141196,21.26
01/06/2021,-91400,-4559870000,50.7(2.01 %),60400,3030260000,151800,7590130000,61462111,21.12
02/06/2021,-112300,-6082470000,55.7(9.86 %),71200,3761350000,183500,9843820000,61574411,21.07
03/06/2021,-166755,-10008196000,61.2(9.87 %),191000,11617190000,357755,21625386000,61741166,20.99
04/06/2021,-212100,-12929260000,60.4(-1.31 %),71800,4347850000,283900,17277110000,61953266,20.89
07/06/2021,-243800,-13918190000,57(-5.63 %),92900,5422210000,336700,19340400000,62197066,20.78
08/06/2021,-116750,-6777395000,52.4(-8.07 %),170100,9572250000,286850,16349645000,62313816,20.73
09/06/2021,-682100,-38901100000,57.6(9.92 %),225200,12572130000,907300,51473230000,62995916,20.42
10/06/2021,-2543130,-98109551000,37.7(4.43 %),40970,1622389000,2584100,99731940000,65539046,19.27
11/06/2021,227300,8155720000,39.8(5.57 %),1586300,61676600000,1359000,53520880000,65311746,19.37
14/06/2021,-2090500,-89346970000,43.5(9.30 %),568500,24633730000,2659000,113980700000,67402246,18.42
15/06/2021,398500,17892670000,44.7(2.76 %),1154200,51733330000,755700,33840660000,67003746,18.6
16/06/2021,-418300,-18092260000,42.7(-4.47 %),60800,2646400000,479100,20738660000,67422046,18.41
17/06/2021,361800,15695990000,43.9(2.81 %),622100,26909590000,260300,11213600000,67060246,18.58
18/06/2021,-209400,-9182410000,43.7(-0.46 %),158900,6975930000,368300,16158340000,67269646,18.48
22/06/2021,-72800,-3105380000,42.1(0.24 %),101200,4275150000,174000,7380530000,67342446,18.45
23/06/2021,388600,16708430000,42.9(1.90 %),632900,27174240000,244300,10465810000,66953846,18.63
24/06/2021,-78400,-3361720000,42.7(-0.47 %),112000,4770720000,190400,8132440000,67032246,18.59
25/06/2021,-346200,-14923240000,45(5.39 %),10300,449700000,356500,15372940000,67378446,18.43
28/06/2021,478240,21841490000,45.5(1.11 %),793140,36250090000,314900,14408600000,66900206,18.65
29/06/2021,-183700,-8374920000,45.2(-0.66 %),18900,866720000,202600,9241640000,67083906,18.57
30/06/2021,-237200,-10628240000,44.4(-1.77 %),12800,572910000,250000,11201150000,67321106,18.46
01/07/2021,-255600,-11659810000,46.4(4.50 %),13900,632380000,269500,12292190000,67288356,18.47
02/07/2021,-443630,-21435454000,48.4(4.31 %),31600,1520050000,475230,22955504000,67731986,0.02
05/07/2021,-270130,-12781048000,47.5(-1.86 %),39100,1858620000,309230,14639668000,68002116,0.0
06/07/2021,-769108,-35995321600,42.8(-9.89 %),27000,1255690000,796108,37251011600,68771224,0.0
07/07/2021,-1774600,-76509950000,44.5(3.97 %),381000,16509240000,2155600,93019190000,70545824,17.0
08/07/2021,-982400,-43562480000,43.6(-2.02 %),27400,1212880000,1009800,44775360000,68577016,17.89
09/07/2021,243000,10119790000,41.8(-4.13 %),605600,25578390000,362600,15458600000,68334016,18.0
12/07/2021,99300,3778590000,37.8(-9.57 %),343300,13120540000,244000,9341950000,68234716,18.04
13/07/2021,114600,4472590000,39.7(5.03 %),142400,5556360000,27800,1083770000,68120116,18.1
14/07/2021,-86500,-3408890000,38.9(-2.02 %),37200,1457760000,123700,4866650000,68206616,18.06
15/07/2021,-42500,-1634050000,41.2(5.91 %),59300,2360790000,101800,3994840000,68249116,18.04
16/07/2021,-86700,-3578880000,40.9(-0.73 %),43300,1786510000,130000,5365390000,68335816,18.0
19/07/2021,54150,2013650000,37.8(-7.58 %),170550,6553540000,116400,4539890000,68281666,18.02
20/07/2021,302000,11737710000,41.4(9.52 %),366600,14218920000,64600,2481210000,67979666,18.16
21/07/2021,23700,1018310000,41.4(0.00 %),119500,5023620000,95800,4005310000,67955966,18.17
22/07/2021,-12600,-533480000,43.2(4.35 %),89500,3761910000,102100,4295390000,67968566,18.17
23/07/2021,-87300,-3721540000,41.7(-3.47 %),23000,977560000,110300,4699100000,68055866,18.13
26/07/2021,-189220,-7860280000,41.9(0.48 %),26700,1108770000,215920,8969050000,68245086,18.04
27/07/2021,-212900,-9291520000,43.5(3.82 %),84200,3666030000,297100,12957550000,68457986,17.94
28/07/2021,-216600,-9451520000,43.6(0.23 %),3300,144420000,219900,9595940000,68674586,17.85
29/07/2021,459700,20571440000,45.9(5.28 %),631100,28229030000,171400,7657590000,68214886,18.05
30/07/2021,409200,18846230000,46.1(0.44 %),552400,25417290000,143200,6571060000,67805686,18.24
02/08/2021,1041210,48150940000,46(-0.22 %),1042310,48201430000,1100,50490000,71785094,8.33
03/08/2021,141200,6860130000,49.9(8.48 %),249900,11914520000,108700,5054390000,71643894,32.53
04/08/2021,-80897,-4033679400,49.8(-0.20 %),62703,3146810600,143600,7180490000,71724791,32.51
05/08/2021,654000,32931140000,51.2(2.81 %),812000,40887190000,158000,7956050000,71070791,32.66
06/08/2021,-138400,-7014940000,50.1(-2.15 %),7500,380470000,145900,7395410000,71209191,32.63
09/08/2021,-191890,-9838574000,52(3.79 %),8910,455836000,200800,10294410000,71401081,32.58
10/08/2021,-123500,-6363690000,51.3(-1.35 %),25400,1309880000,148900,7673570000,71524581,32.56
11/08/2021,-619013,-31440439500,50(-2.53 %),13300,672900000,632313,32113339500,72143594,32.41
12/08/2021,-308100,-15415380000,49.6(-0.80 %),42900,2138130000,351000,17553510000,72451694,32.34
13/08/2021,-172990,-8673223000,51.4(3.63 %),2210,110777000,175200,8784000000,72624684,13.52
16/08/2021,-425070,-22205792000,53.1(3.31 %),206700,11046230000,631770,33252022000,73049754,32.2
17/08/2021,-783310,-40985466000,52.7(-0.75 %),18900,987750000,802210,41973216000,73833064,32.02
18/08/2021,-917300,-48717990000,53.3(1.14 %),892400,48269630000,1809700,96987620000,74750364,31.81
19/08/2021,1324300,71097700000,54.1(1.50 %),1525700,81933080000,201400,10835380000,73426064,32.12
20/08/2021,1417400,75211210000,53(-2.03 %),1725900,91722110000,308500,16510900000,72008664,32.44
23/08/2021,784640,42119141900,53.3(0.57 %),1021600,54769300000,236960,12650158100,71224024,32.62
24/08/2021,-2375200,-120371690000,50(-6.19 %),1119400,56248460000,3494600,176620150000,73599224,32.08
25/08/2021,856210,43109802000,51.5(3.00 %),1078210,54206132000,222000,11096330000,72743014,32.28
26/08/2021,292400,14934490000,50.8(-1.36 %),383800,19608160000,91400,4673670000,72450614,32.34
27/08/2021,-194400,-9708930000,50.6(-0.39 %),310000,15388530000,504400,25097460000,72645014,32.3
06/09/2021,815200,41340330000,50.6(-1.36 %),917200,46517000000,102000,5176670000,132592872,18.52
07/09/2021,121900,6306060000,52(2.77 %),382200,19756450000,260300,13450390000,132470972,18.54
08/09/2021,408100,21595720000,52.5(0.96 %),591200,31283260000,183100,9687540000,132062872,18.64
09/09/2021,505900,26547920000,52.9(0.76 %),727400,38164510000,221500,11616590000,131556972,18.75
10/09/2021,769100,41351780000,53.7(1.51 %),864700,46497500000,95600,5145720000,130787872,18.93
13/09/2021,1114700,59454990000,54.1(0.74 %),1644400,87601940000,529700,28146950000,129673172,19.19
14/09/2021,921000,49594810000,53.1(-1.85 %),1128400,60727460000,207400,11132650000,128752172,19.4
15/09/2021,21500,1118780000,53.5(0.75 %),116000,6100690000,94500,4981910000,128730672,19.4
16/09/2021,32300,1770280000,52.7(-1.50 %),226300,12044000000,194000,10273720000,128698372,19.41
17/09/2021,1140900,61411370000,54.3(3.04 %),3343900,180955180000,2203000,119543810000,127557472,19.67
20/09/2021,252900,13809930000,53.6(-1.29 %),323500,17674010000,70600,3864080000,127304572,19.73
21/09/2021,-62300,-3330250000,52.9(-1.31 %),184000,9693580000,246300,13023830000,127366872,19.72
22/09/2021,602400,31970640000,53.4(0.95 %),705500,37393530000,103100,5422890000,126764472,19.86
23/09/2021,777900,41714980000,53.6(0.37 %),1016200,54505210000,238300,12790230000,125986572,20.03
24/09/2021,18800,980540000,52.6(-1.87 %),105100,5567720000,86300,4587180000,125967772,20.04
27/09/2021,-1011400,-52036380000,50.2(-4.56 %),46800,2378100000,1058200,54414480000,126979172,19.81
28/09/2021,-24600,-1247010000,51.5(2.59 %),40100,2034020000,64700,3281030000,127003772,19.8
29/09/2021,-255200,-12935990000,50.8(-1.36 %),7400,375690000,262600,13311680000,127258972,19.74
30/09/2021,-81200,-4110620000,51(0.39 %),383300,19543170000,464500,23653790000,127340172,19.72
01/10/2021,-403200,-20288105000,49.5(-2.94 %),520149,24757910050,923349,45046015050,125769196,20.08
04/10/2021,-64000,-3009435000,48.5(-2.02 %),293200,14238350000,357200,17247785000,125833196,20.07
05/10/2021,-361300,-18014850000,50.6(4.33 %),258200,13078445000,619500,31093295000,126194496,19.99
06/10/2021,427700,22855880000,50.6(0.00 %),619000,32516420000,191300,9660540000,125766796,0.0
07/10/2021,-128800,-6557215000,51(0.79 %),12600,636420000,141400,7193635000,125895596,0.0
08/10/2021,335000,17190770000,51.3(0.59 %),470100,24119180000,135100,6928410000,125560596,0.0
11/10/2021,220900,11388318500,52.3(1.95 %),229400,11829324000,8500,441005500,125339696,0.0
12/10/2021,81100,4216680000,51.9(-0.76 %),182200,9467710000,101100,5251030000,125258596,0.0
13/10/2021,-37900,-1959830000,51.3(-1.16 %),41100,2138590000,79000,4098420000,125296496,0.0
14/10/2021,-2891100,-148347050000,51.3(0.00 %),179900,9275800000,3071000,157622850000,128187596,0.0
15/10/2021,500,24610000,51.5(0.39 %),9000,464170000,8500,439560000,128187096,0.0
18/10/2021,245700,13069130000,53.1(3.11 %),305200,16164330000,59500,3095200000,127941396,0.0
19/10/2021,262300,14111060000,53.6(0.94 %),310900,16725740000,48600,2614680000,127679096,0.0
20/10/2021,-815900,-43358200000,53(-1.12 %),10000,530690000,825900,43888890000,128494996,0.0
21/10/2021,-14100,-710380000,53(0.00 %),91400,4845160000,105500,5555540000,127693196,0.0
22/10/2021,-248700,-13042150000,52.2(-1.51 %),24500,1287700000,273200,14329850000,127941896,0.0
25/10/2021,-317200,-16173190000,50.6(-3.07 %),6400,326370000,323600,16499560000,128259096,0.0
26/10/2021,-5600,-276350000,51.2(1.19 %),46000,2342350000,51600,2618700000,128264696,0.0
27/10/2021,1540400,81767550000,53.5(4.49 %),1599200,84854620000,58800,3087070000,126724296,0.0
28/10/2021,237600,13353450000,56.3(5.23 %),375200,21027380000,137600,7673930000,126486696,0.0
29/10/2021,43300,2522830000,57(1.24 %),172400,9830840000,129100,7308010000,126680996,19.87
01/11/2021,-1388200,-80902540000,59.1(3.68 %),334800,19544360000,1723000,100446900000,127961496,19.58
02/11/2021,137000,8224380000,60.6(2.54 %),299400,17889700000,162400,9665320000,127824496,19.61
03/11/2021,130600,7924050000,59.8(-1.32 %),274700,16645280000,144100,8721230000,127693896,0.0
04/11/2021,602700,37967689200,63.9(6.86 %),686600,43246754000,83900,5279064800,127221796,0.0
05/11/2021,0,0,64.4(0.78 %),0,0,0,0,127824496,19.61
08/11/2021,-138700,-9310330000,67.7(5.12 %),131400,8769120000,270100,18079450000,127963196,19.58
09/11/2021,-108600,-7326460000,69.5(2.66 %),44700,3008760000,153300,10335220000,128071796,19.55
10/11/2021,-377300,-26286868300,69.4(-0.14 %),89500,6235554500,466800,32522422800,128449096,0.0
11/11/2021,-1617700,-111708230000,68.6(-1.15 %),124600,8518210000,1742300,120226440000,129689496,70.18
12/11/2021,211600,14732630000,69.9(1.90 %),357600,24793680000,146000,10061050000,129477896,70.23
15/11/2021,-634100,-45330350000,70.2(0.43 %),68300,4904510000,702400,50234860000,130111996,70.09
16/11/2021,45700,3194890000,69.5(-1.00 %),181900,12674310000,136200,9479420000,130066296,70.1
17/11/2021,-1252500,-93027960000,74.3(6.91 %),542400,39935130000,1794900,132963090000,131318796,69.81
18/11/2021,-1646000,-128788100000,77.6(4.44 %),113000,8767000000,1759000,137555100000,132964796,69.43
19/11/2021,-670400,-50749450000,75(-3.35 %),296300,22576580000,966700,73326030000,133635196,69.28
22/11/2021,-150900,-11381240000,75.5(0.67 %),305600,23112650000,456500,34493890000,133786096,69.24
23/11/2021,144200,11131260000,80.7(6.89 %),233400,17896650000,89200,6765390000,133641896,69.27
24/11/2021,-406100,-32885400000,81.4(0.87 %),78600,6399510000,484700,39284910000,134047996,69.18
25/11/2021,-266500,-21690360000,81.1(-0.37 %),201200,16378950000,467700,38069310000,134314496,69.12
26/11/2021,-1695800,-134428440000,78(-3.82 %),72600,5750860000,1768400,140179300000,136010296,0.0
29/11/2021,89600,7106997900,79.9(2.44 %),409300,32285174700,319700,25178176800,135920696,0.0
30/11/2021,1004500,79706960000,79(-1.13 %),1551800,123162290000,547300,43455330000,135005796,68.96
01/12/2021,-534700,-41576440000,78(-1.27 %),598700,46390980000,1133400,87967420000,357323587,17.85
02/12/2021,663000,52097620000,77.7(-0.38 %),800200,62841340000,137200,10743720000,356660587,18.0
03/12/2021,332500,25613490000,73(-6.05 %),493800,38019860000,161300,12406370000,356328087,18.08
06/12/2021,599900,44966850000,73.9(1.23 %),1070600,79974880000,470700,35008030000,355728187,18.21
07/12/2021,309500,22882660000,74.7(1.08 %),638300,47362930000,328800,24480270000,355418687,18.28
08/12/2021,-132100,-9973000000,75.9(1.61 %),54100,4082680000,186200,14055680000,355550787,18.25
09/12/2021,516200,39463850000,79.9(5.27 %),552200,42216750000,36000,2752900000,355034587,0.0
10/12/2021,-222200,-17539010000,79(-1.13 %),43800,3469520000,266000,21008530000,355256787,18.32
13/12/2021,348700,27851470000,80.5(1.90 %),496500,39604910000,147800,11753440000,354908087,18.4
14/12/2021,312400,25318350000,80.7(0.25 %),503100,40723950000,190700,15405600000,354595687,18.47
15/12/2021,-14800,-1191880000,79(-2.11 %),68000,5440250000,82800,6632130000,354610487,18.47
16/12/2021,-110400,-8470150000,77(-2.53 %),61300,4752720000,171700,13222870000,354720887,18.44
17/12/2021,1695200,135372680000,80(3.90 %),2757000,220153180000,1061800,84780500000,353025687,18.83
20/12/2021,220800,18820840000,85.2(6.50 %),341500,28881670000,120700,10060830000,352804887,18.89
21/12/2021,51700,4444870000,84.8(-0.47 %),106000,9067700000,54300,4622830000,352753187,0.0
22/12/2021,52100,4341020000,83.3(-1.77 %),122900,10271330000,70800,5930310000,352701087,18.91
23/12/2021,-138000,-11079192000,78.8(-5.40 %),44200,3548552800,182200,14627744800,352839087,0.0
24/12/2021,-170100,-13422931200,79.9(1.40 %),92000,7259904000,262100,20682835200,352871187,0.0
27/12/2021,-151400,-12204720000,80(0.13 %),37400,3025010000,188800,15229730000,354089587,18.59
28/12/2021,-125500,-10015120000,78.5(-1.88 %),66100,5241610000,191600,15256730000,354215087,18.56
29/12/2021,75500,6068630000,79(0.64 %),170800,13539830000,95300,7471200000,354305587,18.54
30/12/2021,281700,23190130000,82.8(4.81 %),352300,28971490000,70600,5781360000,354144887,18.58
31/12/2021,-89800,-7376300000,82(-0.97 %),16500,1358080000,106300,8734380000,354223687,18.56
04/01/2022,-145500,-12016770000,83(1.22 %),10400,855210000,155900,12871980000,354283887,18.55
05/01/2022,-255400,-21234640000,82.1(-1.08 %),24400,2025810000,279800,23260450000,354365787,18.53
06/01/2022,-132000,-10780580000,81.2(-1.10 %),27800,2263570000,159800,13044150000,354493887,18.5
07/01/2022,-148800,-11931260000,80(-1.48 %),23100,1861010000,171900,13792270000,354750587,18.44
10/01/2022,-380000,-29392638000,77.2(-3.50 %),89400,5706320400,469400,35098958400,354820987,18.42
11/01/2022,-183900,-14191390000,73(-5.44 %),85300,6361510000,269200,20552900000,354907587,18.4
12/01/2022,245500,18308610000,76.4(4.66 %),440300,32805500000,194800,14496890000,354936687,18.39
13/01/2022,-605200,-44720060000,72.9(-4.58 %),81200,6034300000,686400,50754360000,355124687,18.35
14/01/2022,-463900,-33778420000,72(-1.23 %),88000,6451700000,551900,40230120000,355231487,18.33
17/01/2022,-919900,-62151020000,67(-6.94 %),117700,7932750000,1037600,70083770000,355800187,18.2
18/01/2022,176600,11276370000,62.4(-6.87 %),774500,49508530000,597900,38232160000,355577587,18.25
19/01/2022,422800,27288440000,63.8(2.24 %),552400,35604670000,129600,8316230000,356062787,18.14
20/01/2022,174000,12609810000,66.3(-0.60 %),777300,52501970000,603300,39892160000,355883387,18.18
21/01/2022,67400,4674910000,65.8(-2.95 %),529900,35401870000,462500,30726960000,355483087,18.27
24/01/2022,1218200,75505120000,61.2(-6.99 %),1582600,98048090000,364400,22542970000,354503787,18.49
25/01/2022,743800,45865170000,62.7(2.45 %),1041000,64093280000,297200,18228110000,353925287,18.63
26/01/2022,318400,16882031600,62.9(0.32 %),1139200,67591260400,820800,50709228800,353150487,18.81
27/01/2022,1154700,75106050000,65(3.34 %),1174100,76370990000,19400,1264940000,352273587,19.01
28/01/2022,708600,47864470000,69(6.15 %),775000,52268490000,66400,4404020000,352319387,19.0
07/02/2022,643400,45339750000,70.4(2.03 %),1230200,86898210000,586800,41558460000,351108587,19.28
08/02/2022,269600,18847360000,70(-0.57 %),553900,38658350000,284300,19810990000,350621087,19.39
09/02/2022,1365200,97599800000,72(2.86 %),2456800,175623550000,1091600,78023750000,349251087,19.7
10/02/2022,72300,5210570000,71(-1.39 %),233600,16764470000,161300,11553900000,349301787,19.69
11/02/2022,-590800,-42353780000,71.5(0.70 %),31500,2249620000,622300,44603400000,349861887,19.56
14/02/2022,446200,31417880000,68(-4.90 %),571000,40161940000,124800,8744060000,349461187,19.65
15/02/2022,373200,26159610000,70.3(3.38 %),545300,37896870000,172100,11737260000,349538187,19.64
16/02/2022,85500,5874520000,71.5(1.71 %),87600,6024290000,2100,149770000,349575387,19.63
17/02/2022,40300,3049910000,71.1(-0.56 %),575900,41269320000,535600,38219410000,349183587,19.72
18/02/2022,-327700,-23679040000,72.1(1.41 %),177400,12696650000,505100,36375690000,349008287,19.76
21/02/2022,466500,35031010000,75.1(4.16 %),491400,36909600000,24900,1878590000,349052487,19.75
22/02/2022,-5200,-363310000,73.5(-2.13 %),68800,5077890000,74000,5441200000,349488787,19.65
23/02/2022,83400,6201820000,74.4(1.22 %),90100,6698980000,6700,497160000,349423587,19.66
24/02/2022,99100,7688050000,76(2.15 %),492600,37115270000,393500,29427220000,349294987,19.69
25/02/2022,-1479100,-117049200000,78.1(2.76 %),344500,27107760000,1823600,144156960000,348957187,19.77
28/02/2022,217900,17599350000,78.8(0.90 %),1474300,116539950000,1256400,98940600000,347586387,20.08
01/03/2022,697300,54900000000,78.5(-0.38 %),1225400,96326900000,528100,41426900000,348184587,19.95
02/03/2022,-839900,-63885100000,75.9(-3.31 %),972900,74382850000,1812800,138267950000,348468087,19.88
03/03/2022,-1500,-118660000,76.8(1.19 %),18200,1381430000,19700,1500090000,348982487,19.76
04/03/2022,777300,60561760000,77(0.26 %),816500,63611740000,39200,3049980000,349978787,19.53
07/03/2022,-279600,-21319740000,76.1(-1.17 %),297400,22816150000,577000,44135890000,349702587,19.6
08/03/2022,221500,16849490000,75(-1.45 %),287600,21875100000,66100,5025610000,349454187,19.66
09/03/2022,607300,45258830000,73.5(-2.00 %),663000,49402830000,55700,4144000000,349368187,19.68
10/03/2022,-39000,-1242150000,31.85(6.88 %),0,0,39000,1242150000,349435787,19.66
11/03/2022,-3699800,-122711250000,32.5(1.88 %),859800,28603135000,4559600,151314385000,348631687,19.84
14/03/2022,-38800,-1171680000,31.75(-2.31 %),949700,30254805000,988500,31426485000,347720987,20.05
15/03/2022,-129600,-4242810000,32.6(2.52 %),770900,25126145000,900500,29368955000,351509687,19.18
16/03/2022,-319500,-10430265000,32.55(-0.15 %),31000,1013090000,350500,11443355000,352467187,18.96
17/03/2022,-1052500,-34108640000,32.1(-1.53 %),552900,17842700000,1605400,51951340000,352814787,18.88
18/03/2022,763400,24425450000,31.95(-0.47 %),6440000,205782220000,5676600,181356770000,346725287,20.28
21/03/2022,500,25615000,32(0.00 %),180800,5777145000,180300,5751530000,348149887,19.96
22/03/2022,-1118300,-36155115000,32.15(0.47 %),332800,10741525000,1451100,46896640000,353493687,18.73
23/03/2022,-1100600,-35297015000,31.95(-0.78 %),73400,2362745000,1174000,37659760000,353600587,18.7
24/03/2022,-1305700,-41373015000,31.5(-1.56 %),346200,10996205000,1651900,52369220000,354705487,18.45
25/03/2022,-1033000,-32242110000,31.1(-1.27 %),23100,721640000,1056100,32963750000,355856387,18.18
28/03/2022,-663700,-20179130000,30.2(-2.89 %),118400,3616995000,782100,23796125000,357389887,17.83
29/03/2022,367000,11369265000,30.9(2.32 %),522500,16151820000,155500,4782555000,357923487,17.71
30/03/2022,-239600,-7364995000,30.95(0.16 %),49300,1520615000,288900,8885610000,358656287,17.54
31/03/2022,74000,2351030000,30.5(-1.61 %),284200,8812255000,210200,6461225000,358527587,17.57
01/04/2022,602600,18626465000,31.7(3.93 %),726400,22413635000,123800,3787170000,358098087,17.67
04/04/2022,-111200,-3683410000,33.9(6.94 %),239300,8076805000,350500,11760215000,358068987,17.67
05/04/2022,264500,9337315000,34.6(2.06 %),430500,15140225000,166000,5802910000,357762287,17.75
06/04/2022,1153600,40790490000,35.5(2.60 %),1343300,47490750000,189700,6700260000,356769487,17.97
07/04/2022,305400,11150565000,35(-1.41 %),757000,27457830000,451600,16307265000,356464087,6.44
08/04/2022,-1821100,-64020680000,35.1(0.29 %),410600,14485380000,2231700,78506060000,355957587,18.16
12/04/2022,108700,3849225000,33(-5.98 %),458700,16008245000,350000,12159020000,355848887,6.49
13/04/2022,-129900,-4359300000,35.3(6.97 %),242400,7941195000,372300,12300495000,355950487,18.16
14/04/2022,-2561500,-89264130000,34.55(-2.12 %),163500,5766400000,2725000,95030530000,358126287,17.66
15/04/2022,-1259800,-43486736700,33.7(-2.60 %),63700,1840999200,1323500,45327735900,358434887,17.59
18/04/2022,294300,10110050000,32.2(-4.45 %),936800,30813065000,642500,20703015000,360223087,17.18
19/04/2022,-1050100,-33658650000,30(-6.83 %),667300,21357010000,1717400,55015660000,360879277,17.03
20/04/2022,190400,5754535000,30.3(1.00 %),819700,25033170000,629300,19278635000,357935887,6.32
21/04/2022,535100,16840960000,32.35(6.77 %),710400,22389490000,175300,5548530000,361724077,16.83
22/04/2022,-1717500,-54652360000,31.65(-2.16 %),54800,1767460000,1772300,56419820000,362300577,16.7
25/04/2022,-786100,-24130765000,29.45(-7.10 %),251300,7702525000,1037400,31833290000,362224577,16.72
26/04/2022,1036800,31105515000,31.5(6.78 %),1165100,34970620000,128300,3865105000,362831777,16.58
27/04/2022,-1442700,-44966150000,31.2(-0.95 %),60300,1889135000,1503000,46855285000,363808877,16.36
28/04/2022,-690500,-21223105000,30.4(-2.56 %),592500,18343385000,1283000,39566490000,363344677,16.46
29/04/2022,-97000,-3035210000,31(1.97 %),295000,9042005000,392000,12077215000,364552677,16.18
04/05/2022,-452200,-13807125000,30(-3.23 %),97800,2967090000,550000,16774215000,365737877,15.91
05/05/2022,-713000,-20963540000,29(-3.33 %),109400,3214675000,822400,24178215000,366450877,5.62
06/05/2022,63600,1717200000,27(-6.90 %),811100,21899700000,747500,20182500000,997196768,18.12
09/05/2022,724100,18211115000,25.15(-6.85 %),1232100,30987315000,508000,12776200000,996787068,18.15
10/05/2022,244200,6239310000,25.55(1.39 %),1002900,25624095000,758700,19384785000,996531668,18.17
11/05/2022,-157300,-3991520000,25.3(-0.98 %),9400,238750000,166700,4230270000,996688968,18.16
12/05/2022,22000,528295000,23.55(-6.92 %),24900,598500000,2900,70205000,996666968,18.16
13/05/2022,1042600,22604000000,21.95(-6.79 %),1432700,31504485000,390100,8900485000,996502568,18.17
16/05/2022,143300,3245745000,22.65(2.95 %),498700,11295555000,355400,8049810000,996021268,18.21
17/05/2022,-282700,-6841340000,24.2(6.61 %),140500,3400100000,423200,10241440000,996275368,18.19
18/05/2022,1161900,28757025000,24.75(2.27 %),1386600,34318350000,224700,5561325000,995258668,18.28
19/05/2022,234000,5896800000,25.2(1.61 %),571300,14396760000,337300,8499960000,995110568,18.29
20/05/2022,-662900,-16307340000,24.6(-2.38 %),545100,13409460000,1208000,29716800000,994790168,18.32
23/05/2022,-1744800,-40653840000,23.3(-5.28 %),609100,14192030000,2353900,54845870000,994522868,18.34
24/05/2022,-3805000,-91320000000,24(3.00 %),687300,16495200000,4492300,107815200000,995058068,18.29
25/05/2022,-2435300,-60395440000,24.8(3.33 %),395800,9815840000,2831100,70211280000,997030668,18.13
26/05/2022,-1516200,-36919470000,24.35(0.21 %),105400,2566490000,1621600,39485960000,1001417568,17.77
27/05/2022,18700,457215000,24.45(0.20 %),139800,3418110000,121100,2960895000,1004108868,17.55
30/05/2022,-14100,-351795000,24.95(1.84 %),434300,10835785000,448400,11187580000,1005296168,17.45
31/05/2022,205000,5176250000,25.25(1.00 %),363900,9188475000,158900,4012225000,1005053368,17.47
01/06/2022,1623800,41325710000,25.45(0.59 %),1633200,41564940000,9400,239230000,1003868568,17.57
02/06/2022,-73100,-1816535000,24.85(-2.55 %),261600,6500760000,334700,8317295000,1003765868,17.58
03/06/2022,79900,1945565000,24.35(-2.21 %),128200,3121670000,48300,1176105000,1003647068,17.59
06/06/2022,196100,4786315000,24.1(-1.23 %),203300,4962360000,7200,176045000,1003778468,17.58
07/06/2022,1163100,27798090000,23.9(-0.83 %),1254400,29980160000,91300,2182070000,1002572368,17.68
08/06/2022,614600,15180620000,24.7(3.35 %),896900,22153430000,282300,6972810000,1001682668,17.75
09/06/2022,1369500,34169025000,24.95(1.01 %),1551100,38699945000,181600,4530920000,1000222868,17.87
10/06/2022,348500,8364000000,24(-4.00 %),357800,8587200000,9300,223200000,1000147368,17.88
13/06/2022,-43000,-961050000,22.35(-6.87 %),33500,748725000,76500,1709775000,1000295468,17.86
14/06/2022,-60900,-1272810000,20.9(-6.70 %),133300,2785970000,194200,4058780000,1000171468,17.87
15/06/2022,-3811700,-74137565000,19.45(-6.94 %),385300,7494085000,4197000,81631650000,999862668,17.9
16/06/2022,680600,12352890000,18.15(-6.92 %),912400,16560060000,231800,4207170000,999144468,17.96
17/06/2022,4181800,70672420000,16.9(-7.14 %),5927900,100181510000,1746100,29509090000,997413568,18.1
20/06/2022,-8853000,-145250800000,15.75(-6.80 %),515900,8311580000,9368900,153562380000,997129468,18.12
21/06/2022,-3446400,-54797760000,15.9(0.63 %),813400,12933060000,4259800,67730820000,998062068,18.05
22/06/2022,609200,10356400000,17(6.92 %),1650200,28053400000,1041000,17697000000,1005785268,17.41
23/06/2022,-1835600,-31113420000,16.95(-0.29 %),925300,15683835000,2760900,46797255000,1009119808,17.14
24/06/2022,-1700,-29240000,17.2(1.18 %),1024400,17619680000,1026100,17648920000,1009136408,17.14
27/06/2022,1940100,33808275000,18.4(6.98 %),2746100,48274590000,806000,14466315000,1009151208,17.14
28/06/2022,2385600,43656480000,18.3(-0.54 %),2487400,45519420000,101800,1862940000,1007689908,17.26
29/06/2022,354060,6894556000,18.55(1.37 %),1518400,28776625000,1164340,21882069000,1006977508,17.31
30/06/2022,2015300,35066220000,17.4(-6.45 %),2540700,44208180000,525400,9141960000,1004538688,17.51
01/07/2022,2381100,44288460000,18.6(6.90 %),2413700,44894820000,32600,606360000,1003289328,17.62
04/07/2022,783400,15144225000,19.2(3.23 %),812300,15701330000,28900,557105000,1003288428,17.62
05/07/2022,370200,6885720000,18.6(-3.12 %),533900,9930540000,163700,3044820000,1002520128,17.68
06/07/2022,1402600,24685760000,17.6(-5.38 %),1609200,28321920000,206600,3636160000,1000939828,17.81
07/07/2022,3119200,55209840000,17.7(0.57 %),3194300,56539110000,75100,1329270000,997909301,18.06
08/07/2022,-157300,-23520945000,18.35(3.67 %),9400,530145000,166700,24051090000,998066601,0.0
11/07/2022,-1317700,-23520945000,17.85(-2.99 %),29700,530145000,1347400,24051090000,998042301,18.05
12/07/2022,-2229800,-40805340000,18.3(2.23 %),13800,252540000,2243600,41057880000,1002332301,17.7
13/07/2022,975600,18048600000,18.5(1.09 %),3057100,56556350000,2081500,38507750000,1000621961,17.84
14/07/2022,-52300,-1009390000,19.3(4.32 %),2020800,39001440000,2073100,40010830000,1000844761,17.82
15/07/2022,957300,18092970000,18.9(-2.07 %),2181400,41228460000,1224100,23135490000,1000744861,17.83
18/07/2022,3239200,61544800000,19(0.53 %),3281800,62354200000,42600,809400000,999536161,17.93
19/07/2022,544900,10216875000,18.75(-1.32 %),741700,13906875000,196800,3690000000,1000018561,17.89
20/07/2022,536300,10296960000,19.2(2.13 %),1088800,20904960000,552500,10608000000,998972361,17.97
21/07/2022,759200,14538680000,19.15(-0.26 %),887900,17003285000,128700,2464605000,998285761,18.03
22/07/2022,-1835600,5618675000,18.95(-1.30 %),925300,6147380000,2760900,528705000,998513861,18.01
25/07/2022,64000,1200000000,18.75(-1.32 %),234100,4389375000,170100,3189375000,998412961,18.02
26/07/2022,-33400,-607880000,18.2(-3.19 %),13900,252980000,47300,860860000,998426961,18.02
27/07/2022,-686440,-12493208000,18.2(0.00 %),80200,1459640000,766640,13952848000,998545861,18.01
28/07/2022,858600,16184610000,18.85(3.57 %),883700,16657745000,25100,473135000,997709461,18.08
29/07/2022,1064400,20330040000,19.1(1.06 %),1087500,20771250000,23100,441210000,997388601,18.1
01/08/2022,329800,6727920000,20.4(6.81 %),1327100,27072840000,997300,20344920000,996086601,18.21
02/08/2022,628600,13043450000,20.75(1.72 %),793200,16458900000,164600,3415450000,995316501,18.27
03/08/2022,478800,10126620000,21.15(1.68 %),1437400,30401010000,958600,20274390000,994876401,18.31
04/08/2022,556300,11793560000,21.2(0.00 %),2286200,48467440000,1729900,36673880000,992754811,18.48
05/08/2022,830700,18275400000,22(3.77 %),842200,18528400000,11500,253000000,992871211,18.47
08/08/2022,260100,5761215000,22.15(0.68 %),595000,13179250000,334900,7418035000,994006111,18.38
09/08/2022,395600,8920780000,22.55(1.58 %),500500,11286275000,104900,2365495000,993517111,18.42
10/08/2022,-357200,-7929840000,22.2(-1.77 %),110300,2448660000,467500,10378500000,993741711,18.4
11/08/2022,2103000,46160850000,21.95(-1.13 %),2161000,47433950000,58000,1273100000,991685611,18.57
12/08/2022,610900,13745250000,22.5(2.27 %),617400,13891500000,6500,146250000,991535711,18.58
15/08/2022,550600,12360970000,22.45(-0.22 %),1098700,24665815000,548100,12304845000,990495011,18.67
16/08/2022,1044100,23440045000,22.45(-0.22 %),1068300,23983335000,24200,543290000,989433211,18.76
17/08/2022,-1738900,-38690525000,22.25(-1.11 %),137900,3068275000,1876800,41758800000,989841981,18.72
18/08/2022,2346900,52805250000,22.5(0.90 %),2526200,56839500000,179300,4034250000,987339981,18.93
19/08/2022,-5600,-126840000,22.65(0.67 %),169300,3834645000,174900,3961485000,989047481,18.79
22/08/2022,-1170200,-25978440000,22.2(-2.20 %),23800,528360000,1194000,26506800000,989202981,18.77
23/08/2022,-55600,-1264900000,22.75(2.48 %),771100,17542525000,826700,18807425000,988623281,18.82
24/08/2022,559600,12646960000,22.6(-0.88 %),2087400,47175240000,1527800,34528280000,987729881,18.9
25/08/2022,100600,2308770000,22.95(1.55 %),120200,2758590000,19600,449820000,988436381,18.84
26/08/2022,-310300,-6950720000,22.4(-2.61 %),49500,1108800000,359800,8059520000,989914681,18.72
29/08/2022,-176700,-3922740000,22.2(-0.89 %),53400,1185480000,230100,5108220000,989948381,18.71
30/08/2022,-84700,-1837990000,21.7(-2.25 %),257100,5579070000,341800,7417060000,990067581,18.7
31/08/2022,-68100,-1477770000,21.7(0.00 %),101200,2196040000,169300,3673810000,990196481,18.69
05/09/2022,-59400,-1271160000,21.4(-1.38 %),24900,532860000,84300,1804020000,990513381,18.67
06/09/2022,-805100,-17229140000,21.4(0.00 %),149200,3192880000,954300,20422020000,990533481,18.66
07/09/2022,-3589900,-71798000000,20(-6.54 %),399700,7994000000,3989600,79792000000,990218081,18.69
08/09/2022,573400,11468000000,20(0.00 %),591400,11828000000,18000,360000000,990580981,18.66
09/09/2022,1297200,26462880000,20.4(2.00 %),1660900,33882360000,363700,7419480000,992930681,18.47
12/09/2022,-3039,26462880000,20.1(-1.47 %),615820,33882360000,618859,7419480000,992332861,18.52
13/09/2022,-1783390,-4589200000,19.85(-1.24 %),472140,3103600000,2255530,7692800000,992224421,18.53
14/09/2022,-1732789,-4589200000,20(0.50 %),624520,3103600000,2357309,7692800000,992218760,18.53
15/09/2022,-1269700,-34655780000,19.8(-1.00 %),143300,12490400000,1413000,47146180000,0,18.35
16/09/2022,-2815592,-53496248000,19(-4.04 %),2021188,38402572000,4836780,91898820000,994667111,18.33
19/09/2022,-1182400,-21105840000,17.85(-6.05 %),294000,5247900000,1476400,26353740000,995849511,0.0
20/09/2022,502740,9451512000,18.8(5.03 %),669200,12580960000,166460,3129448000,999953691,17.89
21/09/2022,-2300600,-42561100000,18.5(-1.60 %),535200,9901200000,2835800,52462300000,1000894891,17.81
22/09/2022,-287500,-5462500000,19(2.70 %),633900,12044100000,921400,17506600000,1000427451,17.85
23/09/2022,-3221740,-59763277000,18.55(-2.37 %),58500,1085175000,3280240,60848452000,1003204751,17.62
26/09/2022,-3487200,-60851640000,17.45(-6.18 %),149600,2610520000,3636800,63462160000,1003976551,17.56
27/09/2022,-70100,-1226750000,17.5(0.00 %),113800,1991500000,183900,3218250000,1007147491,17.3
28/09/2022,438900,7812420000,17.8(1.71 %),1447700,25769060000,1008800,17956640000,1009336591,17.12
29/09/2022,-398390,-6931986000,17.4(-2.25 %),25110,436914000,423500,7368900000,1009495381,17.11
30/09/2022,-1761700,-30829750000,17.5(0.57 %),311300,5447750000,2073000,36277500000,1010192881,17.05
03/10/2022,-1200042,-19560684600,16.3(-6.86 %),366703,5977258900,1566745,25537943500,1010315678,17.04
04/10/2022,-3747100,-57705340000,15.4(-5.52 %),791200,12184480000,4538300,69889820000,1011597478,16.94
05/10/2022,1319800,21644720000,16.4(6.49 %),1493200,24488480000,173400,2843760000,1011671023,16.93
06/10/2022,-495100,-7575030000,15.3(-6.71 %),345600,5287680000,840700,12862710000,1015863723,16.59
07/10/2022,-870600,-12406050000,14.25(-6.86 %),1889700,26928225000,2760300,39334275000,1014332423,16.71
10/10/2022,636300,9321795000,14.65(2.45 %),1104400,16179460000,468100,6857665000,1014077723,16.73
11/10/2022,-2644075,-36091623750,13.65(-7.14 %),306100,4178265000,2950175,40269888750,1016350923,16.55
12/10/2022,-914140,-12752253000,13.95(1.82 %),5437700,75855915000,6351840,88608168000,1011381323,16.95
13/10/2022,54140,752546000,13.9(-0.71 %),2090940,29064066000,2036800,28311520000,1012240558,16.88
14/10/2022,1029350,14925575000,14.5(4.32 %),5123000,74283500000,4093650,59357925000,1013469398,16.78
17/10/2022,-2351121,-34091254500,14.5(0.00 %),2561800,37146100000,4912921,71237354500,1012944398,16.82
18/10/2022,2443993,35682297800,14.6(0.69 %),4499000,65685400000,2055007,30003102200,1012539048,16.86
19/10/2022,266400,4030400000,14.55(-0.34 %),2809000,41088955000,2542600,37058555000,1012272648,16.88
20/10/2022,-1288600,-18244760000,14.15(-3.08 %),1231000,17660280000,2519600,35905040000,1015941569,16.58
21/10/2022,-6266000,-84139170000,13.2(-7.04 %),831200,10986545000,7097200,95125715000,1021742953,16.1
24/10/2022,-1855400,-22993695000,12.3(-6.82 %),263600,3291260000,2119000,26284955000,1019043753,16.32
25/10/2022,-10808000,-123750295000,11.45(-6.91 %),1206400,14008210000,12014400,137758505000,1029851753,15.44
26/10/2022,-1683500,-18764600000,10.65(-7.39 %),1187200,12990540000,2870700,31755140000,1031935843,15.27
27/10/2022,-1970400,-22259695000,11.35(6.07 %),2376900,26536485000,4347300,48796180000,1035928503,14.94
28/10/2022,809080,9466236000,11.7(2.63 %),1677340,19624878000,868260,10158642000,1037121863,14.84
31/10/2022,911200,10478800000,11.5(-1.71 %),1669700,19201550000,758500,8722750000,1039799463,14.62
01/11/2022,227877,2688948600,11.8(2.61 %),580155,6845829000,352278,4156880400,1040117568,14.59
02/11/2022,863918,10453407800,12.1(2.54 %),1000320,12103872000,136402,1650464200,1039875748,14.61
03/11/2022,-54000,-645300000,11.95(-1.24 %),248700,2971965000,302700,3617265000,1039979326,14.6
04/11/2022,31900,357280000,11.2(-6.67 %),660030,7392336000,628130,7035056000,1039455698,14.65
07/11/2022,4447700,46478465000,10.45(-6.70 %),6269900,65520455000,1822200,19041990000,1033488498,15.14
08/11/2022,3145230,33496699500,10.65(1.43 %),3253330,34647964500,108100,1151265000,1030863298,15.35
09/11/2022,788000,8234600000,10.45(-2.34 %),1407500,14708375000,619500,6473775000,1031277998,15.32
10/11/2022,1466510,14254477200,9.72(-7.43 %),2668210,25935001200,1201700,11680524000,1028717888,15.53
11/11/2022,7397850,72498930000,9.8(1.03 %),7547150,73962070000,149300,1463140000,1021790238,16.1
14/11/2022,10984346,113687981100,10.35(5.61 %),11191700,115834095000,207354,2146113900,1011800238,16.92
15/11/2022,4369100,43254090000,9.9(-4.81 %),9119500,90283050000,4750400,47028960000,1005330038,17.45
16/11/2022,815560,8604158000,10.55(6.57 %),1073400,11324370000,257840,2720212000,1004463992,17.52
17/11/2022,3583100,39772410000,11.1(4.72 %),4582300,50863530000,999200,11091120000,1002132092,17.71
18/11/2022,-8658005,-96103855500,11.1(0.00 %),1398556,15523971600,10056561,111627827100,1001003376,17.81
21/11/2022,351150,3967995000,11.3(1.80 %),997500,11271750000,646350,7303755000,1001009876,17.8
22/11/2022,-981415,-11089989500,11.3(0.00 %),1683800,19026940000,2665215,30116929500,1009382637,17.12
23/11/2022,278300,2949980000,10.6(-6.19 %),1639500,17378700000,1361200,14428720000,1008389487,17.2
24/11/2022,76772,809944600,10.55(-0.47 %),1529200,16133060000,1452428,15323115400,1009525502,17.11
25/11/2022,866300,9745875000,11.25(6.13 %),1206500,13573125000,340200,3827250000,1009680202,17.09
28/11/2022,3388713,40664556000,12(6.19 %),3630113,43561356000,241400,2896800000,1006291489,0.0
29/11/2022,6854500,87737600000,12.8(6.67 %),7128800,91248640000,274300,3511040000,999436989,0.0
30/11/2022,3447395,46884572000,13.6(6.25 %),4786400,65095040000,1339005,18210468000,995989594,0.0
01/12/2022,1970890,25621570000,13(-4.41 %),5984700,77801100000,4013810,52179530000,990184227,0.0
02/12/2022,3215780,44699342000,13.9(6.92 %),3262900,45354310000,47120,654968000,986968447,18.96
05/12/2022,706400,10490040000,14.85(6.83 %),3545980,52657803000,2839580,42167763000,986262047,0.0
06/12/2022,2295251,32822089300,14.3(-4.03 %),3978051,56886129300,1682800,24064040000,983966796,0.0
07/12/2022,593300,8484190000,14.3(0.00 %),1148900,16429270000,555600,7945080000,983373496,19.25
08/12/2022,1768960,27065088000,15.3(6.99 %),2194100,33569730000,425140,6504642000,986250911,19.02
09/12/2022,-98297,-1523603500,15.5(1.31 %),2353103,36473096500,2451400,37996700000,985341408,19.09
12/12/2022,-636667,-9199838150,14.45(-6.77 %),801333,11579261850,1438000,20779100000,982339500,19.34
13/12/2022,5958930,92065468500,15.45(6.55 %),7470330,115416598500,1511400,23351130000,976380570,19.83
14/12/2022,913500,14250600000,15.6(0.65 %),3336800,52054080000,2423300,37803480000,975467070,0.0
15/12/2022,5641800,89704620000,15.9(1.92 %),6042100,96069390000,400300,6364770000,969825270,0.0
16/12/2022,4765447,76485424350,16.05(0.94 %),7017300,112627665000,2251853,36142240650,965059823,20.76
19/12/2022,-729930,-11313915000,15.5(-3.73 %),2246770,34824935000,2976700,46138850000,965789753,0.0
20/12/2022,4608420,70047984000,15.2(-1.94 %),5045320,76688864000,436900,6640880000,961181333,0.0
21/12/2022,2397100,35117515000,14.65(-3.62 %),3956500,57962725000,1559400,22845210000,958784233,21.27
22/12/2022,1249500,18180225000,14.55(-1.02 %),1835200,26702160000,585700,8521935000,957534733,21.38
23/12/2022,1573200,22024800000,14(-4.11 %),2095200,29332800000,522000,7308000000,955961533,21.5
26/12/2022,1145600,14950080000,13.05(-6.79 %),1648600,21514230000,503000,6564150000,954815933,21.6
27/12/2022,1721901,24020518950,13.95(6.49 %),2184200,30469590000,462299,6449071050,953094032,21.74
28/12/2022,231067,3258044700,14.1(0.71 %),2368100,33390210000,2137033,30132165300,952862965,0.0
29/12/2022,4243400,57285900000,13.5(-4.26 %),5359000,72346500000,1115600,15060600000,951347047,21.88
30/12/2022,1739500,23483250000,13.5(0.00 %),3184900,42996150000,1445400,19512900000,950060180,21.99
03/01/2023,1235500,17791200000,14.4(6.67 %),1499300,21589920000,263800,3798720000,948560880,0.0
04/01/2023,93527,1342112450,14.35(-0.35 %),466100,6688535000,372573,5346422550,950655780,21.94
05/01/2023,902280,13173288000,14.6(1.39 %),1067500,15585500000,165220,2412212000,949890080,22.0
06/01/2023,464652,6644523600,14.3(-2.05 %),922052,13185343600,457400,6540820000,949340601,22.05
09/01/2023,1157900,16673760000,14.4(0.70 %),1408400,20280960000,250500,3607200000,948135421,22.15
10/01/2023,396020,5702688000,14.4(0.00 %),967420,13930848000,571400,8228160000,947625401,22.19
11/01/2023,1482595,21868276250,14.75(2.43 %),1622900,23937775000,140305,2069498750,946253001,22.3
12/01/2023,-79120,-1163064000,14.7(-0.68 %),596900,8774430000,676020,9937494000,946519101,22.28
13/01/2023,1544700,23016030000,14.9(1.36 %),1582600,23580740000,37900,564710000,945076806,22.4
16/01/2023,-358800,-5382000000,15(0.67 %),223400,3351000000,582200,8733000000,945237826,22.38
17/01/2023,3395540,53989086000,15.9(6.00 %),3425840,54470856000,30300,481770000,941849886,22.66
18/01/2023,5302099,85628898850,16.15(1.57 %),5620600,90772690000,318501,5143791150,936811486,23.08
19/01/2023,3985200,66752100000,16.75(3.40 %),5734900,96059575000,1749700,29307475000,931106886,23.54
27/01/2023,1917800,31260140000,16.3(-2.98 %),7711300,125694190000,5793500,94434050000,923714087,24.15
30/01/2023,3012917,48959901250,16.25(-0.31 %),3121120,50718200000,108203,1758298750,922342667,24.26
31/01/2023,-340290,-5631799500,16.55(1.53 %),395500,6545525000,735790,12177324500,927745167,23.82
01/02/2023,341700,5262180000,15.4(-7.23 %),1900500,29267700000,1558800,24005520000,925952870,23.97
02/02/2023,1373750,20743625000,15.1(-1.95 %),1626850,24565435000,253100,3821810000,925061810,24.04
03/02/2023,-102260,-1544126000,15.1(0.00 %),344500,5201950000,446760,6746076000,926276110,23.94
06/02/2023,1978600,29975790000,15.15(0.33 %),1982000,30027300000,3400,51510000,924547210,24.08
07/02/2023,-2106400,-30226840000,14.35(-5.59 %),1647100,23635885000,3753500,53862725000,923346870,24.18
08/02/2023,923062,13476705200,14.6(1.39 %),2389362,34884685200,1466300,21407980000,920960908,24.38
09/02/2023,-540300,-7780320000,14.4(-1.37 %),1171800,16873920000,1712100,24654240000,923542608,24.17
10/02/2023,-311280,-4357920000,14(-2.78 %),124620,1744680000,435900,6102600000,924884288,24.06
13/02/2023,-337200,-4535340000,13.45(-3.93 %),354400,4766680000,691600,9302020000,926241988,23.94
14/02/2023,1374000,19098600000,13.9(2.96 %),1557000,21642300000,183000,2543700000,925120888,24.04
15/02/2023,-3138290,-43936060000,14(0.72 %),645900,9042600000,3784190,52978660000,925175588,24.03
16/02/2023,-630000,-9198000000,14.6(4.29 %),893100,13039260000,1523100,22237260000,924465488,24.09
17/02/2023,550600,7956170000,14.45(-1.03 %),1646300,23789035000,1095700,15832865000,927036578,23.88
20/02/2023,-1177400,-18190830000,15.45(6.55 %),624540,9649143000,1801940,27839973000,927935138,23.81
21/02/2023,-1708560,-25884684000,15.15(-2.26 %),418900,6346335000,2127460,32231019000,928523838,23.76
22/02/2023,-552900,-7906470000,14.3(-5.92 %),754000,10782200000,1306900,18688670000,929846878,23.65
23/02/2023,-2786912,-40410224000,14.5(1.40 %),1466691,21267019500,4253603,61677243500,930162547,23.62
24/02/2023,277000,3878000000,14(-3.45 %),1614400,22601600000,1337400,18723600000,929885547,23.65
27/02/2023,-1983700,-26581580000,13.4(-4.29 %),242100,3244140000,2225800,29825720000,933892350,23.32
28/02/2023,-810721,-10904197450,13.45(0.37 %),519539,6987799550,1330260,17891997000,934887411,23.23
01/03/2023,-798700,-11381475000,14.25(5.56 %),2522100,35939925000,3320800,47321400000,935037511,23.22
02/03/2023,-729970,-10146583000,13.9(-2.80 %),389030,5407517000,1119000,15554100000,935460641,23.19
03/03/2023,-1365600,-18572160000,13.6(-2.16 %),270300,3676080000,1635900,22248240000,938219641,22.96
06/03/2023,-2113800,-29276130000,13.85(1.84 %),506900,7020565000,2620700,36296695000,938831741,22.91
07/03/2023,-597600,-8485920000,14.2(2.16 %),554900,7879580000,1152500,16365500000,939757841,22.83
08/03/2023,2604700,38289090000,14.7(3.52 %),2811700,41331990000,207000,3042900000,939566841,22.85
09/03/2023,1480600,21764820000,14.7(0.00 %),2390200,35135940000,909600,13371120000,938329141,22.95
10/03/2023,3976500,57659250000,14.5(-1.36 %),4002000,58029000000,25500,369750000,934534141,23.26
13/03/2023,2178800,31592600000,14.5(0.00 %),3509800,50892100000,1331000,19299500000,932355341,0.0
14/03/2023,850300,11904200000,14(-3.45 %),1589600,22254400000,739300,10350200000,930369841,23.61
15/03/2023,489800,7322510000,14.95(6.79 %),557200,8330140000,67400,1007630000,931143641,23.54
16/03/2023,2313600,34241280000,14.8(-1.33 %),2470300,36560440000,156700,2319160000,929412641,23.68
17/03/2023,8303600,124554000000,15(1.35 %),9229700,138445500000,926100,13891500000,920250341,24.44
20/03/2023,-318068,-4564275800,14.35(-4.33 %),351400,5042590000,669468,9606865800,920055641,24.45
21/03/2023,-2352785,3878000000,14.8(2.78 %),1583500,22601600000,3936285,18723600000,919398241,24.51
22/03/2023,158500,2382765000,14.8(0.00 %),324900,4863265000,166400,2480500000,919239741,24.52
23/03/2023,1052400,15759585000,15.15(2.36 %),1564300,23513515000,511900,7753930000,918187341,24.61
24/03/2023,-1349000,-20640795000,15.3(0.66 %),188500,2899805000,1537500,23540600000,919536341,24.5
27/03/2023,653551,10097362950,15.45(0.98 %),2317500,35805375000,1663949,25708012050,918882790,0.0
28/03/2023,974800,14865700000,15.25(-1.61 %),1226400,18702600000,251600,3836900000,917907990,24.63
29/03/2023,-2554650,-39341610000,15.4(0.65 %),202950,3125430000,2757600,42467040000,922059203,24.29
30/03/2023,-3751900,-57216475000,15.25(-0.97 %),43700,666425000,3795600,57882900000,922267103,24.27
31/03/2023,-3249870,-50372985000,15.5(1.31 %),2491130,38612515000,5741000,88985500000,922533573,24.25
03/04/2023,-6241410,-99238419000,15.9(2.58 %),1561500,24827850000,7802910,124066269000,924767673,24.07
04/04/2023,-2622310,-42481422000,16.2(1.89 %),2448900,39672180000,5071210,82153602000,928059773,23.79
05/04/2023,964450,15624090000,16.2(0.00 %),1153450,18685890000,189000,3061800000,934709233,23.25
06/04/2023,-146300,-2289595000,15.65(-3.40 %),361900,5663735000,508200,7953330000,939418543,22.86
07/04/2023,390200,6165160000,15.8(0.64 %),398500,6296300000,8300,131140000,939209043,22.88
10/04/2023,1320700,20999130000,15.9(0.63 %),1732700,27549930000,412000,6550800000,937984543,22.98
11/04/2023,-5257300,-83591070000,15.9(0.00 %),237400,3774660000,5494700,87365730000,937755443,23.0
12/04/2023,-1392937,-21729817200,15.6(-1.89 %),177700,2772120000,1570637,24501937200,937990243,22.98
13/04/2023,-4396500,-66826800000,15.2(-2.56 %),62900,956080000,4459400,67782880000,943422043,22.53
14/04/2023,-2577508,-38275993800,14.85(-2.30 %),57300,850905000,2634808,39126898800,944935380,22.41
17/04/2023,177791,2649085900,14.9(0.00 %),241701,3601344900,63910,952259000,949153079,22.06
18/04/2023,-157600,-2395520000,15.2(2.01 %),660100,10033520000,817700,12429040000,951127787,21.9
19/04/2023,-321700,-4793330000,14.9(-1.97 %),553200,8242680000,874900,13036010000,950638497,21.94
20/04/2023,-49100,-730710000,14.85(-0.34 %),100,1480000,49200,732190000,950687597,21.94
21/04/2023,-39900,-600495000,15.05(1.01 %),534800,8048740000,574700,8649235000,951796197,21.85
24/04/2023,106800,1596660000,14.95(-0.99 %),528400,7899580000,421600,6302920000,951317013,21.89
25/04/2023,63500,927100000,14.6(-2.67 %),546200,7974520000,482700,7047420000,951345513,21.88
26/04/2023,-1432380,-20984367000,14.65(0.34 %),3334214,48846235100,4766594,69830602100,951235493,21.89
27/04/2023,-1082000,-15869130000,14.55(-0.68 %),504000,7378085000,1586000,23247215000,952317493,21.8
28/04/2023,8400,201365000,14.9(2.41 %),1082700,16026350000,1074300,15824985000,952309093,21.8
04/05/2023,-858700,-12781775000,15(0.67 %),569500,8434200000,1428200,21215975000,952095493,21.82
05/05/2023,-1293400,-19200695000,14.75(-1.67 %),8100,120175000,1301500,19320870000,954178160,21.65
08/05/2023,415300,6316180000,15.15(2.71 %),1324300,19978750000,909000,13662570000,954282060,21.64
09/05/2023,-879300,-13226425000,15.05(-0.99 %),213100,3220720000,1092400,16447145000,955370460,21.55
10/05/2023,713000,10890665000,15.3(1.32 %),789900,12065095000,76900,1174430000,954657460,21.61
11/05/2023,4636600,72270340000,15.55(1.63 %),4657200,72588130000,20600,317790000,951924760,21.84
12/05/2023,2218100,34926915000,15.85(1.60 %),2453200,38578685000,235100,3651770000,949548460,22.03
15/05/2023,582900,9108930000,15.5(-2.21 %),1054300,16508000000,471400,7399070000,948965560,22.08
16/05/2023,932800,14525965000,15.6(0.65 %),981200,15278825000,48400,752860000,948032760,22.15
17/05/2023,789500,12288375000,15.25(-2.24 %),792900,12341330000,3400,52955000,947243260,22.22
18/05/2023,1606500,25064065000,15.5(1.64 %),1616400,25217420000,9900,153355000,945636760,22.35
19/05/2023,620600,10144095000,16.1(3.87 %),3001000,48323900000,2380400,38179805000,945016160,22.4
22/05/2023,-3277500,-53270875000,16.2(0.62 %),131800,2151140000,3409300,55422015000,948293660,22.13
23/05/2023,-6463800,-105724230000,16.45(1.54 %),284600,4688720000,6748400,110412950000,954757460,21.6
24/05/2023,-4783900,-77901880000,16.1(-2.13 %),157800,2572205000,4941700,80474085000,959541360,21.21
25/05/2023,-2872800,-45830430000,15.85(-1.55 %),797700,12710995000,3670500,58541425000,962414160,20.97
26/05/2023,-3640800,-58238600000,15.95(0.63 %),595400,9524535000,4236200,67763135000,966054960,20.68
29/05/2023,1911000,31244015000,17.05(6.90 %),2415500,39786280000,504500,8542265000,964143960,20.83
30/05/2023,49000,863620000,17.4(2.05 %),422300,7283870000,373300,6420250000,964094960,20.84
31/05/2023,-325000,-5751330000,17.5(0.57 %),411900,7234975000,736900,12986305000,964419960,20.81
01/06/2023,617300,10921960000,18.2(4.00 %),1112900,19811390000,495600,8889430000,963565774,20.88
02/06/2023,-129300,-2365910000,18.3(0.55 %),803800,14734710000,933100,17100620000,963695074,20.87
05/06/2023,417600,7659820000,18.05(-1.37 %),1356000,24784475000,938400,17124655000,963277474,20.9
06/06/2023,4365600,82166240000,19.3(6.93 %),6528600,122740715000,2163000,40574475000,958911874,21.26
07/06/2023,674400,13020605000,19.25(-0.26 %),2098200,40391430000,1423800,27370825000,958237474,21.32
08/06/2023,1298100,24770280000,18.1(-5.97 %),3050600,57571120000,1752500,32800840000,956939374,21.42
09/06/2023,6897100,126873040000,18.95(4.70 %),7036100,129483800000,139000,2610760000,950042274,21.99
12/06/2023,-563900,-10256020000,18.85(-0.53 %),2892200,54147555000,3456100,64403575000,950606174,21.94
13/06/2023,839600,15734140000,18.65(-1.06 %),1518800,28442910000,679200,12708770000,949766574,22.01
14/06/2023,4215300,79679235000,18.7(0.27 %),4599500,86982350000,384200,7303115000,945551274,22.36
15/06/2023,5870300,111306170000,19.1(2.14 %),6903200,130772145000,1032900,19465975000,939680974,22.84
16/06/2023,9979600,202236350000,19.4(1.57 %),13572300,272065130000,3592700,69828780000,922114511,24.28
19/06/2023,-123400,-2245145000,19.2(-1.03 %),1164200,22710385000,1287600,24955530000,921983241,24.29
20/06/2023,-1861100,-35815885000,19.6(2.08 %),331400,6359215000,2192500,42175100000,923844341,24.14
21/06/2023,-485600,-9501240000,19.75(0.77 %),573600,11284385000,1059200,20785625000,925958541,23.97
22/06/2023,-741200,-14579945000,19.65(-0.51 %),236700,4668260000,977900,19248205000,926699741,23.91
23/06/2023,394900,7783015000,19.7(0.00 %),868800,17081485000,473900,9298470000,926304841,23.94
26/06/2023,-2549600,-48971165000,19.35(-1.78 %),133700,2578715000,2683300,51549880000,928958669,23.72
27/06/2023,-142000,-2771650000,19.65(1.29 %),423300,8266995000,565300,11038645000,929100669,23.71
28/06/2023,-541100,-10656210000,19.55(-0.76 %),102800,2040025000,643900,12696235000,929641769,23.66
29/06/2023,-1372600,-25847740000,18.8(-4.08 %),931100,17872750000,2303700,43720490000,931014369,23.55
30/06/2023,784800,14876325000,18.9(0.53 %),848100,16069125000,63300,1192800000,930229569,23.62
03/07/2023,35100,674215000,18.85(-0.26 %),229600,4348240000,194500,3674025000,930573761,23.59
04/07/2023,986200,19166605000,19.6(3.70 %),2058200,39819555000,1072000,20652950000,929587561,23.67
05/07/2023,-106900,-2101025000,19.3(-1.53 %),312100,6104405000,419000,8205430000,929694461,23.66
06/07/2023,-1802800,-33421025000,18.05(-6.48 %),562900,10525725000,2365700,43946750000,929558894,23.67
07/07/2023,-2742500,-47463870000,17.7(-2.21 %),2700400,47439415000,5442900,94903285000,927277494,23.86
10/07/2023,-704500,-12546805000,17.75(0.28 %),1754600,31450755000,2459100,43997560000,927981994,23.8
11/07/2023,-1194300,-21393190000,17.9(0.56 %),376300,6746760000,1570600,28139950000,929176294,23.7
12/07/2023,-2064400,-36499575000,17.6(-1.68 %),1082900,19075780000,3147300,55575355000,931240694,23.53
13/07/2023,1564100,27916320000,17.95(1.99 %),2302800,41089760000,738700,13173440000,929676594,23.66
14/07/2023,1446100,26634410000,18.5(2.78 %),1529600,28168800000,83500,1534390000,935249210,23.2
17/07/2023,-143000,-2598155000,18.3(-1.08 %),311900,5778720000,454900,8376875000,935392210,23.19
18/07/2023,1293400,23716555000,18.4(0.55 %),1428000,26162140000,134600,2445585000,934098810,23.3
19/07/2023,490100,8885480000,18.1(-1.63 %),732000,13305285000,241900,4419805000,934054427,23.3
20/07/2023,290300,5260785000,18.15(0.28 %),314300,5693100000,24000,432315000,933764127,23.33
21/07/2023,1271600,23652710000,18.8(3.30 %),1819000,33809415000,547400,10156705000,932492527,23.43
24/07/2023,150700,2905260000,19.05(1.33 %),601100,11453930000,450400,8548670000,931745807,23.49
25/07/2023,549800,10428440000,18.9(-1.05 %),709000,13447760000,159200,3019320000,931584222,23.51
26/07/2023,1238800,23460760000,19.3(2.12 %),1385000,26240935000,146200,2780175000,930345422,23.61
27/07/2023,7800,145605000,19.4(0.52 %),109900,2129360000,102100,1983755000,930337622,23.61
28/07/2023,2155800,43688375000,20.3(4.64 %),2380200,48184270000,224400,4495895000,928181822,23.78
31/07/2023,498100,10159665000,20.8(2.46 %),1151600,23730500000,653500,13570835000,927683722,23.83
01/08/2023,300500,6239295000,20(-3.85 %),834600,17109495000,534100,10870200000,927441503,23.85
02/08/2023,1093200,22237590000,20.2(1.00 %),2416000,48786420000,1322800,26548830000,926348303,23.94
03/08/2023,-2997300,-60104530000,19.8(-1.98 %),478300,9605000000,3475600,69709530000,929345603,23.69
04/08/2023,376400,7700195000,20.6(4.04 %),640500,12957610000,264100,5257415000,925806873,23.98
07/08/2023,-754900,-15726855000,20.55(-0.24 %),377000,7870185000,1131900,23597040000,926561773,23.92
08/08/2023,-2071600,-42060080000,20.1(-2.19 %),122500,2491815000,2194100,44551895000,928633373,23.75
09/08/2023,272100,5528410000,20(-0.50 %),768300,15467200000,496200,9938790000,928361273,23.77
10/08/2023,77700,1570405000,20.1(0.50 %),274100,5507495000,196400,3937090000,928283573,23.78
11/08/2023,-2515700,-50379330000,20.05(-0.25 %),105000,2106165000,2620700,52485495000,930799273,23.57
14/08/2023,-902800,-19697720000,21.4(6.47 %),1148400,23988310000,2051200,43686030000,930808308,23.57
15/08/2023,-123100,-2605150000,21.1(-1.40 %),241000,5135995000,364100,7741145000,933188006,23.37
16/08/2023,-173700,-3679165000,21.3(0.95 %),261600,5495230000,435300,9174395000,934977606,23.23
17/08/2023,-327500,-7193220000,21.5(0.94 %),400200,8712040000,727700,15905260000,935305106,23.2
18/08/2023,-1004400,-21186700000,20(-6.98 %),375900,7698565000,1380300,28885265000,935000795,23.22
21/08/2023,889800,18215400000,20.45(2.25 %),1259800,25714900000,370000,7499500000,934468659,23.27
22/08/2023,-2125100,-43064705000,21(2.44 %),518100,10605685000,2643200,53670390000,935330875,23.2
23/08/2023,-2574600,-53995040000,20.55(-2.14 %),2073400,43284760000,4648000,97279800000,933627704,23.34
24/08/2023,860000,18020755000,21.3(3.65 %),925200,19398370000,65200,1377615000,932767704,23.41
25/08/2023,1346200,29294755000,21.85(2.58 %),1692900,36847265000,346700,7552510000,938309862,22.95
28/08/2023,1256600,27870110000,22.2(1.60 %),1840300,40784610000,583700,12914500000,937053262,23.06
29/08/2023,1487600,33045660000,22.4(0.90 %),2079400,46222195000,591800,13176535000,934802062,23.24
30/08/2023,938400,21037980000,23.5(4.91 %),1246700,28040685000,308300,7002705000,933863662,23.32
31/08/2023,-166800,-3938080000,23.5(0.00 %),735900,17298345000,902700,21236425000,933995058,23.31
05/09/2023,-942000,-22133035000,23.5(0.00 %),94200,2215480000,1036200,24348515000,934209158,23.29
06/09/2023,180900,4433100000,24(2.13 %),749600,18020645000,568700,13587545000,934028258,23.3
07/09/2023,-999700,-23925575000,23.8(-0.83 %),160900,3852655000,1160600,27778230000,935237558,23.21
08/09/2023,-634600,-15124915000,23.65(-0.63 %),418200,10003835000,1052800,25128750000,935388148,23.19
11/09/2023,-706500,-16755210000,23.4(-1.06 %),193600,4613455000,900100,21368665000,936355173,23.11
12/09/2023,1806800,44212710000,25(6.84 %),2771200,67065495000,964400,22852785000,934636898,23.25
13/09/2023,-1587200,-39474500000,24.5(-2.00 %),184100,4544710000,1771300,44019210000,935352898,23.2
14/09/2023,849800,20779640000,24.15(-1.43 %),1281200,31218065000,431400,10438425000,935036034,23.22
15/09/2023,451500,10963715000,24(-0.62 %),768500,18584960000,317000,7621245000,936038863,23.14
18/09/2023,0,0,24.55(2.29 %),0,0,0,0,936038863,23.14
19/09/2023,-302900,-7327365000,24.75(0.81 %),1187400,29210665000,1490300,36538030000,935825921,23.16
20/09/2023,913300,22918525000,25.25(2.02 %),1528700,38584230000,615400,15665705000,934912621,23.23
21/09/2023,-72800,-1940080000,24.2(-4.16 %),702200,17397035000,775000,19337115000,934985421,23.23
22/09/2023,521200,11901245000,22.55(-6.82 %),734200,16806840000,213000,4905595000,936023244,23.14
25/09/2023,-58600,-1268890000,21(-6.87 %),452700,9928635000,511300,11197525000,936345560,23.11
26/09/2023,-1537100,-33835310000,20.65(-1.67 %),1851100,38916450000,3388200,72751760000,934707450,23.25
27/09/2023,-404400,-8460545000,21.85(5.81 %),946900,19808550000,1351300,28269095000,935111850,23.22
28/09/2023,-3024900,-64164785000,21.05(-3.66 %),96200,2040740000,3121100,66205525000,938136750,22.97
29/09/2023,-456800,-9617660000,21(-0.24 %),27300,580265000,484100,10197925000,938897127,22.9
02/10/2023,226700,4866795000,21.1(0.48 %),377000,8058640000,150300,3191845000,941641238,22.68
03/10/2023,228600,4430240000,19.65(-6.87 %),719300,14424400000,490700,9994160000,941405993,22.7
04/10/2023,2172900,43694085000,20.35(3.56 %),2314200,46580160000,141300,2886075000,939233093,22.88
05/10/2023,-934200,-19002210000,19.55(-3.93 %),27500,548105000,961700,19550315000,939734284,22.84
06/10/2023,661800,13386875000,20.9(6.91 %),1189200,23973775000,527400,10586900000,939072484,22.89
09/10/2023,-384000,-8277205000,21.6(3.35 %),991200,21243500000,1375200,29520705000,939456484,22.86
10/10/2023,403900,8685125000,21.4(-0.93 %),1449700,31398165000,1045800,22713040000,937744254,23.0
11/10/2023,653600,14139375000,22.2(3.74 %),705500,15265825000,51900,1126450000,938413951,22.94
12/10/2023,227700,5037875000,22.05(-0.68 %),892600,19876345000,664900,14838470000,938567146,22.93
13/10/2023,721200,15740575000,22(-0.23 %),843300,18397475000,122100,2656900000,937795765,23.0
16/10/2023,-1795200,-38635340000,20.95(-4.77 %),198200,4252555000,1993400,42887895000,938262405,22.96
17/10/2023,1237700,26044835000,20(-4.53 %),1253000,26372970000,15300,328135000,937131505,23.05
18/10/2023,1804200,36243965000,20.15(0.75 %),1976500,39698950000,172300,3454985000,937148395,23.05
19/10/2023,-1249800,-24527460000,19.15(-4.96 %),422900,8240635000,1672700,32768095000,936740835,23.08
20/10/2023,180200,3565620000,19.95(4.18 %),603100,11607535000,422900,8041915000,936329977,23.12
23/10/2023,-2643700,-52337990000,19.4(-2.76 %),182700,3595655000,2826400,55933645000,937819957,22.99
24/10/2023,-948100,-18415845000,19.75(1.80 %),543300,10669790000,1491400,29085635000,938768057,22.92
25/10/2023,-860500,-17232530000,19.65(-0.51 %),544700,10779150000,1405200,28011680000,937699433,23.0
26/10/2023,-627400,-11488610000,18.3(-6.87 %),1877800,34673905000,2505200,46162515000,939603613,22.85
27/10/2023,153300,2937925000,18.5(1.09 %),811200,14948655000,657900,12010730000,940217613,22.8
30/10/2023,2082000,36705555000,17.3(-6.49 %),2084100,36743665000,2100,38110000,940658773,22.76
31/10/2023,1845800,32523815000,16.3(-5.78 %),3362900,57339040000,1517100,24815225000,937961743,22.98
01/11/2023,3604200,60258970000,17.35(6.44 %),3687600,61674090000,83400,1415120000,934286243,23.28
02/11/2023,-467300,-8083670000,18.55(6.92 %),1071500,19457350000,1538800,27541020000,934753543,23.25
03/11/2023,-2330800,-43228630000,18.5(-0.27 %),290100,5377440000,2620900,48606070000,937084343,23.05
06/11/2023,-166000,-3069805000,18.7(1.08 %),539700,10057825000,705700,13127630000,937250343,23.04
07/11/2023,-410400,-7683055000,18.3(-2.14 %),1416700,26259775000,1827100,33942830000,937660743,23.01
08/11/2023,-1753100,-33158645000,19.55(6.83 %),764200,14288155000,2517300,47446800000,934669810,23.25
09/11/2023,-54900,-1276730000,20.05(2.56 %),1277200,25699805000,1332100,26976535000,935219773,23.21
10/11/2023,-990800,-19948530000,20.05(0.00 %),252500,5120635000,1243300,25069165000,937484653,23.02
13/11/2023,-341700,-6857985000,20.2(0.75 %),335200,6774930000,676900,13632915000,938481572,22.94
14/11/2023,1413723,28997719100,20.4(0.99 %),1926923,39543029100,513200,10545310000,936412630,23.11
15/11/2023,-317700,-6576005000,20.5(0.49 %),311300,6540330000,629000,13116335000,936730330,23.08
16/11/2023,0,0,21(2.44 %),0,0,0,0,936730330,23.08
17/11/2023,-480100,-10002940000,20.25(-3.57 %),213500,4379985000,693600,14382925000,937820412,22.99
20/11/2023,1774300,36110575000,21.2(4.69 %),2158600,44033950000,384300,7923375000,935864412,23.15
21/11/2023,1488000,32126635000,21.7(2.36 %),1978400,42733210000,490400,10606575000,934579612,23.26
22/11/2023,-206500,-4497605000,21.9(0.92 %),142900,3096805000,349400,7594410000,934821032,23.24
23/11/2023,3724200,81123265000,20.6(-5.94 %),4154700,90517560000,430500,9394295000,931096832,23.55
24/11/2023,995800,20741600000,21.3(3.40 %),1278700,26606830000,282900,5865230000,930101032,23.63
27/11/2023,-837500,-17736560000,20.6(-3.29 %),225600,4712835000,1063100,22449395000,930938532,23.56
28/11/2023,-989200,-20404295000,20.8(0.97 %),553700,11320040000,1542900,31724335000,931927732,23.48
29/11/2023,1304000,27424620000,21.05(1.20 %),1580500,33241875000,276500,5817255000,930623732,23.58
30/11/2023,-1437400,-30069205000,20.95(-0.48 %),398600,8444810000,1836000,38514015000,932061132,23.47
01/12/2023,462600,9772950000,21.35(1.91 %),539100,11396935000,76500,1623985000,930797610,23.57
04/12/2023,-4279100,-95295385000,22.7(6.32 %),538000,12001005000,4817100,107296390000,935076710,23.22
05/12/2023,-3691300,-83352610000,22.55(-0.66 %),234200,5293295000,3925500,88645905000,938768010,22.92
06/12/2023,-3767400,-85566410000,22.75(0.89 %),844300,19173545000,4611700,104739955000,942535410,22.61
07/12/2023,-369700,-8225725000,22(-3.30 %),727700,16006815000,1097400,24232540000,942905110,22.58
08/12/2023,864800,18958205000,21.7(-1.36 %),1694100,37133645000,829300,18175440000,942040310,22.65
11/12/2023,2045600,44308295000,21.95(1.15 %),2256800,48876000000,211200,4567705000,939994710,22.81
12/12/2023,3097500,68532260000,22.05(0.46 %),3518100,77820370000,420600,9288110000,936897210,23.07
13/12/2023,-344100,-7593115000,21.6(-2.04 %),54200,1186515000,398300,8779630000,937241310,23.04
14/12/2023,135700,2945950000,21.45(-0.69 %),310200,6739095000,174500,3793145000,937105610,23.05
15/12/2023,5112200,111892080000,21.8(1.63 %),14461400,315400520000,9349200,203508440000,931993410,23.47
18/12/2023,-719700,-15625560000,21.55(-1.15 %),376800,8201170000,1096500,23826730000,932713110,23.41
19/12/2023,-1501100,-32443095000,21.8(1.16 %),35400,763630000,1536500,33206725000,934214210,23.29
20/12/2023,-55400,-1148045000,21.95(0.69 %),260300,5746810000,315700,6894855000,934269610,23.28
21/12/2023,-2074500,-45285365000,21.75(-0.91 %),253600,5542945000,2328100,50828310000,936344110,23.11
22/12/2023,-3653000,-79640515000,21.5(-1.15 %),136200,2961695000,3789200,82602210000,939997110,22.81
25/12/2023,-171100,-3673710000,21.7(0.93 %),506900,11023955000,678000,14697665000,940168210,22.8
26/12/2023,-2665200,-58147690000,21.85(0.69 %),65500,1428040000,2730700,59575730000,942833410,22.58
27/12/2023,-541900,-11955200000,22(0.69 %),207800,4600295000,749700,16555495000,943375310,22.54
28/12/2023,463100,10221375000,22.15(0.68 %),675000,14910965000,211900,4689590000,942912210,22.58
29/12/2023,-73400,-1619580000,22.25(0.45 %),248800,5531050000,322200,7150630000,942985610,22.57
02/01/2024,177400,3980555000,22.15(-0.45 %),334400,7489375000,157000,3508820000,943912600,22.49
03/01/2024,-133600,-2889555000,22.35(0.90 %),546600,12181625000,680200,15071180000,944168681,22.47
04/01/2024,166400,3781440000,22.3(-0.22 %),420100,9553935000,253700,5772495000,944002281,22.49
05/01/2024,-547300,-12101995000,22.3(0.00 %),131100,2921045000,678400,15023040000,944549581,22.44
08/01/2024,451700,10089990000,22.25(-0.22 %),946800,21141830000,495100,11051840000,944097881,22.48
09/01/2024,711300,15831295000,22.15(-0.45 %),792400,17634970000,81100,1803675000,943214144,22.55
10/01/2024,772400,16974265000,21.75(-1.81 %),1159300,25434395000,386900,8460130000,942607000,22.6
11/01/2024,320800,7050945000,21.95(0.92 %),593200,13015345000,272400,5964400000,942143744,22.64
12/01/2024,500400,10925660000,21.8(-0.68 %),613500,13379930000,113100,2454270000,941458581,22.69
15/01/2024,462700,10082050000,21.5(-1.38 %),583100,12681770000,120400,2599720000,941606464,22.68
16/01/2024,-29300,-623680000,21.8(1.40 %),150800,3253525000,180100,3877205000,941568800,22.69
17/01/2024,-300300,-6670650000,21.95(0.69 %),943400,20783070000,1243700,27453720000,940745664,22.75
18/01/2024,-1172100,-25685450000,21.9(-0.23 %),25700,563790000,1197800,26249240000,942497581,22.61
19/01/2024,-1304500,-28532145000,21.7(-0.91 %),45100,985155000,1349600,29517300000,943802081,22.5
22/01/2024,-567400,-12420720000,21.95(1.15 %),191100,4194005000,758500,16614725000,944369481,22.46
23/01/2024,-1889700,-41533060000,21.9(-0.23 %),1006200,22139105000,2895900,63672165000,946259181,22.3
24/01/2024,-71200,-1495395000,22.05(0.68 %),1400900,30963585000,1472100,32458980000,946330381,22.29
25/01/2024,-1404600,-30912090000,21.9(-0.68 %),78300,1728860000,1482900,32640950000,947734981,22.18
26/01/2024,-25300,-556610000,21.95(0.23 %),62000,1362830000,87300,1919440000,947760281,22.18
29/01/2024,-97300,-2127905000,21.8(-0.68 %),110900,2434275000,208200,4562180000,948452544,22.12
30/01/2024,-51200,-1117955000,21.85(0.23 %),23200,505030000,74400,1622985000,948516700,22.12
31/01/2024,-3169200,-69711205000,21.8(-0.23 %),498700,11016145000,3667900,80727350000,948226100,22.14
01/02/2024,467800,10198395000,21.75(-0.23 %),715800,15607445000,248000,5409050000,948226119,22.14
02/02/2024,-59792,-1312304800,21.8(0.23 %),4508,98850200,64300,1411155000,947584640,22.19
05/02/2024,1448700,32020570000,22.2(1.83 %),1593800,35203795000,145100,3183225000,946121316,22.31
06/02/2024,154707,3456046800,22.1(-0.45 %),299110,6678709000,144403,3222662200,949417500,22.04
07/02/2024,6879100,156013630100,23(4.07 %),6976300,158208255000,97200,2194624900,942481100,22.61
15/02/2024,-1709601,-39481728850,23(0.00 %),37105,858464750,1746706,40340193600,942588400,22.6
16/02/2024,-3600839,-83424081750,23.2(0.87 %),172200,3996470000,3773039,87420551750,942513400,22.61
19/02/2024,-6357542,-146021537100,22.95(-1.08 %),309278,7087805900,6666820,153109343000,943950848,22.49
20/02/2024,176889,4099116450,23(0.22 %),563400,13036750000,386511,8937633550,947160448,22.23
21/02/2024,-305406,-6956445900,22.6(-1.74 %),79700,1817355000,385106,8773800900,953766600,21.68
22/02/2024,-498862,-11267845350,22.5(-0.44 %),132300,2990500000,631162,14258345350,953766600,21.68
23/02/2024,461900,10330500000,22.05(-2.00 %),1130000,25368645000,668100,15038145000,950920970,21.92
26/02/2024,1159295,25813282250,22.65(2.72 %),1518300,33870085000,359005,8056802750,952388736,21.8
27/02/2024,210630,4816359000,22.8(0.66 %),513600,11721920000,302970,6905561000,949551045,22.03
28/02/2024,139488,3189079250,22.6(-0.88 %),291600,6639315000,152112,3450235750,949411557,22.04
29/02/2024,-608789,-13723929300,22.65(0.22 %),701311,16089130700,1310100,29813060000,952212352,21.81
01/03/2024,3323363,77000108450,23.2(2.43 %),3543400,82091680000,220037,5091571550,948668924,22.1
04/03/2024,3282160,76979436000,23.45(1.08 %),3441140,80706793000,158980,3727357000,945386764,22.37
05/03/2024,517304,12014316600,23.5(0.21 %),2388000,55628225000,1870696,43613908400,944507900,22.44
06/03/2024,-737700,-17117025000,22.95(-2.34 %),1344600,30994240000,2082300,48111265000,945607160,22.35
07/03/2024,1152359,27035466500,23.5(2.17 %),1930500,45120275000,778141,18084808500,944454801,22.45
08/03/2024,-2833154,-66809694600,23.5(0.00 %),2822402,67818532600,5655556,134628227200,947287955,22.22
11/03/2024,-287500,-6822820000,22.9(-2.55 %),1412300,32800275000,1699800,39623095000,947575455,22.19
12/03/2024,-19200,-401800000,22.6(-1.31 %),2114400,48107670000,2133600,48509470000,945470144,22.37
13/03/2024,-2159500,-49233055000,23.55(4.20 %),1477100,33853715000,3636600,83086770000,945692934,22.35
14/03/2024,292600,7217045000,23.3(-1.06 %),1644200,39153835000,1351600,31936790000,945400334,22.37
15/03/2024,-5044600,-118205615000,23.55(1.07 %),277800,6486870000,5322400,124692485000,950444934,21.96
18/03/2024,-445200,-10152170000,23.2(-1.49 %),842900,19256735000,1288100,29408905000,950049900,21.99
19/03/2024,-1530200,-35264395000,23.05(-0.65 %),74500,1718135000,1604700,36982530000,955297900,21.56
20/03/2024,-878800,-20194660000,23.4(1.52 %),146500,3388860000,1025300,23583520000,953299134,21.72
21/03/2024,7752500,187796550000,24.25(3.63 %),8620500,208762570000,868000,20966020000,945546634,22.36
22/03/2024,-128500,-3143785000,24.3(0.21 %),514300,12514170000,642800,15657955000,945675134,22.35
25/03/2024,-3725400,-89147420000,23.95(-1.44 %),973000,23422050000,4698400,112569470000,949829600,22.01
26/03/2024,-17158100,-395384780000,23.45(-2.09 %),303800,7002110000,17461900,402386890000,965551334,20.72
27/03/2024,-880900,-20705195000,23.3(-0.64 %),229300,5356655000,1110200,26061850000,954637760,21.61
28/03/2024,-4829700,-112396660000,23.2(-0.43 %),68500,1596100000,4898200,113992760000,972031168,20.18
29/03/2024,-8250200,-189455335000,22.95(-1.08 %),182700,4215215000,8432900,193670550000,972958656,20.11
01/04/2024,-2627500,-60194660000,22.9(-0.22 %),271200,6215250000,2898700,66409910000,977585664,19.73
02/04/2024,-1085200,-24688760000,23.1(0.87 %),34800,790580000,1120000,25479340000,974043882,20.02
03/04/2024,-3025500,-69752490000,22.8(-1.30 %),54300,1249365000,3079800,71001855000,988828200,18.81
04/04/2024,-111500,-2506675000,22.5(-1.32 %),116800,2649905000,228300,5156580000,977180882,19.76
05/04/2024,-444900,-9866400000,22.05(-2.00 %),186400,4134195000,631300,14000595000,992723800,18.49
08/04/2024,196700,4293595000,21.65(-1.81 %),269400,5877375000,72700,1583780000,977429082,19.74
09/04/2024,311800,6826245000,22.25(2.77 %),495500,10850480000,183700,4024235000,977117282,19.77
10/04/2024,-105400,-2329370000,22(-1.12 %),361700,7991030000,467100,10320400000,977222682,19.76
11/04/2024,-234600,-5115730000,21.8(-0.91 %),241300,5277100000,475900,10392830000,992472768,18.51
12/04/2024,-919500,-20175165000,21.95(0.69 %),17300,382680000,936800,20557845000,992922600,18.47
15/04/2024,-323100,-7733630000,20.45(-6.83 %),670400,13847530000,993500,21581160000,978699882,19.64
16/04/2024,214300,4097370000,20.1(-1.71 %),1265500,25179420000,1051200,21082050000,978485582,19.65
17/04/2024,-93000,-1903200000,19.35(-3.73 %),235500,4632590000,328500,6535790000,978792882,19.63
19/04/2024,4676500,89400665000,18.9(-2.33 %),5267400,100598940000,590900,11198275000,974116382,20.01
22/04/2024,7123800,141746560000,20.2(6.88 %),11419600,225894550000,4295800,84147990000,977864256,19.71
23/04/2024,-2080100,-41817755000,19.7(-2.48 %),214500,4286745000,2294600,46104500000,978240800,19.67
24/04/2024,4425900,91075120000,20.9(6.09 %),5379500,110706595000,953600,19631475000,964646782,20.79
25/04/2024,2166000,45284800000,21(0.48 %),3064500,64010830000,898500,18726030000,962480782,20.97
26/04/2024,127300,2551265000,20.65(-1.67 %),1185800,24496755000,1058500,21945490000,976154944,19.85
02/05/2024,-387700,-7938045000,20.3(-1.69 %),490600,9981010000,878300,17919055000,976562800,19.81
03/05/2024,-29600,-609345000,20.3(0.00 %),264100,5407050000,293700,6016395000,977357248,19.75
06/05/2024,1901300,39801600000,21.1(3.94 %),1965900,41146035000,64600,1344435000,976269632,19.84
07/05/2024,163400,3431970000,20.95(-0.71 %),485800,10176985000,322400,6745015000,976077500,19.85
08/05/2024,-545200,-11314600000,20.9(-0.24 %),483600,10088650000,1028800,21403250000,975658500,19.89
09/05/2024,-1430700,-29647035000,20.6(-1.44 %),30400,627650000,1461100,30274685000,975950500,19.86
10/05/2024,231300,4787135000,20.8(0.97 %),558900,11541550000,327600,6754415000,976420500,19.82
13/05/2024,-278200,-5785940000,20.8(0.00 %),104400,2171575000,382600,7957515000,977777152,19.71
14/05/2024,-224600,-4637355000,20.7(-0.48 %),294100,6133120000,518700,10770475000,976367221,19.83
15/05/2024,611600,12898605000,21(1.45 %),1242400,26081650000,630800,13183045000,975755621,19.88
16/05/2024,-295600,-6264155000,21.05(0.24 %),68200,1449315000,363800,7713470000,976051221,19.85
17/05/2024,-1053500,-22619570000,21.9(4.04 %),63100,1348055000,1116600,23967625000,977969100,19.7
20/05/2024,-1693100,-37246790000,21.7(-0.91 %),47300,1039905000,1740400,38286695000,978285600,19.67
21/05/2024,-2112800,-45583420000,21.45(-1.15 %),15700,338535000,2128500,45921955000,979386560,19.58
22/05/2024,-940000,-20281480000,21.3(-0.70 %),79100,1710600000,1019100,21992080000,981047744,19.44
23/05/2024,-3266900,-67586100000,20.6(-3.29 %),616400,12717505000,3883300,80303605000,982559900,19.32
24/05/2024,-1839200,-37117205000,20.05(-2.67 %),215700,4347075000,2054900,41464280000,986661121,18.98
27/05/2024,40600,794365000,20.25(1.00 %),690800,13939765000,650200,13145400000,986555840,18.99
28/05/2024,-1599200,-32487455000,20.4(0.74 %),907900,18443915000,2507100,50931370000,987702700,18.9
29/05/2024,-10295600,-188106085000,18.2(1.56 %),636900,11693375000,10932500,199799460000,987716100,18.9
30/05/2024,-9930400,-176963655000,17.85(-1.92 %),245900,4418485000,10176300,181382140000,989977344,18.71
31/05/2024,-2297700,-41110735000,17.8(-0.28 %),8700,155645000,2306400,41266380000,1000901250,17.81
03/06/2024,-2646200,-48179035000,18.15(1.97 %),154200,2821820000,2800400,51000855000,1000901235,17.81
04/06/2024,-4304100,-77996365000,18(-0.83 %),70900,1287855000,4375000,79284220000,1005205335,17.46
05/06/2024,-500900,-9045370000,18.1(0.56 %),586400,10629550000,1087300,19674920000,1005706235,17.42
06/06/2024,-1842254,-33299519900,17.95(-0.83 %),495750,8988492500,2338004,42288012400,1019252100,16.31
07/06/2024,-646955,-11609973250,17.9(-0.28 %),49945,896551750,696900,12506525000,1020289563,16.22
10/06/2024,-2622972,-47068884900,17.85(-0.28 %),309528,5557230100,2932500,52626115000,1022912535,16.01
11/06/2024,-2507960,-44563750000,17.75(-0.56 %),71300,1266215000,2579260,45829965000,1019252100,16.31
12/06/2024,-294365,-5315832450,18.05(1.69 %),176835,3187197550,471200,8503030000,1025699304,15.78
13/06/2024,0,0,18.15(0.55 %),0,0,0,0,1028183747,15.57
14/06/2024,-2877650,-52169552500,17.85(-1.65 %),111950,2032402500,2989600,54201955000,1028542997,15.54
17/06/2024,-3484170,-61631566000,17.5(-1.96 %),14930,264049000,3499100,61895615000,1031266079,15.32
18/06/2024,-2514150,-43790500000,17.2(-1.71 %),17700,308135000,2531850,44098635000,1034237979,15.08
19/06/2024,-5713319,-97340778450,16.9(-1.74 %),44017,750738150,5757336,98091516600,1037693062,14.79
20/06/2024,-2807360,-47107349000,16.7(-1.18 %),22740,382118000,2830100,47489467000,1040202172,14.59
21/06/2024,-7873257,-128567077500,16.2(-2.99 %),419700,6832575000,8292957,135399652500,1045539808,14.15
24/06/2024,-2256900,-37045030000,16.35(0.93 %),2142600,34990365000,4399500,72035395000,1046227308,14.09
25/06/2024,-142578,-2341228800,16.4(0.31 %),27355,449424750,169933,2790653550,1054492910,13.41
26/06/2024,-352953,-5855302800,16.7(1.83 %),892200,14896270000,1245153,20751572800,1058000210,13.13
27/06/2024,-2603400,-42955570000,16.4(-1.80 %),72600,1195005000,2676000,44150575000,1058097543,13.12
28/06/2024,-455658,-7416944500,16.05(-2.13 %),118900,1924437500,574558,9341382000,1059223796,13.02
04/07/2024,1000500,16550790000,16.6(2.47 %),1503300,24954465000,502800,8403675000,1063181054,0.0
05/07/2024,676300,11236100000,16.6(0.00 %),765200,12709545000,88900,1473445000,1062504754,0.0
08/07/2024,-767500,-12646990000,16.35(-1.51 %),51700,860635000,819200,13507625000,1063272254,0.0
09/07/2024,-638500,-10497490000,16.55(1.22 %),125000,2055960000,763500,12553450000,1063910754,0.0
10/07/2024,-291000,-4760925000,16.3(-1.51 %),109800,1807760000,400800,6568685000,1064201754,0.0
11/07/2024,-83200,-1348960000,16.55(1.53 %),326900,5408620000,410100,6757580000,1064284954,0.0
12/07/2024,-262500,-4328040000,16.45(-0.60 %),25200,417370000,287700,4745410000,1064547454,0.0
15/07/2024,-1677900,-27405170000,16.2(-1.52 %),464600,7593795000,2142500,34998965000,1066225354,0.0
16/07/2024,-3184300,-51376150000,15.95(-1.54 %),135300,2187695000,3319600,53563845000,1069409654,0.0
17/07/2024,-2602900,-41460880000,15.4(-3.45 %),299800,4709270000,2902700,46170150000,1072012554,0.0
18/07/2024,-2018800,-30923470000,15.5(0.65 %),62800,965800000,2081600,31889270000,1074031354,0.0
19/07/2024,2135300,33860020000,15.9(2.58 %),2509300,39785660000,374000,5925640000,1071896054,0.0
22/07/2024,1945500,30882895000,16(0.63 %),2655200,42122230000,709700,11239335000,1069950554,0.0
23/07/2024,417300,6558225000,15.7(-1.88 %),622400,9796180000,205100,3237955000,1069533254,0.0
24/07/2024,-407900,-6085800000,15.85(0.96 %),1429600,22358410000,1837500,28444210000,1069941154,0.0
25/07/2024,-223900,-3471830000,15.7(-0.95 %),114600,1812510000,338500,5284340000,1070165054,0.0
26/07/2024,347500,5480470000,15.75(0.32 %),553000,8711350000,205500,3230880000,1069817554,0.0
29/07/2024,71500,1167140000,15.65(-0.63 %),334300,5328130000,262800,4160990000,1069746054,0.0
30/07/2024,71500,1167140000,15.5(-0.96 %),334300,5328130000,262800,4160990000,1069674554,0.0
31/07/2024,631900,9881400000,15.55(0.32 %),776100,12132060000,144200,2250660000,1069042654,0.0
01/08/2024,-603400,-9200475000,15(-3.54 %),276100,4202600000,879500,13403075000,1069343781,0.0
02/08/2024,475300,6963760000,15.25(1.67 %),800400,11850695000,325100,4886935000,1068868481,0.0
05/08/2024,-1571100,-23031010000,14.2(-6.89 %),32600,473110000,1603700,23504120000,1070439581,0.0
06/08/2024,362200,5381240000,14.75(3.87 %),540800,7960360000,178600,2579120000,1070077381,0.0
07/08/2024,-624100,-9096130000,14.65(-0.68 %),314200,4604045000,938300,13700175000,1070701481,0.0
08/08/2024,119300,1737850000,14.7(0.34 %),221400,3254195000,102100,1516345000,1070582181,0.0
09/08/2024,22000,336935000,15.15(3.06 %),324400,4871490000,302400,4534555000,1070560181,0.0
12/08/2024,-44600,-670740000,15.05(-0.66 %),186900,2823840000,231500,3494580000,1070604781,0.0
13/08/2024,-233000,-3478260000,14.7(-2.33 %),415700,6150105000,648700,9628365000,1070837781,0.0
14/08/2024,-412800,-6000350000,14.45(-1.70 %),149200,2178070000,562000,8178420000,1071250581,0.0
15/08/2024,-167700,-2408085000,14.25(-1.38 %),47700,685725000,215400,3093810000,1071418281,0.0
16/08/2024,2076000,30899960000,15(5.26 %),2237000,33286290000,161000,2386330000,1069342281,0.0
19/08/2024,313500,4749100000,14.95(-0.33 %),519200,7834010000,205700,3084910000,1069028781,0.0
20/08/2024,2903300,44020195000,15.55(4.01 %),3265100,49462245000,361800,5442050000,1066125481,0.0
21/08/2024,-1406300,-21958365000,15.55(0.00 %),45600,708445000,1451900,22666810000,1067531781,0.0
22/08/2024,11000,53920000,15.6(0.32 %),957100,14971315000,946100,14917395000,1067520781,0.0
23/08/2024,-1583600,-24740920000,15.6(0.00 %),87200,1358980000,1670800,26099900000,1069104381,0.0
26/08/2024,-958300,-15151335000,15.7(0.64 %),233700,3705940000,1192000,18857275000,1070062681,0.0
27/08/2024,-1377000,-21469370000,15.45(-1.59 %),111000,1720505000,1488000,23189875000,1071439681,0.0
28/08/2024,-298900,-4604705000,15.4(-0.32 %),161200,2486480000,460100,7091185000,1071738581,0.0
29/08/2024,756800,11870215000,15.6(1.30 %),893900,14012765000,137100,2142550000,1070981781,0.0
30/08/2024,-745200,-11568310000,15.5(-0.64 %),212400,3321265000,957600,14889575000,1071726981,0.0
04/09/2024,-612700,-9364185000,15.25(-1.61 %),94900,1436550000,707600,10800735000,1322537673,0.0
05/09/2024,-38400,-567545000,15.25(0.00 %),479100,7362115000,517500,7929660000,1322576073,0.0
06/09/2024,60500,922440000,15.2(-0.33 %),1023000,15602050000,962500,14679610000,1322515573,0.0
09/09/2024,-285200,-4329740000,15.2(0.00 %),223900,3408190000,509100,7737930000,1322800773,0.0
10/09/2024,-1003500,-14781135000,14.5(-1.36 %),215100,3177355000,1218600,17958490000,1323804273,0.0
11/09/2024,-99800,-1436095000,14.3(-1.38 %),247600,3547825000,347400,4983920000,1323904073,0.0
12/09/2024,204400,2945795000,14.3(0.00 %),302600,4357890000,98200,1412095000,1323699673,0.0
13/09/2024,-133400,-1912175000,14.3(0.00 %),25800,370275000,159200,2282450000,1323833073,0.0
16/09/2024,632200,9035455000,14.1(-1.40 %),866200,12370025000,234000,3334570000,1323200873,0.0
17/09/2024,616300,8796625000,14.55(3.19 %),825400,11769190000,209100,2972565000,1322584573,0.0
18/09/2024,-515000,-7565745000,14.7(1.03 %),182700,2708155000,697700,10273900000,1323099573,0.0
19/09/2024,-3035400,-44629965000,14.6(-0.68 %),81000,1191565000,3116400,45821530000,1326134973,0.0
20/09/2024,4519800,67721800000,15(2.74 %),6796800,101875015000,2277000,34153215000,1321615173,0.0
23/09/2024,-2002000,-29837505000,14.85(-1.00 %),693900,10329510000,2695900,40167015000,1323617173,0.0
24/09/2024,-3168000,-46626550000,14.8(-0.34 %),1307000,19274870000,4475000,65901420000,1326785173,0.0
25/09/2024,-1521000,-22673255000,15.05(1.69 %),3956200,59499905000,5477200,82173160000,1328306173,0.0
26/09/2024,199200,3047535000,15.05(0.00 %),1510800,22900650000,1311600,19853115000,1328106973,0.0
27/09/2024,679100,10371180000,15.2(1.00 %),1531300,23422840000,852200,13051660000,1327427873,0.0
30/09/2024,-612900,-9374820000,15.25(0.33 %),634300,9721645000,1247200,19096465000,1328040773,0.0
01/10/2024,-718700,-11130660000,15.45(1.31 %),311100,4837885000,1029800,15968545000,1327741747,0.0
02/10/2024,-1796500,-27467400000,15.1(-2.27 %),42800,652040000,1839300,28119440000,1329538247,0.0
03/10/2024,-1128000,-17093850000,14.8(-1.99 %),36400,548915000,1164400,17642765000,1330666247,0.0
04/10/2024,-774800,-11448965000,14.65(-1.01 %),236200,3500580000,1011000,14949545000,1331441047,0.0
07/10/2024,-554000,-8238750000,14.95(2.05 %),215000,3203730000,769000,11442480000,1331995047,0.0
08/10/2024,602300,8965350000,14.85(-0.67 %),728300,10855360000,126000,1890010000,1331392747,0.0
09/10/2024,1048300,15825975000,15.2(2.36 %),1157300,17463545000,109000,1637570000,1330344447,0.0
10/10/2024,-344400,-5250125000,15.1(-0.66 %),612200,9373050000,956600,14623175000,1330688847,0.0
11/10/2024,67700,1035050000,15.2(0.66 %),601800,9144375000,534100,8109325000,1330621147,0.0
14/10/2024,-442200,-6777390000,15.15(-0.33 %),33500,509655000,475700,7287045000,1331063347,0.0
15/10/2024,-1687700,-25374555000,14.8(-2.31 %),293800,4410170000,1981500,29784725000,1332751047,0.0
16/10/2024,-1778800,-26252945000,14.65(-1.01 %),208600,3085265000,1987400,29338210000,1334529847,0.0
17/10/2024,-185700,-2715720000,14.9(1.71 %),237000,3496535000,422700,6212255000,1334715547,0.0
18/10/2024,150600,2254595000,14.85(-0.34 %),282600,4226805000,132000,1972210000,1334564947,0.0
21/10/2024,22600,406280000,14.7(-1.01 %),925400,13782600000,902800,13376320000,1334542347,0.0
22/10/2024,-176100,-2581445000,14.65(-0.34 %),484500,7123075000,660600,9704520000,1334718447,0.0
23/10/2024,-1469900,-21500700000,14.6(-0.34 %),565900,8288075000,2035800,29788775000,1336188347,0.0
24/10/2024,-701400,-10171755000,14.3(-2.05 %),528900,7663465000,1230300,17835220000,1336889747,0.0
25/10/2024,565800,8155530000,14.3(0.00 %),703500,10137050000,137700,1981520000,1336323947,0.0
28/10/2024,564100,8207640000,14.6(2.10 %),969700,14083745000,405600,5876105000,1335759847,0.0
29/10/2024,310500,4580865000,14.7(0.68 %),502900,7400665000,192400,2819800000,1335449347,0.0
30/10/2024,690900,10059745000,14.5(-1.36 %),925100,13475580000,234200,3415835000,1334758447,0.0
31/10/2024,802600,11678205000,14.55(0.34 %),846700,12317250000,44100,639045000,1333955847,0.0
01/11/2024,393400,5674560000,14.35(-1.37 %),503400,7261460000,110000,1586900000,1336541594,0.0
04/11/2024,322300,4629535000,14.3(-0.35 %),710400,10194235000,388100,5564700000,1336219294,0.0
05/11/2024,365400,5246240000,14.35(0.35 %),504400,7238040000,139000,1991800000,1335853894,0.0
06/11/2024,1346000,19532655000,14.7(2.44 %),1484700,21554820000,138700,2022165000,1334507894,0.0
07/11/2024,2013300,29707945000,14.7(0.00 %),2077200,30652300000,63900,944355000,1332494594,0.0
08/11/2024,911400,13489225000,14.8(0.68 %),1268800,18763080000,357400,5273855000,1331583194,0.0
11/11/2024,-1987500,-28958395000,14.5(-2.03 %),11800,171915000,1999300,29130310000,1333570694,0.0
12/11/2024,-1350200,-19526085000,14.4(-0.69 %),4700,67795000,1354900,19593880000,1337898519,12.11
13/11/2024,-636200,-9123180000,14.35(-0.35 %),489800,6997230000,1126000,16120410000,1335557094,0.0
14/11/2024,-917600,-13070325000,14(-2.44 %),12100,171570000,929700,13241895000,1336474694,0.0
15/11/2024,337100,4670020000,13.7(-2.14 %),350500,4855660000,13400,185640000,1336137594,0.0
18/11/2024,-485300,-6652655000,13.85(1.09 %),167400,2297840000,652700,8950495000,1336622894,0.0
19/11/2024,277000,3845905000,13.7(-1.08 %),605600,8383445000,328600,4537540000,1336345894,0.0
20/11/2024,-302600,-4179455000,13.8(0.73 %),18600,255590000,321200,4435045000,1336648494,0.0
21/11/2024,-205900,-2861820000,13.9(0.72 %),100,1390000,206000,2863210000,1336854394,0.0
22/11/2024,-366000,-5047965000,13.7(-1.44 %),175200,2443460000,541200,7491425000,1337220394,0.0
25/11/2024,877900,12203120000,13.9(1.46 %),918900,12770085000,41000,566965000,1335645946,12.26
26/11/2024,149500,2086430000,14.05(1.08 %),157600,2199110000,8100,112680000,1336029506,12.24
27/11/2024,-59100,-819400000,13.9(-1.07 %),82500,1150990000,141600,1970390000,1335988006,12.24
28/11/2024,1028800,14314755000,13.9(0.00 %),1050200,14613280000,21400,298525000,1334945896,12.31
29/11/2024,-1178200,-16291400000,13.75(-1.08 %),20200,278245000,1198400,16569645000,1335067336,12.3
02/12/2024,789700,10959590000,13.85(0.73 %),1417800,19668975000,628100,8709385000,1333670870,12.39
03/12/2024,132700,1854840000,13.75(-0.72 %),1093300,15090690000,960600,13235850000,1333776095,12.38
04/12/2024,-971200,-13101100000,13.25(-3.64 %),90200,1210090000,1061400,14311190000,1334313888,12.35
05/12/2024,-316600,-4173810000,13.85(4.53 %),1066900,13771835000,1383500,17945645000,1334207713,12.36
09/12/2024,-1705800,-22973470000,13.45(-0.74 %),138300,1868870000,1844100,24842340000,1336292128,12.22
10/12/2024,-353800,-4742555000,13.4(-0.37 %),211400,2833350000,565200,7575905000,1336125653,12.23
16/12/2024,371200,4908985000,13.1(-0.38 %),812500,10694665000,441300,5785680000,1337363940,12.15
17/12/2024,-323700,-4243490000,13.1(0.00 %),282000,3707980000,605700,7951470000,1337609210,12.13
18/12/2024,-458900,-6030540000,13.15(0.38 %),304000,4000005000,762900,10030545000,1337746420,12.12
19/12/2024,-683100,-8857825000,12.95(-1.52 %),38300,496180000,721400,9354005000,1338314065,12.09
20/12/2024,-2723300,-34720505000,12.7(-1.93 %),606000,7769145000,3329300,42489650000,1338470882,12.08
24/12/2024,0,0,12.75(-0.39 %),0,0,0,0,1341811742,11.86
25/12/2024,873400,11284170000,13(1.96 %),962000,12441790000,88600,1157620000,1341110162,11.9
26/12/2024,60300,771690000,12.95(-0.38 %),268600,3491595000,208300,2719905000,1341055919,11.91
27/12/2024,-78600,-1016795000,12.85(-0.77 %),129700,1672705000,208300,2689500000,1341014829,11.91
30/12/2024,-241600,-3104810000,12.75(-0.78 %),147200,1885210000,388800,4990020000,1341076004,11.9
31/12/2024,-2184400,-27684825000,12.6(-1.18 %),33200,421005000,2217600,28105830000,1341251109,11.89
02/01/2025,-1329600,-16777895000,12.6(0.00 %),348500,4423465000,1678100,21201360000,1341291416,11.89
03/01/2025,-1062000,-13183750000,12.35(-1.98 %),74800,926650000,1136800,14110400000,1343434125,11.75
06/01/2025,-461900,-5678455000,11.95(-3.24 %),148800,1817085000,610700,7495540000,1344963610,11.65
07/01/2025,-437900,-5235455000,11.8(-1.26 %),46700,557420000,484600,5792875000,1344963610,11.65
08/01/2025,-220100,-2613015000,11.85(0.42 %),455700,5380180000,675800,7993195000,1346208694,11.57
09/01/2025,-388100,-4598060000,11.8(-0.42 %),84900,1005740000,473000,5603800000,1346608328,11.54
10/01/2025,-230200,-2684130000,11.45(-2.97 %),197700,2314585000,427900,4998715000,1347086384,11.51
13/01/2025,336800,3843660000,11.55(0.87 %),1480100,16832470000,1143300,12988810000,1346079366,11.58
14/01/2025,-1384000,-15784975000,11.25(-2.60 %),24200,275360000,1408200,16060335000,1346483091,11.55
15/01/2025,877900,10009505000,11.45(1.78 %),971000,11074575000,93100,1065070000,1346655560,11.54
16/01/2025,-398300,-4889120000,12.25(6.99 %),167400,1989805000,565700,6878925000,1347053860,0.0
17/01/2025,-1041200,-12652900000,12.15(-0.82 %),19300,234765000,1060500,12887665000,1347970210,11.45
20/01/2025,-276400,-3421730000,11.95(-1.65 %),310300,3717110000,586700,7138840000,1348225610,11.43
21/01/2025,498600,5981835000,11.95(0.00 %),552200,6628485000,53600,646650000,1348733910,11.4
22/01/2025,-1188600,-14114660000,11.7(-2.09 %),83900,994785000,1272500,15109445000,1349236831,11.37
23/01/2025,1070300,12746670000,12(2.56 %),1106300,13171840000,36000,425170000,1348184131,11.44
24/01/2025,218600,2629490000,12(0.00 %),408600,4908200000,190000,2278710000,1349048131,11.38
03/02/2025,-6681000,-78471690000,0(0.00 %),666400,7908575000,7347400,86380265000,1348417731,11.42
04/02/2025,411100,4696945000,12.4(6.90 %),1670000,19991510000,1258900,15294565000,1346937731,11.52
05/02/2025,-1783500,-22387920000,12.45(0.40 %),53300,671280000,1836800,23059200000,1354308170,11.04
06/02/2025,-553700,-7277290000,12.9(3.61 %),1285600,16406665000,1839300,23683955000,1354271324,11.04
07/02/2025,-1201800,-15393200000,12.8(-0.78 %),240300,3074315000,1442100,18467515000,1355867899,10.93
10/02/2025,-933400,-11823675000,12.6(-1.56 %),1132700,14341165000,2066100,26164840000,1356574504,10.89
11/02/2025,-528600,-6675290000,12.65(0.40 %),282000,3562540000,810600,10237830000,1357734679,10.81
12/02/2025,-760100,-9737730000,12.7(0.40 %),244900,3128125000,1005000,12865855000,1359555819,10.69
13/02/2025,-2418900,-30589930000,12.65(-0.39 %),130700,1654735000,2549600,32244665000,1360235744,10.65
14/02/2025,-112900,-1469075000,12.75(0.79 %),431200,5510535000,544100,6979610000,1360809619,10.61
17/02/2025,-1693000,-21930195000,13.1(2.75 %),345000,4450580000,2038000,26380775000,1363040219,10.46
18/02/2025,886200,11670695000,13.2(0.76 %),1015800,13387510000,129600,1716815000,1362544594,10.49
19/02/2025,762500,10122255000,13.3(0.76 %),1215800,16115860000,453300,5993605000,1363366879,10.44
20/02/2025,1224700,16439900000,13.4(0.75 %),1500200,20119375000,275500,3679475000,1361996306,10.53
21/02/2025,894200,11920890000,13.35(-0.37 %),1108800,14777695000,214600,2856805000,1361340882,10.57
24/02/2025,1428700,18998885000,13.55(1.50 %),1626700,21641875000,198000,2642990000,1359989687,10.66
25/02/2025,106500,1420475000,13.7(1.11 %),922200,12615685000,815700,11195210000,1359271107,10.71
26/02/2025,195500,2693135000,13.75(0.36 %),250900,3454915000,55400,761780000,1359218227,10.71
27/02/2025,-133500,-1821760000,13.65(-0.73 %),53800,731360000,187300,2553120000,1359980127,10.66
28/02/2025,-1900000,-25955075000,13.6(-0.37 %),324400,4471805000,2224400,30426880000,1359711127,10.68
03/03/2025,256500,3522240000,13.7(0.74 %),497300,6806405000,240800,3284165000,1359401127,10.7
04/03/2025,-77000,-1019960000,13.55(-1.09 %),527000,7150275000,604000,8170235000,1361098527,10.59
05/03/2025,470800,6392790000,13.4(-1.11 %),640100,8684240000,169300,2291450000,1360699227,10.62
06/03/2025,999300,13592255000,13.8(2.99 %),1719700,23336510000,720400,9744255000,1359583586,10.69
07/03/2025,-1033200,-14204165000,13.7(-0.72 %),52300,716790000,1085500,14920955000,1359726616,10.68
10/03/2025,304700,4092620000,14.1(2.92 %),1315300,18510960000,1010600,14418340000,1359130263,10.72
11/03/2025,-2963800,-42096730000,14.35(1.77 %),289400,4129100000,3253200,46225830000,1359130263,10.72
12/03/2025,5363200,79543200000,15.1(5.23 %),6660900,98847960000,1297700,19304760000,1354269267,11.04
13/03/2025,1861910,28164672500,14.95(-0.99 %),3114810,47089382500,1252900,18924710000,1354407657,11.03
14/03/2025,1943700,29146345000,14.95(0.00 %),2430300,36439710000,486600,7293365000,1353273531,11.1
17/03/2025,-78900,-1168685000,14.9(-0.33 %),468700,6978910000,547600,8147595000,1354057295,11.05
18/03/2025,55100,852115000,15.2(2.01 %),630300,9444515000,575200,8592400000,1353910910,11.06
19/03/2025,-1718400,-25916435000,15.1(-0.66 %),167000,2514635000,1885400,28431070000,1354290910,11.04
20/03/2025,-101900,-1517705000,15.15(0.33 %),291500,4408910000,393400,5926615000,1354572505,11.02
21/03/2025,-10055100,-154728260000,15.35(1.32 %),739300,11331745000,10794400,166060005000,1355710543,10.94
24/03/2025,64800,1007415000,15.6(1.63 %),136800,2119490000,72000,1112075000,1355964400,10.93
25/03/2025,-760600,-11900900000,15.35(-1.60 %),146500,2256495000,907100,14157395000,1366611597,10.23
26/03/2025,-300500,-4599100000,15.25(-0.65 %),429500,6611515000,730000,11210615000,1366253987,10.25
27/03/2025,2403700,36766165000,15.55(1.97 %),2698800,41288565000,295100,4522400000,1364460937,10.37
28/03/2025,4765300,74905850000,15.7(0.96 %),5088800,79975085000,323500,5069235000,1360099647,10.65
31/03/2025,-1286600,-19713570000,15.3(-2.55 %),39800,615575000,1326400,20329145000,1360355022,10.64
01/04/2025,635400,9893885000,15.4(0.65 %),2034500,31383275000,1399100,21489390000,1358642622,10.75
02/04/2025,1532600,23946910000,15.9(3.25 %),2155600,33661480000,623000,9714570000,1357808307,10.81
03/04/2025,-2856200,-42779655000,14.8(-6.92 %),316900,4733130000,3173100,47512785000,1358863582,10.74
04/04/2025,-240300,-3204850000,14.6(-1.35 %),1540400,21717425000,1780700,24922275000,1357946043,10.8
08/04/2025,-343500,-4731450000,13.6(-6.85 %),689500,9453525000,1033000,14184975000,1360429736,10.63
09/04/2025,1842800,23691320000,12.65(-6.99 %),2878100,37144835000,1035300,13453515000,1359332340,10.71
10/04/2025,333000,4495500000,13.5(6.72 %),505000,6817500000,172000,2322000000,1359818240,10.67
11/04/2025,3979600,56698840000,14.4(6.67 %),5169900,73517900000,1190300,16819060000,1355683936,10.95
14/04/2025,1418100,20735670000,15.35(6.60 %),2395300,35492120000,977200,14756450000,1353488511,11.09
15/04/2025,1358700,20112340000,15(-2.28 %),4140600,62721495000,2781900,42609155000,1350538261,11.28
16/04/2025,840700,12627985000,15.2(1.33 %),1489400,22530960000,648700,9902975000,1350026061,11.32
17/04/2025,1351100,20343290000,15.4(1.32 %),3078700,46721990000,1727600,26378700000,1349729255,11.34
18/04/2025,-1256900,-19879175000,15.65(1.62 %),3567400,56008385000,4824300,75887560000,1346810555,11.53
21/04/2025,1466100,22086580000,15.35(-1.92 %),4413500,67340750000,2947400,45254170000,1344120173,11.7
22/04/2025,-1544200,-23478525000,15(-2.28 %),1207600,17534385000,2751800,41012910000,1347736869,11.47
23/04/2025,-7600,-116895000,15.1(0.67 %),114300,1731000000,121900,1847895000,1350580969,11.28
24/04/2025,246700,3524275000,14.9(-1.32 %),647500,9584330000,400800,6060055000,1352685339,11.14
25/04/2025,-483700,-7166175000,14.7(-1.34 %),98100,1450495000,581800,8616670000,1352709139,11.14
28/04/2025,1209100,17838540000,14.8(0.68 %),1246400,18392370000,37300,553830000,1351863539,11.2
29/04/2025,-2251700,-33019200000,14.6(-1.35 %),52300,764230000,2304000,33783430000,1352393029,11.16
05/05/2025,121340,-14756082000,14.85(1.71 %),121340,1796748000,0,16552830000,1352430404,11.16
06/05/2025,-8600,-163530000,14.65(-1.35 %),1109700,16524180000,1118300,16687710000,1354734404,11.01
07/05/2025,426500,6197185000,14.55(-0.68 %),956500,13932380000,530000,7735195000,1355317064,10.97
08/05/2025,1822900,26795825000,14.85(2.06 %),1848400,27169530000,25500,373705000,1353502709,11.09
09/05/2025,1809600,27237035000,14.9(0.34 %),1859600,27985710000,50000,748675000,1351693184,11.21
12/05/2025,-251900,-3743160000,15.05(1.01 %),329600,4922705000,581500,8665865000,1351693184,11.21
13/05/2025,465200,7035595000,15.15(0.66 %),1402000,21410080000,936800,14374485000,1351227984,11.24
14/05/2025,2867200,43531530000,15.3(0.99 %),3117400,47354110000,250200,3822580000,1348612625,11.41
15/05/2025,1210310,8809493000,15.4(0.65 %),1210310,18642928000,0,9833435000,1348043015,11.45
16/05/2025,1197300,9838222500,15.2(-1.30 %),1197300,18450165000,0,8611942500,1347402840,11.49
19/05/2025,2840,-15162161200,14.8(-2.63 %),2840,42585000,0,15204746200,1347402840,11.49
20/05/2025,612900,7195321050,15.15(2.36 %),612900,9120805000,0,1925483950,1346919001,11.52
21/05/2025,4904900,70016540000,15.4(1.65 %),4904900,74731410000,0,4714870000,1343331099,11.76
22/05/2025,4551800,61977174900,15.65(1.62 %),4551800,71883495000,0,9906320100,1339407105,12.01
23/05/2025,1090200,17077485000,15.55(-0.64 %),1521100,23831245000,430900,6753760000,1338316905,12.09
26/05/2025,1827400,-16562352000,15.75(1.29 %),1827400,28342150000,0,44904502000,1338316905,12.09
27/05/2025,-421700,-6156740000,16.2(2.86 %),4086600,66097235000,4508300,72253975000,1338316905,12.09
28/05/2025,663900,7937645000,16.15(-0.31 %),663900,10699620000,0,2761975000,1338885545,12.05
29/05/2025,134500,-8363980000,15.75(-2.48 %),134500,2157470000,0,10521450000,1339307305,12.02
30/05/2025,2233900,17970667400,15.7(-0.32 %),2233900,35251590000,0,17280922600,1338158361,12.1
02/06/2025,4433500,64554035000,16.35(4.14 %),4433500,71134980000,0,6580945000,1334655961,12.33
03/06/2025,12594200,208586438750,17.45(6.73 %),12594200,216004950000,0,7418511250,1322497236,13.13
04/06/2025,4265900,63562692500,17.3(-0.86 %),4265900,74347020000,0,10784327500,1318847086,13.36
05/06/2025,2798002,40687544100,17.1(-1.16 %),2798002,47838569100,0,7151025000,1316467009,13.52
06/06/2025,946950,-39671129750,16.45(-3.80 %),946950,15808480000,0,55479609750,1316467009,13.52
09/06/2025,1523799,-4961369000,16.2(-1.52 %),1523799,25084443500,0,30045812500,1316467009,13.52
10/06/2025,640000,-44302307200,16.3(0.62 %),640000,10458115000,0,54760422200,1318856974,13.36
11/06/2025,-1285100,-20841910000,16.1(-1.23 %),489800,7855210000,1774900,28697120000,1319158450,13.34
12/06/2025,-1484900,-24492300000,16.5(2.48 %),614600,10201150000,2099500,34693450000,1321853898,13.17
13/06/2025,-2948800,-47702815000,16.15(-2.12 %),105900,1705965000,3054700,49408780000,1323139048,13.08
16/06/2025,-579400,-9552755000,16.8(4.02 %),897900,14784520000,1477300,24337275000,1324623948,12.99
17/06/2025,385500,6455980000,16.75(-0.30 %),704600,11797720000,319100,5341740000,1327187395,12.82
18/06/2025,-549800,-9163580000,16.5(-1.49 %),116600,1935625000,666400,11099205000,1327766706,12.78
19/06/2025,299400,4994820000,16.6(0.61 %),591200,9798580000,291800,4803760000,1327467356,12.8
20/06/2025,1235800,20569575000,16.65(0.30 %),1706500,28410735000,470700,7841160000,1326781531,12.84
23/06/2025,243400,3954440000,16.35(-1.80 %),716000,11687805000,472600,7733365000,1326738135,12.85
24/06/2025,12823600,214848015000,16.85(6.31 %),12940500,216782480000,116900,1934465000,1313914610,13.69
25/06/2025,5339000,90476365000,16.95(0.59 %),5970500,101172040000,631500,10695675000,1308575579,14.04
26/06/2025,1861700,31750240000,17.15(1.18 %),2903800,49154155000,1042100,17403915000,1306713904,14.16
27/06/2025,3200600,55025640000,17.2(0.29 %),4823800,82773710000,1623200,27748070000,1303513324,14.37
30/06/2025,-3558,-14264985,17.2(0.00 %),6240,27867237,9798,42132222,1297733924,14.75
01/07/2025,386100,6489810000,16.8(-2.33 %),1684400,28443515000,1298300,21953705000,1297347944,14.78
02/07/2025,1203200,20761120000,17.5(4.17 %),2889900,49922240000,1686700,29161120000,1296144819,14.86
03/07/2025,5624300,97562800000,17.35(-0.86 %),5698100,98857990000,73800,1295190000,1290520519,15.23
04/07/2025,1587900,27372750000,17.2(-0.86 %),1682500,29003410000,94600,1630660000,1287392619,15.43
07/07/2025,2336600,40689805000,17.45(1.45 %),3057800,53283245000,721200,12593440000,1285056019,15.58
08/07/2025,3464900,61650755000,17.8(2.01 %),4169300,74292470000,704400,12641715000,1281591114,15.81
09/07/2025,4477100,81214850000,18.05(1.40 %),5592800,101375465000,1115700,20160615000,1277100339,16.11
10/07/2025,2964100,52940785000,17.8(-1.39 %),3080800,55031810000,116700,2091025000,1277100339,16.11
11/07/2025,-241900,-4595580000,17.9(0.56 %),1270000,22629230000,1511900,27224810000,1274136239,16.3
14/07/2025,535400,9561420000,17.85(-0.28 %),748400,13355940000,213000,3794520000,1273600839,16.34
15/07/2025,2644100,47830500000,18.1(1.40 %),3840000,70060590000,1195900,22230090000,1271198847,16.49
16/07/2025,1503200,27755470000,18.5(2.21 %),1853000,34161580000,349800,6406110000,1269674727,16.59
17/07/2025,1516300,27822500000,18.5(0.00 %),2707500,49927165000,1191200,22104665000,1269674727,16.59
18/07/2025,-210300,-4223745000,18.55(0.27 %),1655700,30679260000,1866000,34903005000,1268152933,16.69
21/07/2025,628000,11150110000,18.15(-2.16 %),1807900,32882505000,1179900,21732395000,1267520513,16.74
22/07/2025,1143900,21658925000,19.1(5.23 %),4098300,76231680000,2954400,54572755000,1266587023,16.8
23/07/2025,2822900,54938015000,19.55(2.36 %),3693600,72096705000,870700,17158690000,1263764089,16.98
24/07/2025,2967100,57954300000,19.8(1.28 %),3283500,64196355000,316400,6242055000,1260797049,17.18
25/07/2025,1268200,26658710000,21.15(6.82 %),2877100,59688415000,1608900,33029705000,1259528798,17.26
28/07/2025,1139200,26529685000,22.6(6.86 %),3484500,78718885000,2345300,52189200000,1258388610,17.34
29/07/2025,-711400,-19755865000,21.05(-6.86 %),2024000,44037280000,2735400,63793145000,1258385210,17.34
30/07/2025,1414800,29239065000,22.3(5.94 %),5114900,110234215000,3700100,80995150000,1256970416,17.43
31/07/2025,-1880500,-43494785000,22.7(1.79 %),3989400,88730740000,5869900,132225525000,1257681986,17.38
01/08/2025,2017700,44076665000,22.2(-2.20 %),4684400,103318100000,2666700,59241435000,1255664365,17.52
04/08/2025,314700,9173640000,23.25(4.73 %),4985900,113018025000,4671200,103844385000,1257230296,17.41
05/08/2025,-606800,-14759830000,23.7(1.94 %),4303700,100395530000,4910500,115155360000,1257230296,17.41
06/08/2025,392600,9474130000,23.9(0.84 %),1922100,45791785000,1529500,36317655000,1256837789,17.44
07/08/2025,-3345600,-79172095000,23.55(-1.46 %),131000,3090310000,3476600,82262405000,1257441018,17.4
08/08/2025,-1216100,-28668060000,23.85(1.27 %),2595200,62175050000,3811300,90843110000,1257441018,17.4
11/08/2025,2342200,57057985000,24.65(3.35 %),3173200,77223780000,831000,20165795000,1258440093,17.33
12/08/2025,-885600,-21436735000,24.1(-2.23 %),296700,7177435000,1182300,28614170000,1259654068,17.25
13/08/2025,-592600,-14419560000,23.85(-1.04 %),837500,19758600000,1430100,34178160000,1259654068,17.25
14/08/2025,-1799300,-43730095000,0(0.00 %),2706900,65554630000,4506200,109284725000,1260539668,17.2
15/08/2025,3598400,88363365000,24.7(2.07 %),5858000,144086175000,2259600,55722810000,1257533977,17.39
18/08/2025,-748400,-18401630000,24.3(-1.62 %),556800,13551565000,1305200,31953195000,1259333277,17.27
19/08/2025,65900,1982815000,24.75(1.85 %),2551900,62955605000,2486000,60972790000,1259267403,17.28
20/08/2025,-5547100,-132911270000,24.1(-2.63 %),2515100,60142160000,8062200,193053430000,1260012503,17.23
21/08/2025,2649300,64588105000,24.1(0.00 %),2783900,67896195000,134600,3308090000,1257559055,17.39
22/08/2025,-860400,-20137135000,22.45(-6.85 %),909700,20818655000,1770100,40955790000,1257559055,17.39
25/08/2025,2442700,52854185000,21.5(-4.23 %),3050400,66651755000,607700,13797570000,1263106106,17.03
26/08/2025,1377000,30937670000,0(-100.00 %),3354700,74595540000,1977700,43657870000,1260663438,17.19
