Ngay,KLGDRong,GTDGRong,ThayDoi,KLMua,GtMua,KLBan,GtBan,RoomConLai,DangSoHuu
06/12/2006,4360,540640,0(0.00 %),4360,540640,0,0,0,0.0
07/12/2006,200,23600,0(0.00 %),200,23600,0,0,0,0.0
08/12/2006,1000,113000,0(0.00 %),1000,113000,0,0,0,0.0
11/12/2006,100000,11618800,0(0.00 %),100000,11618800,0,0,0,0.0
12/12/2006,105150,12603000,0(0.00 %),110150,13218000,5000,615000,0,0.0
13/12/2006,99320,12514320,0(0.00 %),99320,12514320,0,0,0,0.0
14/12/2006,110830,14629560,0(0.00 %),110830,14629560,0,0,0,0.0
15/12/2006,31800,4388400,0(0.00 %),38800,5354400,7000,966000,0,0.0
18/12/2006,112730,16233120,0(0.00 %),112730,16233120,0,0,0,0.0
19/12/2006,69300,10464300,0(0.00 %),69300,10464300,0,0,0,0.0
20/12/2006,75080,11862640,0(0.00 %),78080,12336640,3000,474000,0,0.0
21/12/2006,484450,75423350,0(0.00 %),484450,75423350,0,0,0,0.0
22/12/2006,140030,20304350,0(0.00 %),240890,34929050,100860,14624700,0,0.0
25/12/2006,-214170,-32558040,0(0.00 %),300,41400,214470,32599440,0,0.0
26/12/2006,135410,21524190,0(0.00 %),135410,21524190,0,0,0,0.0
27/12/2006,202940,33688040,0(0.00 %),202940,33688040,0,0,0,0.0
28/12/2006,340470,56518020,0(0.00 %),340470,56518020,0,0,0,0.0
29/12/2006,76870,12800030,0(0.00 %),76870,12800030,0,0,0,0.0
01/03/2007,67830,19625350000,290(-2.68 %),99800,29036950000,31970,9411600000,0,0.0
02/03/2007,139770,41003470000,295(1.72 %),143970,42222970000,4200,1219500000,0,0.0
05/03/2007,71360,21351140000,289(-2.03 %),105110,31584890000,33750,10233750000,0,0.0
06/03/2007,-148950,-41120950000,275(-4.84 %),14980,4184800000,163930,45305750000,0,0.0
07/03/2007,-5630,-1568860000,278(1.09 %),3000,840000000,8630,2408860000,0,0.0
08/03/2007,-8780,-2468340000,277(-0.36 %),51590,14213910000,60370,16682250000,0,0.0
09/03/2007,-12700,-3517900000,277(0.00 %),51900,14376300000,64600,17894200000,0,0.0
12/03/2007,7410,2116800000,280(1.08 %),9430,2686500000,2020,569700000,0,0.0
13/03/2007,-42710,-11297200000,270(-3.57 %),37900,10487500000,80610,21784700000,0,0.0
14/03/2007,-52110,-13503220000,259(-4.07 %),12440,3233540000,64550,16736760000,0,0.0
15/03/2007,-17680,-4420000000,250(-3.47 %),800,200000000,18480,4620000000,0,0.0
16/03/2007,-25700,-6723800000,262(4.80 %),500,126200000,26200,6850000000,0,0.0
19/03/2007,-74450,-19750420000,262(0.00 %),2820,744640000,77270,20495060000,0,0.0
20/03/2007,81910,20599200000,252(-3.82 %),134310,33804000000,52400,13204800000,0,0.0
21/03/2007,46240,11803260000,253(0.40 %),78440,19992780000,32200,8189520000,0,0.0
22/03/2007,52400,13203400000,247(-2.37 %),77400,19403400000,25000,6200000000,0,0.0
23/03/2007,56140,13763750000,248(0.40 %),57140,14012750000,1000,249000000,0,0.0
26/03/2007,58740,14582030000,248(0.00 %),99040,24606430000,40300,10024400000,0,0.0
27/03/2007,135880,33539870000,245(-1.21 %),135880,33539870000,0,0,0,0.0
28/03/2007,8310,1990900000,245(0.00 %),20010,4802400000,11700,2811500000,0,0.0
29/03/2007,55870,13731750000,245(0.00 %),80870,19873350000,25000,6141600000,0,0.0
30/03/2007,37220,9318500000,245(0.00 %),47000,11714600000,9780,2396100000,0,0.0
02/04/2007,66310,16281750000,245(0.00 %),66310,16281750000,0,0,0,0.0
03/04/2007,21450,5078910000,235(-4.08 %),21450,5078910000,0,0,0,0.0
04/04/2007,66080,16244500000,246(4.68 %),67580,16613500000,1500,369000000,0,0.0
05/04/2007,39900,10191320000,248(0.81 %),40300,10291320000,400,100000000,0,0.0
06/04/2007,-7100,-1760800000,249(0.40 %),900,223200000,8000,1984000000,0,0.0
09/04/2007,0,0,261(4.82 %),0,0,0,0,0,0.0
10/04/2007,2310,583600000,250(-4.21 %),2310,583600000,0,0,0,0.0
11/04/2007,70890,17837860000,251(0.40 %),71390,17962860000,500,125000000,0,0.0
12/04/2007,43820,10951760000,248(-1.20 %),43820,10951760000,0,0,0,0.0
13/04/2007,44190,11024880000,248(0.00 %),44690,11149880000,500,125000000,0,0.0
16/04/2007,186940,44117840000,236(-4.84 %),190040,44849440000,3100,731600000,0,0.0
17/04/2007,95500,21965990000,227(-3.81 %),105130,24166460000,9630,2200470000,0,0.0
18/04/2007,4900,1095480000,236(3.96 %),8140,1858120000,3240,762640000,0,0.0
19/04/2007,140400,32167620000,225(-4.66 %),140890,32277870000,490,110250000,0,0.0
20/04/2007,-20950,-4286300000,220(-2.22 %),30510,7033040000,51460,11319340000,0,0.0
23/04/2007,32080,6704720000,209(-5.00 %),32080,6704720000,0,0,0,0.0
24/04/2007,62280,12393720000,199(-4.78 %),88120,17535880000,25840,5142160000,0,0.0
25/04/2007,154980,31240500000,203(2.01 %),157710,31790820000,2730,550320000,0,0.0
02/05/2007,99250,19795550000,200(-1.48 %),154140,30718680000,54890,10923130000,0,0.0
03/05/2007,94510,18978790000,201(0.50 %),94510,18978790000,0,0,0,0.0
04/05/2007,81030,16657500000,206(2.49 %),81280,16709000000,250,51500000,0,0.0
07/05/2007,49120,10584400000,216(4.85 %),49320,10627600000,200,43200000,0,0.0
08/05/2007,51270,11587020000,226(4.63 %),51270,11587020000,0,0,0,0.0
09/05/2007,210580,49576500000,230(1.77 %),300680,70930200000,90100,21353700000,0,0.0
10/05/2007,115080,26668680000,234(1.74 %),115200,26696680000,120,28000000,0,0.0
11/05/2007,66340,15961400000,243(3.85 %),94040,22692500000,27700,6731100000,0,0.0
14/05/2007,7340,1871800000,255(4.94 %),107640,27448200000,100300,25576400000,0,0.0
15/05/2007,136900,34737370000,250(-1.96 %),136900,34737370000,0,0,0,0.0
16/05/2007,66870,16845700000,250(0.00 %),68380,17225600000,1510,379900000,0,0.0
17/05/2007,-44540,-11141980000,250(0.00 %),22290,5538520000,66830,16680500000,0,0.0
18/05/2007,-65750,-16530750000,252(0.80 %),3620,911220000,69370,17441970000,0,0.0
21/05/2007,1140,287940000,253(0.40 %),1540,389140000,400,101200000,0,0.0
22/05/2007,-42630,-11308880000,265(4.74 %),8570,2256920000,51200,13565800000,0,0.0
23/05/2007,56900,15445420000,262(-1.13 %),69360,18729440000,12460,3284020000,0,0.0
24/05/2007,72790,18741280000,258(-1.53 %),117390,30251680000,44600,11510400000,0,0.0
25/05/2007,-61640,-15905290000,260(0.78 %),2400,614000000,64040,16519290000,0,0.0
28/05/2007,69880,18559280000,261(0.38 %),71700,19039670000,1820,480390000,0,0.0
29/05/2007,1820,474920000,262(0.38 %),1920,501120000,100,26200000,0,0.0
30/05/2007,-9130,-2378190000,262(0.00 %),2700,709470000,11830,3087660000,0,0.0
31/05/2007,990,274120000,265(1.15 %),60440,15994750000,59450,15720630000,0,0.0
01/06/2007,55450,14488380000,260(-1.89 %),55450,14488380000,0,0,0,0.0
04/06/2007,6080,1536440000,253(-2.69 %),6180,1561540000,100,25100000,0,0.0
05/06/2007,3030,771900000,255(0.79 %),8200,2091000000,5170,1319100000,0,0.0
06/06/2007,13680,3488400000,255(0.00 %),13680,3488400000,0,0,0,0.0
07/06/2007,2170,553630000,254(-0.39 %),10830,2759050000,8660,2205420000,0,0.0
08/06/2007,17650,4427730000,250(-1.57 %),17980,4510890000,330,83160000,0,0.0
11/06/2007,51670,12706440000,244(-2.40 %),53130,13062680000,1460,356240000,0,0.0
12/06/2007,75640,18416360000,245(0.41 %),76130,18536410000,490,120050000,0,0.0
13/06/2007,85160,20949360000,246(0.41 %),96190,23662740000,11030,2713380000,0,0.0
14/06/2007,211520,52565510000,250(1.63 %),211520,52565510000,0,0,0,0.0
15/06/2007,107100,17597980000,163(2.19 %),115100,18913980000,8000,1316000000,0,0.0
18/06/2007,50430,8187310000,163(0.00 %),62940,10218440000,12510,2031130000,0,0.0
19/06/2007,125160,20651400000,165(1.23 %),135660,22383900000,10500,1732500000,0,0.0
20/06/2007,34690,5807590000,168(1.82 %),47690,7965590000,13000,2158000000,0,0.0
21/06/2007,37650,6291840000,167(-0.60 %),45710,7662040000,8060,1370200000,0,0.0
22/06/2007,116800,19503600000,167(0.00 %),116800,19503600000,0,0,0,0.0
25/06/2007,81030,13752440000,166(-0.60 %),120960,20449570000,39930,6697130000,0,0.0
26/06/2007,132650,22500830000,169(1.81 %),196480,33287100000,63830,10786270000,0,0.0
27/06/2007,-14720,-2375720000,165(-2.37 %),19320,3240880000,34040,5616600000,0,0.0
28/06/2007,13490,2252330000,167(1.21 %),14250,2379250000,760,126920000,0,0.0
29/06/2007,-2530,-417450000,165(-1.20 %),2810,463650000,5340,881100000,0,0.0
02/07/2007,146470,23258190000,158(-4.24 %),146480,23259790000,10,1600000,0,0.0
03/07/2007,136670,21623110000,159(0.63 %),147170,23282260000,10500,1659150000,0,0.0
04/07/2007,120900,20069400000,166(4.40 %),120900,20069400000,0,0,0,0.0
05/07/2007,280830,47032800000,167(0.60 %),285830,47867800000,5000,835000000,0,0.0
06/07/2007,71850,11993490000,167(0.00 %),114460,19096760000,42610,7103270000,0,0.0
09/07/2007,154560,26221380000,170(1.80 %),191190,32373210000,36630,6151830000,0,0.0
10/07/2007,112490,19445620000,174(2.35 %),123380,21327040000,10890,1881420000,0,0.0
11/07/2007,-8090,-1436030000,175(0.57 %),14860,2618820000,22950,4054850000,0,0.0
12/07/2007,29980,5200680000,168(-4.00 %),33800,5848440000,3820,647760000,0,0.0
13/07/2007,-2830,-460060000,170(1.19 %),27270,4608640000,30100,5068700000,0,0.0
16/07/2007,36110,6096000000,165(-2.94 %),66120,11047680000,30010,4951680000,0,0.0
17/07/2007,11200,1856960000,165(0.00 %),11200,1856960000,0,0,0,0.0
18/07/2007,11380,1860740000,163(-1.21 %),14900,2434500000,3520,573760000,0,0.0
19/07/2007,20260,3279440000,162(-0.61 %),25080,4059680000,4820,780240000,0,0.0
20/07/2007,29910,4854520000,162(0.00 %),44160,7153520000,14250,2299000000,0,0.0
23/07/2007,8000,1272400000,159(-1.85 %),8300,1320100000,300,47700000,0,0.0
24/07/2007,72540,11762420000,163(2.52 %),75040,12168670000,2500,406250000,0,0.0
25/07/2007,61070,9887010000,162(-0.61 %),77680,12561230000,16610,2674220000,0,0.0
26/07/2007,87160,14112750000,162(0.00 %),87160,14112750000,0,0,0,0.0
27/07/2007,20960,3398890000,161(-0.62 %),56400,9104730000,35440,5705840000,0,0.0
30/07/2007,11900,1906650000,160(-0.62 %),22440,3588790000,10540,1682140000,0,0.0
31/07/2007,113550,18224650000,162(1.25 %),129740,20795310000,16190,2570660000,0,0.0
01/08/2007,52410,8631270000,162(0.00 %),88980,14509480000,36570,5878210000,0,0.0
02/08/2007,80910,13107880000,162(0.00 %),87070,14105450000,6160,997570000,0,0.0
03/08/2007,84080,13447400000,159(-1.85 %),85180,13622900000,1100,175500000,0,0.0
06/08/2007,-140,-22510000,155(-2.52 %),1780,276440000,1920,298950000,0,0.0
07/08/2007,17040,2671010000,159(2.58 %),18040,2825510000,1000,154500000,0,0.0
08/08/2007,57070,9036940000,158(-0.63 %),67070,10616940000,10000,1580000000,0,0.0
09/08/2007,73120,11701160000,162(2.53 %),73920,11827560000,800,126400000,0,0.0
10/08/2007,-33050,-5210650000,159(-1.85 %),29870,4787610000,62920,9998260000,0,0.0
13/08/2007,-2150,-336970000,156(-1.89 %),4910,766760000,7060,1103730000,0,0.0
14/08/2007,15900,2514780000,158(1.28 %),24480,3866940000,8580,1352160000,0,0.0
15/08/2007,1580,246480000,156(-1.27 %),1700,265200000,120,18720000,0,0.0
16/08/2007,-5570,-840970000,154(-1.28 %),4440,688100000,10010,1529070000,0,0.0
17/08/2007,-60,9820000,152(-1.30 %),11060,1690440000,11120,1680620000,0,0.0
20/08/2007,1390,220050000,151(-0.66 %),32490,4898730000,31100,4678680000,0,0.0
21/08/2007,1100,168300000,152(0.66 %),1100,168300000,0,0,0,0.0
22/08/2007,15270,2311410000,150(-1.32 %),16680,2522910000,1410,211500000,0,0.0
23/08/2007,-21990,-3248970000,145(-3.33 %),12000,1741500000,33990,4990470000,0,0.0
24/08/2007,-90550,-13141150000,145(0.00 %),9550,1384750000,100100,14525900000,0,0.0
27/08/2007,25500,3758700000,148(2.07 %),25500,3758700000,0,0,0,0.0
28/08/2007,-65910,-9604570000,145(-2.03 %),43070,6287770000,108980,15892340000,0,0.0
29/08/2007,-36030,-5136290000,144(-0.69 %),48820,7017260000,84850,12153550000,0,0.0
30/08/2007,53940,7893160000,147(2.08 %),54040,7907660000,100,14500000,0,0.0
31/08/2007,-99590,-14525630000,146(-0.68 %),19780,2906000000,119370,17431630000,0,0.0
04/09/2007,64850,9665680000,150(2.74 %),68910,10266530000,4060,600850000,0,0.0
05/09/2007,149220,22775870000,152(1.33 %),151420,23110270000,2200,334400000,0,0.0
06/09/2007,136600,21132490000,156(2.63 %),137050,21201640000,450,69150000,0,0.0
07/09/2007,5090,826790000,160(2.56 %),13690,2171900000,8600,1345110000,0,0.0
10/09/2007,1470,232090000,157(-1.88 %),2170,342690000,700,110600000,0,0.0
11/09/2007,50520,7833030000,154(-1.91 %),54050,8376650000,3530,543620000,0,0.0
12/09/2007,4850,749400000,154(0.00 %),4850,749400000,0,0,0,0.0
13/09/2007,42250,6487800000,152(-1.30 %),47000,7219300000,4750,731500000,0,0.0
14/09/2007,178110,27773440000,156(2.63 %),178590,27847360000,480,73920000,0,0.0
17/09/2007,233600,37080850000,159(1.92 %),233600,37080850000,0,0,0,0.0
18/09/2007,-12560,-1924240000,154(-3.14 %),37440,5775760000,50000,7700000000,0,0.0
19/09/2007,12020,1823430000,155(0.65 %),74010,11430280000,61990,9606850000,0,0.0
20/09/2007,53560,8275350000,155(0.00 %),53560,8275350000,0,0,0,0.0
21/09/2007,103940,16073430000,154(-0.65 %),104940,16227430000,1000,154000000,0,0.0
24/09/2007,14810,2286120000,157(1.95 %),23380,3617900000,8570,1331780000,0,0.0
25/09/2007,180390,29310990000,163(3.82 %),180950,29401150000,560,90160000,0,0.0
26/09/2007,183480,30001010000,163(0.00 %),183480,30001010000,0,0,0,0.0
27/09/2007,112960,18297720000,162(-0.61 %),112960,18297720000,0,0,0,0.0
28/09/2007,47200,8031580000,170(4.94 %),97200,16272790000,50000,8241210000,0,0.0
01/10/2007,16900,3058860000,178(4.71 %),53670,9553260000,36770,6494400000,0,0.0
02/10/2007,9420,1636860000,179(0.56 %),53820,9357260000,44400,7720400000,0,0.0
03/10/2007,210430,37537970000,179(0.00 %),230530,41110970000,20100,3573000000,0,0.0
04/10/2007,49600,9058070000,174(-2.79 %),304700,53775870000,255100,44717800000,0,0.0
05/10/2007,-103410,-17620050000,170(-2.30 %),110590,19082650000,214000,36702700000,0,0.0
08/10/2007,-26850,-4519800000,168(-1.18 %),36150,6108200000,63000,10628000000,0,0.0
09/10/2007,27180,4697780000,169(0.60 %),29600,5110800000,2420,413020000,0,0.0
10/10/2007,96030,16546660000,172(1.78 %),101030,17406660000,5000,860000000,0,0.0
11/10/2007,168780,29137690000,172(0.00 %),169480,29258990000,700,121300000,0,0.0
12/10/2007,109800,18919860000,173(0.58 %),110200,18988660000,400,68800000,0,0.0
15/10/2007,183440,32056500000,176(1.73 %),190220,33236920000,6780,1180420000,0,0.0
16/10/2007,59070,10384190000,175(-0.57 %),59070,10384190000,0,0,0,0.0
17/10/2007,168540,29494500000,174(-0.57 %),168640,29512000000,100,17500000,0,0.0
18/10/2007,346160,60542180000,175(0.57 %),387220,67722180000,41060,7180000000,0,0.0
19/10/2007,-7270,-1262250000,175(0.00 %),21880,3829000000,29150,5091250000,0,0.0
22/10/2007,25050,4344150000,173(-1.14 %),33050,5736150000,8000,1392000000,0,0.0
23/10/2007,52240,8908760000,170(-1.73 %),69600,11868920000,17360,2960160000,0,0.0
24/10/2007,78330,13417460000,172(1.18 %),83850,14362900000,5520,945440000,0,0.0
25/10/2007,189590,33154420000,174(1.16 %),205000,35853900000,15410,2699480000,0,0.0
26/10/2007,28230,4879420000,171(-1.72 %),30730,5309920000,2500,430500000,0,0.0
29/10/2007,-193510,-32296940000,166(-2.92 %),59060,9971940000,252570,42268880000,0,0.0
30/10/2007,160700,27107770000,168(1.20 %),232910,39287260000,72210,12179490000,0,0.0
31/10/2007,46330,7778020000,167(-0.60 %),59330,9957020000,13000,2179000000,0,0.0
01/11/2007,12380,2094020000,167(0.00 %),18380,3099020000,6000,1005000000,0,0.0
02/11/2007,-42650,-6983100000,165(-1.20 %),19760,3275140000,62410,10258240000,0,0.0
05/11/2007,-211580,-33610370000,160(-3.03 %),64920,10369860000,276500,43980230000,0,0.0
06/11/2007,219250,35864710000,165(3.12 %),225350,36841210000,6100,976500000,0,0.0
07/11/2007,28950,4809060000,165(0.00 %),59380,9769930000,30430,4960870000,0,0.0
08/11/2007,-81660,-13143830000,160(-3.03 %),36000,5809800000,117660,18953630000,0,0.0
09/11/2007,66600,10472460000,158(-1.25 %),77100,12120660000,10500,1648200000,0,0.0
12/11/2007,57210,9071920000,157(-0.63 %),57510,9119620000,300,47700000,0,0.0
13/11/2007,31800,5009690000,151(-3.82 %),80760,12441150000,48960,7431460000,0,0.0
14/11/2007,-71550,-11189300000,157(3.97 %),128190,20182740000,199740,31372040000,0,0.0
15/11/2007,145760,23060220000,160(1.91 %),146860,23233420000,1100,173200000,0,0.0
16/11/2007,7660,1222780000,157(-1.88 %),32400,5108300000,24740,3885520000,0,0.0
19/11/2007,-2390,-373280000,156(-0.64 %),2710,423260000,5100,796540000,0,0.0
20/11/2007,-2430,-354290000,154(-1.28 %),31930,4928050000,34360,5282340000,0,0.0
21/11/2007,92700,14218220000,154(0.00 %),94050,14426120000,1350,207900000,0,0.0
22/11/2007,11080,1706320000,154(0.00 %),29920,4607680000,18840,2901360000,0,0.0
23/11/2007,8990,1384460000,154(0.00 %),15810,2434740000,6820,1050280000,0,0.0
26/11/2007,16980,2643700000,156(1.30 %),36700,5677100000,19720,3033400000,0,0.0
27/11/2007,650,102050000,155(-0.64 %),650,102050000,0,0,0,0.0
28/11/2007,3700,578100000,155(0.00 %),4700,733100000,1000,155000000,0,0.0
29/11/2007,-2880,-447400000,154(-0.65 %),1520,234600000,4400,682000000,0,0.0
30/11/2007,-128610,-19408400000,151(-1.95 %),50690,7704190000,179300,27112590000,0,0.0
03/12/2007,32710,5060800000,155(2.65 %),57080,8780040000,24370,3719240000,0,0.0
04/12/2007,70880,11127560000,156(0.65 %),91880,14424560000,21000,3297000000,0,0.0
05/12/2007,22790,3531650000,155(-0.64 %),38800,6013200000,16010,2481550000,0,0.0
06/12/2007,50040,7743300000,155(0.00 %),53810,8327650000,3770,584350000,0,0.0
07/12/2007,7500,1154900000,154(-0.65 %),7500,1154900000,0,0,0,0.0
10/12/2007,9590,1457680000,152(-1.30 %),9590,1457680000,0,0,0,0.0
11/12/2007,-460,-66880000,148(-2.63 %),400,60400000,860,127280000,0,0.0
12/12/2007,33890,5077800000,150(1.35 %),54100,8071880000,20210,2994080000,0,0.0
13/12/2007,-8960,-1320550000,147(-2.00 %),6840,1014920000,15800,2335470000,0,0.0
14/12/2007,-28000,-4088580000,145(-1.36 %),5640,822160000,33640,4910740000,0,0.0
17/12/2007,76100,11026480000,144(-0.69 %),78300,11345480000,2200,319000000,0,0.0
18/12/2007,144270,21172700000,149(3.47 %),144470,21201500000,200,28800000,0,0.0
19/12/2007,89330,13649760000,154(3.36 %),89490,13673760000,160,24000000,0,0.0
20/12/2007,293480,45390820000,154(0.00 %),295090,45639110000,1610,248290000,0,0.0
21/12/2007,58930,9147710000,156(1.30 %),58930,9147710000,0,0,0,0.0
24/12/2007,27420,4252460000,154(-1.28 %),29630,4592800000,2210,340340000,0,0.0
25/12/2007,6340,945370000,148(-3.90 %),25910,3887940000,19570,2942570000,0,0.0
26/12/2007,19350,2939200000,152(2.70 %),19400,2946800000,50,7600000,0,0.0
27/12/2007,17940,2680860000,149(-1.97 %),17940,2680860000,0,0,0,0.0
28/12/2007,46110,6970370000,152(2.01 %),46260,6992970000,150,22600000,0,0.0
02/01/2008,123190,18775500000,153(0.66 %),127180,19385310000,3990,609810000,0,0.0
03/01/2008,-3370,-505030000,150(-1.96 %),4020,609020000,7390,1114050000,0,0.0
04/01/2008,9900,1475000000,149(-0.67 %),10400,1550000000,500,75000000,0,0.0
07/01/2008,51740,7634790000,148(-0.67 %),61950,9142200000,10210,1507410000,0,0.0
08/01/2008,44910,6717850000,148(0.00 %),47330,7078980000,2420,361130000,0,0.0
09/01/2008,380,57600000,146(-1.35 %),5510,809480000,5130,751880000,0,0.0
10/01/2008,-173320,-24322700000,140(-4.11 %),15670,2213470000,188990,26536170000,0,0.0
11/01/2008,46020,6559270000,142(1.43 %),47900,6826230000,1880,266960000,0,0.0
14/01/2008,38470,5360340000,138(-2.82 %),39470,5498340000,1000,138000000,0,0.0
15/01/2008,36960,4943040000,134(-2.90 %),55200,7380590000,18240,2437550000,0,0.0
16/01/2008,-2830,-396200000,140(4.48 %),0,0,2830,396200000,0,0.0
17/01/2008,15890,2287660000,138(-1.43 %),26850,3810800000,10960,1523140000,0,0.0
18/01/2008,92300,12878680000,142(2.90 %),96670,13491640000,4370,612960000,0,0.0
21/01/2008,45930,6510030000,141(-0.70 %),45930,6510030000,0,0,0,0.0
22/01/2008,-18450,-2501170000,138(-2.13 %),11000,1494700000,29450,3995870000,0,0.0
23/01/2008,13860,1853940000,134(-2.90 %),42150,5659750000,28290,3805810000,0,0.0
24/01/2008,70600,9502500000,133(-0.75 %),100710,13521160000,30110,4018660000,0,0.0
25/01/2008,80220,10806890000,135(1.50 %),95520,12867090000,15300,2060200000,0,0.0
28/01/2008,87960,12027360000,137(1.48 %),102730,14050850000,14770,2023490000,0,0.0
29/01/2008,39680,5497830000,143(4.38 %),46680,6446830000,7000,949000000,0,0.0
30/01/2008,72710,10878100000,150(4.90 %),75440,11287400000,2730,409300000,0,0.0
31/01/2008,24150,3526330000,149(-0.67 %),32860,4816920000,8710,1290590000,0,0.0
01/02/2008,13750,2103390000,150(0.67 %),57550,8624940000,43800,6521550000,0,0.0
12/02/2008,5040,760460000,144(-4.00 %),18900,2790700000,13860,2030240000,0,0.0
13/02/2008,-6890,-964460000,140(-2.78 %),17370,2440770000,24260,3405230000,0,0.0
14/02/2008,4880,692300000,141(0.71 %),10720,1518910000,5840,826610000,0,0.0
15/02/2008,12590,1775190000,141(0.00 %),12590,1775190000,0,0,0,0.0
18/02/2008,25020,3352680000,134(-4.96 %),26350,3530900000,1330,178220000,0,0.0
19/02/2008,9630,1203840000,131(-2.24 %),29630,3823840000,20000,2620000000,0,0.0
20/02/2008,32010,4119340000,125(-4.58 %),33430,4296840000,1420,177500000,0,0.0
21/02/2008,66430,7905170000,119(-4.80 %),66430,7905170000,0,0,0,0.0
22/02/2008,-26410,-3010740000,114(-4.20 %),128050,14597700000,154460,17608440000,0,0.0
25/02/2008,17910,2130780000,119(4.39 %),76040,9016030000,58130,6885250000,0,0.0
26/02/2008,196100,22914800000,114(-4.20 %),196600,22973300000,500,58500000,0,0.0
27/02/2008,60030,7016010000,116(1.75 %),60030,7016010000,0,0,0,0.0
28/02/2008,63670,7448190000,117(0.86 %),63670,7448190000,0,0,0,0.0
29/02/2008,136550,15964250000,117(0.00 %),185580,21740270000,49030,5776020000,0,0.0
03/03/2008,129410,14808680000,114(-2.56 %),130410,14922680000,1000,114000000,0,0.0
04/03/2008,191860,20912940000,109(-4.39 %),216480,23596620000,24620,2683680000,0,0.0
05/03/2008,-2900,-301600000,104(-4.59 %),83420,8675680000,86320,8977280000,0,0.0
06/03/2008,250,27250000,109(4.81 %),250,27250000,0,0,0,0.0
07/03/2008,6700,763800000,114(4.59 %),6700,763800000,0,0,0,0.0
10/03/2008,60650,7217350000,119(4.39 %),97850,11644150000,37200,4426800000,0,0.0
11/03/2008,51600,5976020000,115(-3.36 %),92190,10658960000,40590,4682940000,0,0.0
12/03/2008,17520,2045500000,118(2.61 %),28560,3355780000,11040,1310280000,0,0.0
13/03/2008,74300,8910560000,120(1.69 %),86220,10342060000,11920,1431500000,0,0.0
14/03/2008,133460,16107340000,122(1.67 %),133520,16114540000,60,7200000,0,0.0
17/03/2008,66470,7823670000,116(-4.92 %),66900,7874410000,430,50740000,0,0.0
18/03/2008,58790,6525290000,111(-4.31 %),63020,6995220000,4230,469930000,0,0.0
19/03/2008,73230,8405070000,113(1.80 %),118430,13572440000,45200,5167370000,0,0.0
20/03/2008,-9420,-1052130000,112(-0.88 %),7070,786670000,16490,1838800000,0,0.0
21/03/2008,66300,7287240000,109(-2.68 %),66800,7343240000,500,56000000,0,0.0
24/03/2008,-93450,-9815320000,104(-4.59 %),107110,11143320000,200560,20958640000,0,0.0
25/03/2008,127850,12657150000,99(-4.81 %),229490,22719510000,101640,10062360000,0,0.0
26/03/2008,-16210,-1671560000,102(3.03 %),38110,3890730000,54320,5562290000,0,0.0
27/03/2008,-380,-38460000,103(0.98 %),24620,2511540000,25000,2550000000,0,0.0
28/03/2008,-60060,-6246240000,104(0.97 %),43290,4502160000,103350,10748400000,0,0.0
31/03/2008,-3950,-414750000,105(0.96 %),0,0,3950,414750000,0,0.0
01/04/2008,0,0,106(0.95 %),0,0,0,0,0,0.0
02/04/2008,0,0,107(0.94 %),77280,8268960000,77280,8268960000,0,0.0
03/04/2008,0,0,108(0.93 %),0,0,0,0,0,0.0
04/04/2008,0,0,109(0.93 %),0,0,0,0,0,0.0
07/04/2008,0,0,111(1.83 %),0,0,0,0,0,0.0
08/04/2008,264740,29911300000,113(1.80 %),314740,35561300000,50000,5650000000,0,0.0
09/04/2008,88940,10219800000,115(1.77 %),240440,27642300000,151500,17422500000,0,0.0
10/04/2008,189570,21554430000,113(-1.74 %),201860,22949800000,12290,1395370000,0,0.0
11/04/2008,66970,7433670000,111(-1.77 %),91590,10166490000,24620,2732820000,0,0.0
16/04/2008,45750,4986750000,109(-1.80 %),57350,6251150000,11600,1264400000,0,0.0
17/04/2008,64350,6885450000,111(1.83 %),64510,6902570000,160,17120000,0,0.0
18/04/2008,132160,14898140000,113(1.80 %),234260,26433440000,102100,11535300000,0,0.0
21/04/2008,241880,27798700000,115(1.77 %),241880,27798700000,0,0,0,0.0
22/04/2008,112330,12922440000,116(0.87 %),119280,13715140000,6950,792700000,0,0.0
23/04/2008,88380,10075420000,114(-1.72 %),94480,10770820000,6100,695400000,0,0.0
24/04/2008,51410,5818520000,114(0.00 %),51410,5818520000,0,0,0,0.0
25/04/2008,4570,516380000,113(-0.88 %),7570,855380000,3000,339000000,0,0.0
28/04/2008,64760,7395050000,115(1.77 %),70710,8071350000,5950,676300000,0,0.0
29/04/2008,141270,16528590000,117(1.74 %),141270,16528590000,0,0,0,0.0
05/05/2008,49390,5873350000,119(1.71 %),51990,6182750000,2600,309400000,0,0.0
06/05/2008,24380,2852460000,117(-1.68 %),76180,8913060000,51800,6060600000,0,0.0
07/05/2008,115510,13287640000,115(-1.71 %),118100,13585490000,2590,297850000,0,0.0
08/05/2008,155240,14359700000,92.5(-2.12 %),157860,14602050000,2620,242350000,0,0.0
09/05/2008,60180,5476380000,91(-1.62 %),60180,5476380000,0,0,0,0.0
12/05/2008,18330,1640535000,89.5(-1.65 %),18330,1640535000,0,0,0,0.0
13/05/2008,4210,370480000,88(-1.68 %),6210,546480000,2000,176000000,0,0.0
14/05/2008,27010,2336365000,86.5(-1.70 %),36910,3192715000,9900,856350000,0,0.0
15/05/2008,21600,1836000000,85(-1.73 %),21600,1836000000,0,0,0,0.0
16/05/2008,150670,12585945000,83.5(-1.76 %),158280,13221380000,7610,635435000,0,0.0
19/05/2008,145210,11907220000,82(-1.80 %),185510,15211820000,40300,3304600000,0,0.0
20/05/2008,20570,1655885000,80.5(-1.83 %),62930,5065865000,42360,3409980000,0,0.0
21/05/2008,140120,11069480000,79(-1.86 %),154210,12182590000,14090,1113110000,0,0.0
22/05/2008,186860,14481650000,77.5(-1.90 %),190860,14791650000,4000,310000000,0,0.0
23/05/2008,91240,6934240000,76(-1.94 %),93390,7097640000,2150,163400000,0,0.0
26/05/2008,-120,-8940000,74.5(-1.97 %),100,7500000,220,16440000,0,0.0
27/05/2008,0,0,74.5(0.00 %),0,0,0,0,0,0.0
28/05/2008,0,0,74.5(0.00 %),0,0,0,0,0,0.0
29/05/2008,0,0,74.5(0.00 %),0,0,0,0,0,0.0
30/05/2008,53370,3922695000,73.5(-1.34 %),94810,6968535000,41440,3045840000,0,0.0
02/06/2008,2600,188500000,72.5(-1.36 %),2600,188500000,0,0,0,0.0
03/06/2008,200,14300000,71.5(-1.38 %),200,14300000,0,0,0,0.0
04/06/2008,7790,549195000,70.5(-1.40 %),29420,2074110000,21630,1524915000,0,0.0
05/06/2008,0,0,69.5(-1.42 %),1130,78535000,1130,78535000,0,0.0
06/06/2008,50,3425000,68.5(-1.44 %),2590,177415000,2540,173990000,0,0.0
09/06/2008,-600,-40500000,67.5(-1.46 %),5500,371250000,6100,411750000,0,0.0
10/06/2008,250,16625000,66.5(-1.48 %),250,16625000,0,0,0,0.0
11/06/2008,36840,2410020000,65.5(-1.50 %),176720,11575160000,139880,9165140000,0,0.0
12/06/2008,82000,5333155000,66.5(1.53 %),155200,10107355000,73200,4774200000,0,0.0
13/06/2008,44310,2990925000,67.5(1.50 %),83310,5623425000,39000,2632500000,0,0.0
16/06/2008,21120,1446705000,68.5(1.48 %),110460,7566495000,89340,6119790000,0,0.0
17/06/2008,-16850,-1171075000,69.5(1.46 %),8150,566425000,25000,1737500000,0,0.0
18/06/2008,291520,20273960000,68.5(-1.44 %),292020,20309210000,500,35250000,0,0.0
19/06/2008,105690,7028350000,66.5(-2.92 %),192590,12807235000,86900,5778885000,0,0.0
20/06/2008,210750,13698750000,65(-2.26 %),250050,16253250000,39300,2554500000,0,0.0
23/06/2008,31610,2101565000,66.5(2.31 %),57070,3794655000,25460,1693090000,0,0.0
24/06/2008,40540,2756720000,68(2.26 %),43230,2939640000,2690,182920000,0,0.0
25/06/2008,29150,2040500000,70(2.94 %),29150,2040500000,0,0,0,0.0
26/06/2008,264710,19046015000,72(2.86 %),265710,19118015000,1000,72000000,0,0.0
27/06/2008,90490,6680720000,74(2.78 %),100370,7405260000,9880,724540000,0,0.0
30/06/2008,30480,2316480000,76(2.70 %),45380,3448880000,14900,1132400000,0,0.0
01/07/2008,-250,-19500000,78(2.63 %),4750,370500000,5000,390000000,0,0.0
02/07/2008,15210,1216800000,80(2.56 %),15210,1216800000,0,0,0,0.0
03/07/2008,11840,970880000,82(2.50 %),11840,970880000,0,0,0,0.0
04/07/2008,3690,309960000,84(2.44 %),3690,309960000,0,0,0,0.0
07/07/2008,311600,26819950000,86.5(2.98 %),374980,32301825000,63380,5481875000,0,0.0
08/07/2008,336750,29086060000,89(2.89 %),343560,29673440000,6810,587380000,0,0.0
09/07/2008,146330,13389095000,91.5(2.81 %),157660,14425790000,11330,1036695000,0,0.0
10/07/2008,62050,5832700000,94(2.73 %),129610,12183340000,67560,6350640000,0,0.0
11/07/2008,31700,3059050000,96.5(2.66 %),31700,3059050000,0,0,0,0.0
14/07/2008,22640,2241360000,99(2.59 %),22840,2261160000,200,19800000,0,0.0
15/07/2008,8750,883750000,101(2.02 %),17150,1732150000,8400,848400000,0,0.0
16/07/2008,378590,38742535000,104(2.97 %),411750,42164675000,33160,3422140000,0,0.0
17/07/2008,-31170,-3308660000,107(2.88 %),169465,18114285000,200635,21422945000,0,0.0
18/07/2008,209850,21860970000,104(-2.80 %),305100,31770260000,95250,9909290000,0,0.0
21/07/2008,-1120,-113120000,101(-2.88 %),16520,1668520000,17640,1781640000,0,0.0
22/07/2008,86250,8452500000,98(-2.97 %),101500,9947000000,15250,1494500000,0,0.0
23/07/2008,42850,4092175000,95.5(-2.55 %),103100,9846050000,60250,5753875000,0,0.0
24/07/2008,-11400,-1060200000,93(-2.62 %),80430,7479990000,91830,8540190000,0,0.0
25/07/2008,48510,4390155000,90.5(-2.69 %),51400,4651700000,2890,261545000,0,0.0
28/07/2008,62410,5290770000,93(2.76 %),248400,21872050000,185990,16581280000,0,0.0
29/07/2008,-890,-84995000,95.5(2.69 %),3300,315150000,4190,400145000,0,0.0
30/07/2008,154050,14947090000,97.5(2.09 %),163610,15881400000,9560,934310000,0,0.0
31/07/2008,352890,34451595000,100(2.56 %),357190,34876645000,4300,425050000,0,0.0
01/08/2008,85050,8445375000,97(-3.00 %),155320,15302280000,70270,6856905000,0,0.0
04/08/2008,39110,3697925000,94.5(-2.58 %),39410,3726425000,300,28500000,0,0.0
05/08/2008,123770,11386840000,92(-2.65 %),132840,12221280000,9070,834440000,0,0.0
06/08/2008,-27800,-2627100000,94.5(2.72 %),72200,6822900000,100000,9450000000,0,0.0
07/08/2008,8890,860905000,94.5(0.00 %),268890,26080905000,260000,25220000000,0,0.0
08/08/2008,63810,6173110000,96.5(2.12 %),70200,6789745000,6390,616635000,0,0.0
11/08/2008,-3450,-341550000,99(2.59 %),0,0,3450,341550000,0,0.0
12/08/2008,-140370,-14048390000,101(2.02 %),87430,8780310000,227800,22828700000,0,0.0
13/08/2008,74790,7418790000,101(0.00 %),75400,7479750000,610,60960000,0,0.0
14/08/2008,24560,2509010000,104(2.97 %),28690,2938530000,4130,429520000,0,0.0
15/08/2008,16620,1778340000,107(2.88 %),16620,1778340000,0,0,0,0.0
18/08/2008,98620,11045440000,112(4.67 %),100620,11269440000,2000,224000000,0,0.0
19/08/2008,340390,39474670000,114(1.79 %),344870,39995000000,4480,520330000,0,0.0
20/08/2008,124380,13862050000,110(-3.51 %),150620,16779410000,26240,2917360000,0,0.0
21/08/2008,-4980,-572700000,115(4.55 %),77650,8929750000,82630,9502450000,0,0.0
22/08/2008,221980,26626590000,120(4.35 %),250730,30076290000,28750,3449700000,0,0.0
25/08/2008,51020,6428520000,126(5.00 %),77090,9713340000,26070,3284820000,0,0.0
26/08/2008,-136130,-17910660000,130(3.17 %),134610,17763720000,270740,35674380000,0,0.0
27/08/2008,-18970,-2422890000,124(-4.62 %),199660,25184860000,218630,27607750000,0,0.0
28/08/2008,6940,818920000,118(-4.84 %),51760,6107680000,44820,5288760000,0,0.0
29/08/2008,14890,1682570000,113(-4.24 %),57780,6529140000,42890,4846570000,0,0.0
03/09/2008,-337940,-38065930000,113(0.00 %),65260,7277870000,403200,45343800000,0,0.0
04/09/2008,-56470,-6206890000,113(0.00 %),32770,3591650000,89240,9798540000,0,0.0
05/09/2008,-43700,-4714480000,108(-4.42 %),9000,980800000,52700,5695280000,0,0.0
08/09/2008,-41250,-4249830000,103(-4.63 %),9800,1009400000,51050,5259230000,0,0.0
09/09/2008,-100310,-9998100000,98(-4.85 %),35480,3543050000,135790,13541150000,0,0.0
10/09/2008,-73860,-7168775000,99.5(1.53 %),7580,748580000,81440,7917355000,0,0.0
11/09/2008,-2690,-257550000,96.5(-3.02 %),59530,5847870000,62220,6105420000,0,0.0
12/09/2008,-57180,-5271770000,92(-4.66 %),131780,12123760000,188960,17395530000,0,0.0
15/09/2008,-106830,-10045230000,90.5(-1.63 %),696600,63146365000,803430,73191595000,0,0.0
16/09/2008,-76730,-6638515000,86(-4.97 %),72790,6328420000,149520,12966935000,0,0.0
17/09/2008,-161840,-13286220000,82(-4.65 %),166300,13640600000,328140,26926820000,0,0.0
18/09/2008,82340,6422520000,78(-4.88 %),348220,27161160000,265880,20738640000,0,0.0
19/09/2008,-218960,-17845240000,81.5(4.49 %),92490,7537935000,311450,25383175000,0,0.0
22/09/2008,69530,5944815000,85.5(4.91 %),81720,6987060000,12190,1042245000,0,0.0
23/09/2008,373660,32683365000,89.5(4.68 %),483160,42346615000,109500,9663250000,0,0.0
24/09/2008,100580,9233415000,90(0.56 %),215050,19705915000,114470,10472500000,0,0.0
25/09/2008,286910,26714100000,94.5(5.00 %),323220,30084370000,36310,3370270000,0,0.0
26/09/2008,38710,3817050000,99(4.76 %),188000,18533780000,149290,14716730000,0,0.0
29/09/2008,314500,32318070000,103(4.30 %),317560,32628150000,3060,310080000,0,0.0
30/09/2008,2000,196000000,98(-4.85 %),2000,196000000,0,0,0,0.0
01/10/2008,-94740,-9257655000,97(-0.77 %),20580,1989180000,115320,11246835000,0,0.0
02/10/2008,-332900,-31438840000,93(-3.88 %),22870,2132920000,355770,33571760000,0,0.0
03/10/2008,-38420,-3509550000,92(-1.08 %),332510,30546780000,370930,34056330000,0,0.0
06/10/2008,-30490,-2681090000,87.5(-4.89 %),155290,13604700000,185780,16285790000,0,0.0
07/10/2008,-36270,-3030650000,83.5(-4.57 %),136270,11378545000,172540,14409195000,0,0.0
08/10/2008,-139030,-11168220000,81(-2.99 %),64350,5198075000,203380,16366295000,0,0.0
09/10/2008,29880,2462755000,82(1.23 %),47220,3833420000,17340,1370665000,0,0.0
10/10/2008,-77630,-6055140000,78(-4.88 %),210120,16389360000,287750,22444500000,0,0.0
13/10/2008,-15410,-1200460000,78(0.00 %),57550,4506510000,72960,5706970000,0,0.0
14/10/2008,-67250,-5480875000,81.5(4.49 %),19800,1613700000,87050,7094575000,0,0.0
15/10/2008,-16630,-1473595000,85.5(4.91 %),333670,28474555000,350300,29948150000,0,0.0
16/10/2008,50010,4111815000,83(-2.92 %),121820,10056285000,71810,5944470000,0,0.0
17/10/2008,-47810,-4004580000,82.5(-0.60 %),67860,5621235000,115670,9625815000,0,0.0
20/10/2008,26060,2090475000,78.5(-4.85 %),120440,9553940000,94380,7463465000,0,0.0
21/10/2008,20000,1624500000,82(4.46 %),48900,3994300000,28900,2369800000,0,0.0
22/10/2008,19790,1642105000,83(1.22 %),60380,4986100000,40590,3343995000,0,0.0
23/10/2008,-79950,-6330320000,79(-4.82 %),165500,13109550000,245450,19439870000,0,0.0
24/10/2008,-71790,-5481960000,75.5(-4.43 %),77000,5848550000,148790,11330510000,0,0.0
27/10/2008,8990,647915000,72(-4.64 %),84690,6098315000,75700,5450400000,0,0.0
28/10/2008,-41960,-2888495000,71(-1.39 %),87440,6027035000,129400,8915530000,0,0.0
29/10/2008,30790,2293855000,74.5(4.93 %),102940,7669030000,72150,5375175000,0,0.0
30/10/2008,43060,3335740000,78(4.70 %),93140,7143400000,50080,3807660000,0,0.0
31/10/2008,27010,2146165000,80(2.56 %),44730,3546950000,17720,1400785000,0,0.0
03/11/2008,51520,4073620000,79.5(-0.62 %),61520,4856120000,10000,782500000,0,0.0
04/11/2008,-137120,-11137960000,83(4.40 %),104080,8250010000,241200,19387970000,0,0.0
05/11/2008,128990,11217130000,87(4.82 %),368990,32097130000,240000,20880000000,0,0.0
06/11/2008,57620,4906840000,84(-3.45 %),58170,4952790000,550,45950000,0,0.0
07/11/2008,38640,3122380000,80(-4.76 %),104610,8432800000,65970,5310420000,0,0.0
10/11/2008,-50250,-3970270000,78(-2.50 %),43470,3413850000,93720,7384120000,0,0.0
11/11/2008,36510,2715695000,74.5(-4.49 %),65370,4870465000,28860,2154770000,0,0.0
12/11/2008,-236980,-16899665000,71(-4.70 %),20450,1467150000,257430,18366815000,0,0.0
13/11/2008,6280,449040000,72(1.41 %),7830,554440000,1550,105400000,0,0.0
14/11/2008,-20430,-1473370000,72(0.00 %),8180,598835000,28610,2072205000,0,0.0
17/11/2008,2320,164720000,71.5(-0.69 %),22320,1594720000,20000,1430000000,0,0.0
18/11/2008,-65040,-4546120000,69.5(-2.80 %),60230,4218235000,125270,8764355000,0,0.0
19/11/2008,-66600,-4559000000,68.5(-1.44 %),63620,4385445000,130220,8944445000,0,0.0
20/11/2008,7630,508660000,67.5(-1.46 %),18590,1252160000,10960,743500000,0,0.0
21/11/2008,-183540,-12120420000,65(-3.70 %),217980,14145425000,401520,26265845000,0,0.0
24/11/2008,-26090,-1728410000,66.5(2.31 %),6450,423950000,32540,2152360000,0,0.0
25/11/2008,-101110,-6799200000,67(0.75 %),38944,2489034000,140054,9288234000,0,0.0
26/11/2008,-50620,-3390015000,67(0.00 %),12440,837165000,63060,4227180000,0,0.0
27/11/2008,-217600,-14668910000,70(4.48 %),20500,1363000000,238100,16031910000,0,0.0
28/11/2008,-59580,-4244820000,72.5(3.57 %),51450,3723650000,111030,7968470000,0,0.0
01/12/2008,-183660,-12882460000,69.5(-4.14 %),11340,795040000,195000,13677500000,0,0.0
02/12/2008,-50160,-3423430000,69.5(0.00 %),6350,432250000,56510,3855680000,0,0.0
03/12/2008,-980,-67000000,67(0.00 %),3280,218270000,4260,285270000,0,0.0
04/12/2008,-66100,-4437060000,69(2.99 %),18900,1263550000,85000,5700610000,0,0.0
05/12/2008,-28600,-1884150000,66(-4.35 %),16000,1062500000,44600,2946650000,0,0.0
08/12/2008,-43810,-2829270000,64(-3.03 %),13900,884050000,57710,3713320000,0,0.0
09/12/2008,37070,2489580000,66.5(3.91 %),68870,4487610000,31800,1998030000,0,0.0
10/12/2008,10130,662805000,67(0.75 %),10230,669555000,100,6750000,0,0.0
11/12/2008,-1820,-117130000,67.5(0.75 %),50310,3401415000,52130,3518545000,0,0.0
12/12/2008,33300,2314805000,70(3.70 %),52030,3620905000,18730,1306100000,0,0.0
15/12/2008,10110,710090000,70(0.00 %),15500,1088600000,5390,378510000,0,0.0
16/12/2008,28450,1944100000,68(-2.86 %),29400,2009100000,950,65000000,0,0.0
17/12/2008,-54600,-3712060000,69(1.47 %),4980,334060000,59580,4046120000,0,0.0
18/12/2008,-63490,-4418335000,70(1.45 %),6610,454025000,70100,4872360000,0,0.0
19/12/2008,-59490,-4044725000,67.5(-3.57 %),27890,1921505000,87380,5966230000,0,0.0
22/12/2008,-52940,-3732280000,70.5(4.44 %),820,57800000,53760,3790080000,0,0.0
23/12/2008,15480,1087540000,72.5(2.84 %),26280,1838140000,10800,750600000,0,0.0
24/12/2008,4530,325135000,72.5(0.00 %),5630,403235000,1100,78100000,0,0.0
25/12/2008,-1780,-130720000,74(2.07 %),1100,79750000,2880,210470000,0,0.0
26/12/2008,730,54020000,76.5(3.38 %),730,54020000,0,0,0,0.0
29/12/2008,3620,283360000,80(4.58 %),3820,298960000,200,15600000,0,0.0
30/12/2008,-27060,-2270505000,82(2.50 %),75270,6050945000,102330,8321450000,0,0.0
31/12/2008,-110180,-9198345000,85(3.66 %),3940,324980000,114120,9523325000,0,0.0
02/01/2009,3380,273780000,81(-4.71 %),3380,273780000,0,0,26443214,28.99
05/01/2009,3060,235620000,77(-4.94 %),3060,235620000,0,0,26440154,28.99
06/01/2009,5450,370665000,74.5(-3.25 %),47620,3506310000,42170,3135645000,26434704,29.0
07/01/2009,38010,2915025000,77(3.36 %),42200,3234760000,4190,319735000,26396694,29.03
08/01/2009,-3630,-273865000,75.5(-1.95 %),39960,3018685000,43590,3292550000,26400324,29.03
09/01/2009,12790,967145000,76(0.66 %),13180,996590000,390,29445000,26387534,29.03
12/01/2009,3870,291250000,75(-1.32 %),8070,606250000,4200,315000000,26383664,29.04
13/01/2009,15000,1122500000,74.5(-0.67 %),15000,1122500000,0,0,26368664,29.05
14/01/2009,40550,3023975000,75(0.67 %),61350,4573575000,20800,1549600000,26328114,29.08
15/01/2009,-17240,-1245075000,72(-4.00 %),40500,2936350000,57740,4181425000,26345354,29.07
16/01/2009,-39950,-2884620000,72(0.00 %),40480,2941075000,80430,5825695000,26385304,29.04
19/01/2009,48060,3487965000,73(1.39 %),54560,3960965000,6500,473000000,26337244,29.07
20/01/2009,-2160,-154545000,72(-1.37 %),1890,136030000,4050,290575000,26339404,29.07
21/01/2009,-14630,-1035465000,70.5(-2.08 %),750,53250000,15380,1088715000,26354034,29.06
22/01/2009,-27330,-1926705000,70.5(0.00 %),15170,1069500000,42500,2996205000,26381364,29.04
23/01/2009,-7100,-515565000,72(2.13 %),7620,537695000,14720,1053260000,26388464,29.03
02/02/2009,-22640,-1594275000,70.5(-2.08 %),16490,1165240000,39130,2759515000,26411104,29.02
03/02/2009,-11940,-827100000,69.5(-1.42 %),50810,3534475000,62750,4361575000,26423044,29.01
04/02/2009,-600,-41785000,69.5(0.00 %),17850,1243200000,18450,1284985000,26423644,29.01
05/02/2009,10410,720995000,69(-0.72 %),41410,2865495000,31000,2144500000,26413234,29.02
06/02/2009,-66060,-4494660000,68(-1.45 %),46790,3182270000,112850,7676930000,26479294,28.97
09/02/2009,-59510,-4045155000,68(0.00 %),18090,1242760000,77600,5287915000,26538804,28.92
10/02/2009,-6490,-438870000,68(0.00 %),6850,465750000,13340,904620000,26545294,28.92
11/02/2009,3600,238855000,66(-2.94 %),36580,2424820000,32980,2185965000,26541694,28.92
12/02/2009,-2310,-151640000,66.5(0.76 %),40100,2668625000,42410,2820265000,26544004,28.92
13/02/2009,-28190,-1832350000,65(-2.26 %),11300,734500000,39490,2566850000,26572194,28.9
16/02/2009,-3040,-197040000,64(-1.54 %),10900,702700000,13940,899740000,26575234,28.89
17/02/2009,-37310,-2310815000,61(-4.69 %),21500,1339100000,58810,3649915000,26612544,28.86
18/02/2009,20750,1213675000,58.5(-4.10 %),20870,1220695000,120,7020000,26591794,28.88
19/02/2009,-16880,-983135000,57(-2.56 %),270,15390000,17150,998525000,26608674,28.87
20/02/2009,-23950,-1347450000,57.5(0.88 %),1050,58250000,25000,1405700000,26632624,28.85
23/02/2009,4930,274615000,55(-4.35 %),11010,611055000,6080,336440000,26627694,28.85
24/02/2009,-7100,-372450000,52.5(-4.55 %),14310,752275000,21410,1124725000,26634794,28.85
25/02/2009,-55020,-2931945000,54.5(3.81 %),530,28175000,55550,2960120000,26689814,28.81
26/02/2009,-32260,-1680020000,53(-2.75 %),4210,218920000,36470,1898940000,26722074,28.78
27/02/2009,61350,3277250000,54(1.89 %),63670,3399890000,2320,122640000,26660724,28.83
02/03/2009,39070,2135330000,55.5(2.78 %),49660,2710430000,10590,575100000,26621654,28.86
03/03/2009,-32310,-1712430000,53(-4.50 %),17000,901000000,49310,2613430000,26653964,28.83
04/03/2009,26510,1414015000,54(1.89 %),49130,2623055000,22620,1209040000,26627454,28.85
05/03/2009,-55510,-2980700000,52.5(-2.78 %),400,21250000,55910,3001950000,26682964,28.81
06/03/2009,-15300,-803250000,52.5(0.00 %),4700,246750000,20000,1050000000,26698264,28.8
09/03/2009,-13600,-720800000,53(0.95 %),2400,127200000,16000,848000000,26711864,28.79
10/03/2009,-17360,-918400000,53.5(0.94 %),920,48570000,18280,966970000,26729224,28.78
11/03/2009,-45270,-2431050000,53.5(0.00 %),13500,722300000,58770,3153350000,26774494,28.74
12/03/2009,-18750,-996175000,53(-0.93 %),250,13325000,19000,1009500000,26793244,28.73
13/03/2009,-17020,-903695000,53(0.00 %),11330,601155000,28350,1504850000,26810264,28.71
16/03/2009,-22320,-1194690000,54(1.89 %),19620,1050020000,41940,2244710000,26832584,28.7
17/03/2009,-191420,-10815730000,56.5(4.63 %),75470,4263555000,266890,15079285000,27024004,28.55
18/03/2009,-38930,-2296870000,59(4.42 %),0,0,38930,2296870000,27062934,28.52
19/03/2009,51140,3108315000,58(-1.69 %),80370,4905960000,29230,1797645000,27011794,28.56
20/03/2009,-28650,-1676300000,58(0.00 %),1500,87000000,30150,1763300000,27040444,28.54
23/03/2009,13740,773670000,55.5(-4.31 %),29040,1627170000,15300,853500000,27026704,28.55
24/03/2009,131120,7600535000,58(4.50 %),151720,8795005000,20600,1194470000,26895584,28.65
25/03/2009,123180,7282650000,60.5(4.31 %),228440,13565880000,105260,6283230000,26772404,28.74
26/03/2009,84500,5326085000,63.5(4.96 %),258960,16379295000,174460,11053210000,26687904,28.81
27/03/2009,13950,879655000,60.5(-4.72 %),22030,1396775000,8080,517120000,26673954,28.82
30/03/2009,6760,400255000,59.5(-1.65 %),10440,620215000,3680,219960000,26667194,28.82
31/03/2009,-32390,-1872910000,58.5(-1.68 %),93690,5463945000,126080,7336855000,26699584,28.8
01/04/2009,-43660,-2592110000,60.5(3.42 %),1930,112905000,45590,2705015000,26743244,28.77
02/04/2009,59030,3685300000,63(4.13 %),94030,5887800000,35000,2202500000,26684214,28.81
03/04/2009,87660,5784300000,66(4.76 %),121770,8034560000,34110,2250260000,26596554,28.88
07/04/2009,-60000,-4275240000,69(4.55 %),81920,5416040000,141920,9691280000,26656554,28.83
08/04/2009,17960,1226710000,66(-4.35 %),119700,8050700000,101740,6823990000,26638594,28.84
09/04/2009,34530,2273380000,65(-1.52 %),47530,3119880000,13000,846500000,26604064,28.87
10/04/2009,6900,468800000,68(4.62 %),18230,1239240000,11330,770440000,26597164,28.88
13/04/2009,-84950,-6031450000,71(4.41 %),80050,5683550000,165000,11715000000,26682114,28.81
14/04/2009,26800,1894500000,71(0.00 %),113700,8071620000,86900,6177120000,26655314,28.83
15/04/2009,21480,1518150000,68(-4.23 %),104500,7242900000,83020,5724750000,26633834,28.85
16/04/2009,-36390,-2476970000,68(0.00 %),240,16680000,36630,2493650000,26670224,28.82
17/04/2009,-100870,-6741620000,70(2.94 %),7390,480350000,108260,7221970000,26771094,28.74
20/04/2009,-4640,-308560000,66.5(-5.00 %),5150,342475000,9790,651035000,26775734,28.74
21/04/2009,9310,591185000,63.5(-4.51 %),35100,2228850000,25790,1637665000,26766424,28.75
22/04/2009,6610,438415000,66.5(4.72 %),86630,5756755000,80020,5318340000,26759814,28.75
23/04/2009,12150,812640000,66(-0.75 %),12800,856240000,650,43600000,26747664,28.76
24/04/2009,-40770,-2589775000,63(-4.55 %),11560,734840000,52330,3324615000,26788434,28.73
27/04/2009,45730,3016575000,66(4.76 %),54730,3610575000,9000,594000000,26742704,28.77
28/04/2009,-25860,-1631055000,66(0.00 %),18300,1194050000,44160,2825105000,26768564,28.75
29/04/2009,6750,453320000,69(4.55 %),11750,791320000,5000,338000000,26761814,28.75
04/05/2009,81560,5872320000,72(4.35 %),81780,5888160000,220,15840000,26680254,28.81
05/05/2009,110400,8343935000,75(4.17 %),153200,11565335000,42800,3221400000,26569854,28.9
06/05/2009,163500,12067090000,71.5(-4.67 %),185840,13695555000,22340,1628465000,26406354,29.02
07/05/2009,53500,4000250000,74(3.50 %),94100,7044500000,40600,3044250000,26352854,29.06
08/05/2009,35850,2614355000,73.5(-0.68 %),44310,3231165000,8460,616810000,26317004,29.09
11/05/2009,164800,12289690000,74(0.68 %),175570,13095695000,10770,806005000,26152204,29.21
12/05/2009,-16070,-1190305000,74.5(0.68 %),12820,939625000,28890,2129930000,26168274,29.2
13/05/2009,214240,15718895000,74(-0.67 %),263850,19383135000,49610,3664240000,25954034,29.36
14/05/2009,42280,3040170000,72.5(-2.03 %),105360,7561930000,63080,4521760000,25911754,29.39
15/05/2009,-43660,-3213740000,73.5(1.38 %),92000,6768075000,135660,9981815000,25955414,29.36
18/05/2009,3690,269980000,72.5(-1.36 %),5170,377270000,1480,107290000,25951724,29.36
19/05/2009,15340,1279320000,71(-2.07 %),94230,6955490000,78890,5676170000,25936384,29.38
20/05/2009,-94520,-6647250000,71(0.00 %),130220,9251610000,224740,15898860000,26030904,29.3
21/05/2009,38370,2750005000,71.5(0.70 %),173250,12401965000,134880,9651960000,25992534,29.33
22/05/2009,-82310,-5705000000,69(-3.50 %),110790,7697400000,193100,13402400000,26074844,29.27
25/05/2009,-239570,-17015735000,72(4.35 %),2740,192800000,242310,17208535000,26314414,29.09
26/05/2009,-147850,-10459880000,70(-2.78 %),20240,1474880000,168090,11934760000,26462264,28.98
27/05/2009,-164510,-11958585000,73.5(5.00 %),8340,596310000,172850,12554895000,26626774,28.85
28/05/2009,-115550,-8706705000,74.5(1.36 %),37870,2915990000,153420,11622695000,26742324,28.77
29/05/2009,-72280,-5388940000,74(-0.67 %),6850,515660000,79130,5904600000,26814604,28.71
01/06/2009,-191720,-14360220000,75.5(2.03 %),2980,223650000,194700,14583870000,27006324,28.57
02/06/2009,3840,295040000,75.5(0.00 %),30400,2356200000,26560,2061160000,27002484,28.57
03/06/2009,67010,5071765000,77(1.99 %),187720,14147340000,120710,9075575000,26935474,28.62
04/06/2009,109080,8583625000,80(3.90 %),159630,12571875000,50550,3988250000,26826394,28.7
05/06/2009,43910,3688440000,84(5.00 %),45400,3813600000,1490,125160000,26782484,28.74
08/06/2009,-64705,-5694040000,88(4.76 %),0,0,64705,5694040000,26847189,28.69
09/06/2009,-210,-19470000,92(4.55 %),100530,9248360000,100740,9267830000,26847399,28.69
10/06/2009,54010,4723525000,87.5(-4.89 %),69060,6045400000,15050,1321875000,26793389,28.73
11/06/2009,22010,1961900000,88.5(1.14 %),23110,2060900000,1100,99000000,26771379,28.74
12/06/2009,51850,4497500000,85(-3.95 %),53350,4629500000,1500,132000000,26719529,28.78
15/06/2009,-76850,-6224850000,81(-4.71 %),27250,2207250000,104100,8432100000,26796379,28.73
16/06/2009,-19840,-1527680000,77(-4.94 %),150,11550000,19990,1539230000,26816219,28.71
17/06/2009,106930,7871790000,80.5(4.55 %),236080,17381425000,129150,9509635000,26709289,28.79
18/06/2009,-91610,-7466220000,79(-1.86 %),1550,124775000,93160,7590995000,26800899,28.72
19/06/2009,10210,790590000,76(-3.80 %),13600,1058400000,3390,267810000,26790689,28.73
22/06/2009,-18210,-1376660000,77(1.32 %),150320,11307875000,168530,12684535000,26808899,28.72
23/06/2009,-194810,-14352985000,77(0.00 %),150600,11094100000,345410,25447085000,27003709,28.57
24/06/2009,-18290,-1468765000,80.5(4.55 %),80,6400000,18370,1475165000,27021999,28.55
25/06/2009,-990,-78420000,83.5(3.73 %),4560,365820000,5550,444240000,27022989,28.55
26/06/2009,-84150,-7024150000,86(2.99 %),3200,260700000,87350,7284850000,27107139,28.49
29/06/2009,-108200,-9118575000,84(-2.33 %),107030,9045935000,215230,18164510000,27215339,28.41
30/06/2009,-44020,-3713385000,84(0.00 %),112720,9038750000,156740,12752135000,27259359,28.38
01/07/2009,-1300,-104000000,80(-4.76 %),200,16000000,1500,120000000,27260659,28.37
02/07/2009,-28000,-2139370000,77.5(-3.12 %),41100,3123600000,69100,5262970000,27288659,28.35
03/07/2009,-18800,-1436050000,78(0.65 %),200,15100000,19000,1451150000,27307459,28.34
06/07/2009,-48050,-3769965000,80.5(3.21 %),1050,82650000,49100,3852615000,27566879,28.14
07/07/2009,-163320,-12600670000,77(-4.35 %),2950,229900000,166270,12830570000,27518829,28.18
08/07/2009,-113610,-8600545000,77(0.00 %),40720,3069000000,154330,11669545000,27632439,28.09
09/07/2009,-235470,-17845910000,75.5(-1.95 %),26430,2027045000,261900,19872955000,27867909,27.91
10/07/2009,-61630,-4646495000,75(-0.66 %),35790,2688525000,97420,7335020000,27929539,27.87
13/07/2009,-3540,-259415000,73.5(-2.00 %),46460,3435215000,50000,3694630000,27933079,27.87
14/07/2009,-49460,-3584160000,72.5(-1.36 %),13060,946700000,62520,4530860000,27982539,27.83
15/07/2009,-24330,-1783555000,74.5(2.76 %),20670,1533445000,45000,3317000000,28006869,27.81
16/07/2009,-20360,-1533710000,75(0.67 %),39130,2938030000,59490,4471740000,28027229,27.79
17/07/2009,29170,2185255000,75(0.00 %),34520,2586500000,5350,401245000,27998059,27.82
20/07/2009,61270,4454470000,72.5(-3.33 %),115140,8368795000,53870,3914325000,27936789,27.86
21/07/2009,62310,4661815000,75(3.45 %),107130,8012315000,44820,3350500000,27874479,27.91
22/07/2009,75800,5736130000,75.5(0.67 %),102710,7766880000,26910,2030750000,27798679,27.97
23/07/2009,26990,2048345000,76.5(1.32 %),68190,5164845000,41200,3116500000,27771689,27.99
24/07/2009,88500,7080000000,80(4.58 %),115700,9256000000,27200,2176000000,27683189,28.05
27/07/2009,156640,13110570000,83(3.75 %),167740,14042920000,11100,932350000,27526549,28.17
28/07/2009,77380,6228125000,79.5(-4.22 %),82070,6609110000,4690,380985000,27449169,28.23
29/07/2009,23490,1881195000,80(0.63 %),27330,2190365000,3840,309170000,27425679,28.25
30/07/2009,-3130,-246950000,78.5(-1.88 %),300,23550000,3430,270500000,27428809,28.25
31/07/2009,-80810,-6394260000,78.5(0.00 %),30270,2385490000,111080,8779750000,27509619,28.19
03/08/2009,-12370,-974495000,78.5(0.00 %),18550,1456225000,30920,2430720000,27521989,28.18
04/08/2009,-23700,-1883735000,78.5(0.00 %),42490,3351170000,66190,5234905000,27545689,28.16
05/08/2009,5280,417925000,79(0.64 %),20880,1647025000,15600,1229100000,27540409,28.16
06/08/2009,39600,3150245000,79(0.00 %),40730,3240080000,1130,89835000,27500809,28.19
07/08/2009,7350,585465000,80(1.27 %),7470,595005000,120,9540000,27493459,28.2
10/08/2009,1060,86540000,81.5(1.88 %),2520,203340000,1460,116800000,27492399,28.2
11/08/2009,-14010,-1135455000,81(-0.61 %),24270,1977780000,38280,3113235000,27506409,28.19
12/08/2009,32890,2687435000,82.5(1.85 %),47820,3905980000,14930,1218545000,27473519,28.21
13/08/2009,-76160,-6256705000,82(-0.61 %),16250,1339150000,92410,7595855000,27549679,28.16
14/08/2009,-14040,-1148165000,82.5(0.61 %),29540,2419915000,43580,3568080000,27563719,28.14
17/08/2009,-19320,-1576075000,80.5(-2.42 %),5210,419720000,24530,1995795000,27583039,28.13
18/08/2009,3380,274150000,81(0.62 %),20440,1649630000,17060,1375480000,27579659,28.13
19/08/2009,13120,1086560000,84(3.70 %),19050,1584680000,5930,498120000,27566539,28.14
20/08/2009,102740,8948495000,88(4.76 %),103040,8974295000,300,25800000,27463799,28.22
21/08/2009,177240,16289725000,92(4.55 %),188270,17304485000,11030,1014760000,27286559,28.35
24/08/2009,81800,7846480000,96.5(4.89 %),185380,17826950000,103580,9980470000,27204759,28.42
25/08/2009,-86170,-8048635000,92(-4.66 %),54160,5073540000,140330,13122175000,27290929,28.35
26/08/2009,-289200,-27577075000,96(4.35 %),6300,597450000,295500,28174525000,27580129,28.13
27/08/2009,41250,3929350000,94.5(-1.56 %),55270,5263020000,14020,1333670000,27538879,28.16
28/08/2009,-27340,-2571830000,94(-0.53 %),94210,8865195000,121550,11437025000,27566219,28.14
31/08/2009,-45460,-4280070000,95.5(1.60 %),63980,6040920000,109440,10320990000,27611679,28.11
01/09/2009,-53140,-4963210000,95(-0.52 %),83540,7909760000,136680,12872970000,27664819,28.07
03/09/2009,107460,10073765000,93.5(-1.58 %),129000,12095500000,21540,2021735000,27557359,28.15
04/09/2009,111040,10237240000,91.5(-2.14 %),114290,10534665000,3250,297425000,27446319,28.23
07/09/2009,-13100,-1156980000,89(-2.73 %),7610,678610000,20710,1835590000,27459419,28.22
08/09/2009,18610,1706920000,93(4.49 %),21460,1970320000,2850,263400000,27440809,28.24
09/09/2009,34740,3325620000,93(0.00 %),85740,8018620000,51000,4693000000,27406069,28.26
10/09/2009,139880,13098580000,94(1.08 %),142860,13375720000,2980,277140000,27266189,28.37
11/09/2009,228430,22116925000,97(3.19 %),256860,24867260000,28430,2750335000,27037759,28.54
14/09/2009,-2560,-240140000,96.5(-0.52 %),141730,13659445000,144290,13899585000,27040319,28.54
15/09/2009,29170,2792220000,95.5(-1.04 %),79000,7569095000,49830,4776875000,27011149,28.56
16/09/2009,4340,297680000,100(4.71 %),124140,12106770000,119800,11809090000,27006809,28.57
17/09/2009,8960,888750000,99(-1.00 %),83530,8358950000,74570,7470200000,26997849,28.57
18/09/2009,-28280,-2741760000,98(-1.01 %),152130,14969185000,180410,17710945000,26930669,28.62
21/09/2009,123740,12182970000,98(0.00 %),194700,19147450000,70960,6964480000,26902389,28.65
22/09/2009,102770,9991045000,97(-1.02 %),193390,18832925000,90620,8841880000,26799619,28.72
23/09/2009,126620,12421435000,98(1.03 %),132920,13039335000,6300,617900000,26672999,28.82
24/09/2009,-73400,-7081310000,96(-2.04 %),123600,11903250000,197000,18984560000,26746399,28.76
25/09/2009,-1000,-63000000,95(-1.04 %),0,0,1000,63000000,26747399,36.29
28/09/2009,0,0,93(-2.11 %),0,0,0,0,26793429,36.27
29/09/2009,-100780,-9507805000,97.5(4.84 %),133530,12476325000,234310,21984130000,26924809,28.63
30/09/2009,43220,4193320000,97.5(0.00 %),98640,9560140000,55420,5366820000,26881589,28.66
01/10/2009,79910,7594905000,95(-2.56 %),107910,10266405000,28000,2671500000,26801679,28.72
02/10/2009,-20070,-1730350000,91.5(-3.68 %),192590,17657850000,212660,19388200000,26821749,28.71
05/10/2009,94420,8680660000,93(1.64 %),100140,9208730000,5720,528070000,26727329,28.78
06/10/2009,93360,8747695000,94(1.08 %),119960,11253695000,26600,2506000000,26633969,28.85
07/10/2009,87090,8339940000,95.5(1.60 %),90060,8623830000,2970,283890000,26546879,28.91
08/10/2009,141160,13516265000,96(0.52 %),142970,13689180000,1810,172915000,26405719,29.02
09/10/2009,104050,10040825000,96.5(0.52 %),119610,11542365000,15560,1501540000,26301669,29.1
12/10/2009,194960,18878595000,97(0.52 %),203150,19671025000,8190,792430000,26106709,29.25
13/10/2009,162140,15629320000,96(-1.03 %),162910,15703260000,770,73940000,25944569,29.37
14/10/2009,314230,30327720000,97(1.04 %),315930,30492000000,1700,164280000,25630339,29.61
15/10/2009,330790,32150910000,97(0.00 %),338980,32958970000,8190,808060000,25299549,29.86
16/10/2009,397440,38552890000,97(0.00 %),415440,40303390000,18000,1750500000,24902109,30.16
19/10/2009,-23950,-2312515000,96(-1.03 %),24670,2379380000,48620,4691895000,24926059,30.14
20/10/2009,44040,4227900000,95.5(-0.52 %),44200,4243500000,160,15600000,24882019,30.17
21/10/2009,276540,26929860000,98.5(3.14 %),283040,27561860000,6500,632000000,24605479,30.38
22/10/2009,-17810,-1726540000,96.5(-2.03 %),64100,6190650000,81910,7917190000,24623289,30.37
23/10/2009,184330,17759220000,96(-0.52 %),218900,21097275000,34570,3338055000,24438959,30.51
26/10/2009,73930,7026585000,94(-2.08 %),79060,7514415000,5130,487830000,24365029,30.57
27/10/2009,60500,5541950000,92(-2.13 %),63000,5772000000,2500,230050000,24304529,30.61
28/10/2009,72610,6813090000,94(2.17 %),83250,7813250000,10640,1000160000,24231919,30.67
29/10/2009,34450,3135150000,92(-2.13 %),50380,4574180000,15930,1439030000,24197469,30.69
30/10/2009,12810,1160620000,92.5(0.54 %),25310,2319120000,12500,1158500000,24184659,30.7
02/11/2009,-1780,-156455000,88(-4.86 %),42190,3714965000,43970,3871420000,24186439,30.7
03/11/2009,-18330,-1608915000,84(-4.55 %),21080,1810880000,39410,3419795000,24204769,30.69
04/11/2009,166590,14160390000,85(1.19 %),167190,14210290000,600,49900000,24038179,30.81
05/11/2009,-285520,-24518215000,86(1.18 %),81470,6965730000,366990,31483945000,24323699,33.59
06/11/2009,-87570,-7430635000,83.5(-2.91 %),54430,4652285000,142000,12082920000,24411269,33.54
09/11/2009,74120,5952140000,79.5(-4.79 %),80670,6475285000,6550,523145000,24337149,33.59
10/11/2009,-87750,-6921265000,79(-0.63 %),87270,6946355000,175020,13867620000,24424899,33.53
11/11/2009,67550,5406250000,81(2.53 %),67690,5417550000,140,11300000,24357349,33.57
12/11/2009,24610,2067745000,84.5(4.32 %),25010,2100845000,400,33100000,24332739,33.59
13/11/2009,-12320,-1048220000,83(-1.78 %),52580,4382475000,64900,5430695000,24345059,33.58
16/11/2009,49700,4146520000,84(1.20 %),65440,5460565000,15740,1314045000,24295359,33.61
17/11/2009,81570,6977215000,87.5(4.17 %),83090,7107175000,1520,129960000,24213789,33.66
18/11/2009,160440,14274910000,91(4.00 %),164870,14658105000,4430,383195000,24053349,33.77
19/11/2009,374550,34837635000,93.5(2.75 %),377330,35093715000,2780,256080000,23678799,34.0
20/11/2009,363910,34055770000,93(-0.53 %),401490,37566710000,37580,3510940000,23314889,34.23
23/11/2009,12820,1161230000,89(-4.30 %),20160,1814350000,7340,653120000,23302069,34.24
24/11/2009,96180,8408395000,87.5(-1.69 %),98220,8587955000,2040,179560000,23205889,34.3
25/11/2009,35050,3002510000,83.5(-4.57 %),60750,5148910000,25700,2146400000,23170839,34.32
26/11/2009,193520,15449085000,80(-4.19 %),268270,21429085000,74750,5980000000,22977319,34.45
27/11/2009,57460,4812740000,84(5.00 %),64640,5381960000,7180,569220000,22919859,34.48
30/11/2009,106400,9262270000,88(4.76 %),158680,13823595000,52280,4561325000,22813459,34.55
01/12/2009,141970,12755440000,89(1.14 %),148100,13304400000,6130,548960000,22671489,34.64
02/12/2009,50470,4358375000,85.5(-3.93 %),179310,15484715000,128840,11126340000,22621019,34.67
03/12/2009,-59840,-4930135000,84(-1.75 %),128770,10972250000,188610,15902385000,22680859,34.63
04/12/2009,-129620,-10716200000,84(0.00 %),149350,12694985000,278970,23411185000,22810479,34.55
07/12/2009,-38480,-3247070000,84.5(0.60 %),29370,2466455000,67850,5713525000,22848959,34.53
08/12/2009,11560,982100000,84(-0.59 %),74500,6236640000,62940,5254540000,22837399,34.54
09/12/2009,-11010,-892360000,80.5(-4.17 %),46820,3791820000,57830,4684180000,22848409,34.53
10/12/2009,-35780,-2894875000,80(-0.62 %),93150,7518725000,128930,10413600000,22884189,34.51
11/12/2009,139120,11100285000,79.5(-0.62 %),139120,11100285000,0,0,22745069,34.59
14/12/2009,5980,490080000,83(4.40 %),6080,498380000,100,8300000,22739089,34.6
15/12/2009,77610,6484690000,83.5(0.60 %),132170,11015135000,54560,4530445000,22661479,34.65
16/12/2009,-76420,-6093100000,79.5(-4.79 %),96750,7772500000,173170,13865600000,22737899,34.6
17/12/2009,8440,707345000,79(-0.63 %),184440,14437935000,176000,13730590000,22729459,34.6
18/12/2009,-483540,-27788995000,56.5(-5.04 %),207750,12505102000,691290,40294097000,23212999,34.3
21/12/2009,2520,148180000,59(4.42 %),32430,1912870000,29910,1764690000,23210479,34.3
22/12/2009,-63580,-3910170000,61.5(4.24 %),128470,7900905000,192050,11811075000,23274059,34.26
23/12/2009,102080,6547070000,64.5(4.88 %),130940,8399110000,28860,1852040000,23171979,34.32
24/12/2009,236730,15724445000,67(3.88 %),247700,16458950000,10970,734505000,22935249,34.47
25/12/2009,50580,3391285000,67.5(0.75 %),50580,3391285000,0,0,22884669,34.51
28/12/2009,5640,373160000,67.5(0.00 %),6730,446735000,1090,73575000,22879029,34.51
29/12/2009,7340,482100000,66(-2.22 %),8340,549100000,1000,67000000,22871689,34.51
30/12/2009,3260,212065000,68(3.03 %),3260,212065000,0,0,22868429,34.52
31/12/2009,-21700,-1457750000,67.5(-0.74 %),70,4710000,21770,1462460000,22890129,34.5
04/01/2010,17860,1320790000,70.5(4.44 %),203720,14265920000,185860,12945130000,22872269,34.51
05/01/2010,182650,13381180000,70(-0.71 %),182880,13398200000,230,17020000,22689619,34.63
06/01/2010,20630,1420060000,69(-1.43 %),37620,2596595000,16990,1176535000,22668989,34.64
07/01/2010,49820,3418990000,69(0.00 %),52380,3596910000,2560,177920000,22619169,34.67
08/01/2010,16830,1156680000,68(-1.45 %),23010,1585920000,6180,429240000,22602339,34.68
11/01/2010,23360,1567905000,66.5(-2.21 %),23360,1567905000,0,0,22578979,34.7
12/01/2010,86860,5750420000,64.5(-3.01 %),111860,7410420000,25000,1660000000,22492119,34.75
13/01/2010,19790,1268405000,65(0.78 %),46070,2968465000,26280,1700060000,22472329,34.77
14/01/2010,15890,1037790000,65(0.00 %),15890,1037790000,0,0,22456439,34.78
15/01/2010,-4570,-279870000,63.5(-2.31 %),64800,4169120000,69370,4448990000,22461009,34.77
18/01/2010,61280,3813785000,60.5(-4.72 %),91280,5666785000,30000,1853000000,22399729,34.81
19/01/2010,28970,1830135000,63.5(4.96 %),55880,3530465000,26910,1700330000,22370759,34.83
20/01/2010,-120260,-7375290000,60.5(-4.72 %),67240,4201430000,187500,11576720000,22491019,34.75
21/01/2010,129580,7843240000,60(-0.83 %),131700,7971500000,2120,128260000,22361439,34.84
22/01/2010,51170,3064725000,59(-1.67 %),89170,5323050000,38000,2258325000,22310269,34.87
25/01/2010,67800,4021070000,59(0.00 %),90100,5337920000,22300,1316850000,22242469,34.91
26/01/2010,-73890,-4433215000,60.5(2.54 %),55390,3367960000,129280,7801175000,22316359,34.87
27/01/2010,-89470,-5245560000,58(-4.13 %),75870,4522310000,165340,9767870000,22405829,38.36
28/01/2010,52430,3029080000,57.5(-0.86 %),52430,3029080000,0,0,22353399,38.38
29/01/2010,-680,-37610000,58(0.87 %),70280,4064000000,70960,4101610000,22354079,38.38
01/02/2010,32060,1869650000,58.5(0.86 %),33660,1962450000,1600,92800000,22322019,38.4
02/02/2010,7000,412515000,58.5(0.00 %),45300,2657500000,38300,2244985000,22315019,38.4
03/02/2010,2980,171210000,59(0.85 %),30440,1795350000,27460,1624140000,22312039,38.4
04/02/2010,-16120,-957535000,59.5(0.85 %),26840,1592350000,42960,2549885000,22328159,38.39
05/02/2010,-77840,-4512815000,58(-2.52 %),18390,1074290000,96230,5587105000,22405999,38.36
08/02/2010,-9210,-527115000,56.5(-2.59 %),36560,2080285000,45770,2607400000,22415209,38.35
09/02/2010,-145360,-8006615000,54.5(-3.54 %),30100,1640500000,175460,9647115000,22560569,38.28
10/02/2010,49860,2799500000,56(2.75 %),65040,3650080000,15180,850580000,22510709,38.31
11/02/2010,89480,5162640000,58.5(4.46 %),89480,5162640000,0,0,22421229,38.35
12/02/2010,50610,3000540000,59.5(1.71 %),61410,3642740000,10800,642200000,22370619,38.37
22/02/2010,18280,1085270000,59.5(0.00 %),70810,4227800000,52530,3142530000,22352339,38.38
23/02/2010,-9530,-550865000,57.5(-3.36 %),41570,2392960000,51100,2943825000,22361869,38.38
24/02/2010,72690,4188885000,58(0.87 %),113410,6533075000,40720,2344190000,22289179,38.41
25/02/2010,-139030,-7919910000,56.5(-2.59 %),157150,8976155000,296180,16896065000,22428209,38.35
26/02/2010,-179840,-10071310000,56.5(0.00 %),352530,19899745000,532370,29971055000,45210358,38.26
01/03/2010,-84390,-4799655000,57(0.88 %),43210,2463865000,127600,7263520000,45294748,27.48
02/03/2010,1830,105895000,56.5(-0.88 %),61400,3489100000,59570,3383205000,45292918,27.48
03/03/2010,39290,2246925000,58.5(3.54 %),63140,3621150000,23850,1374225000,45253628,27.5
04/03/2010,123830,7418935000,60.5(3.42 %),130370,7808750000,6540,389815000,45129798,27.56
05/03/2010,229790,13889825000,61(0.83 %),235370,14225750000,5580,335925000,44900008,27.67
08/03/2010,22770,1395070000,61.5(0.82 %),23970,1468670000,1200,73600000,44877238,27.68
09/03/2010,172770,10661455000,62(0.81 %),174840,10788760000,2070,127305000,44704468,27.76
10/03/2010,213280,13344300000,63(1.61 %),243580,15241800000,30300,1897500000,44491188,27.86
11/03/2010,51750,3246695000,62.5(-0.79 %),88260,5529765000,36510,2283070000,44439438,27.89
12/03/2010,33740,2099285000,62.5(0.00 %),33740,2099285000,0,0,44405698,27.91
15/03/2010,-8280,-498740000,61.5(-1.60 %),28150,1754785000,36430,2253525000,44413978,27.9
16/03/2010,-43390,-2605930000,59.5(-3.25 %),2300,138300000,45690,2744230000,44457368,27.88
17/03/2010,-71130,-4226435000,59(-0.84 %),6370,379635000,77500,4606070000,44528498,27.85
18/03/2010,-11850,-705125000,59.5(0.85 %),410,24345000,12260,729470000,44540348,27.84
19/03/2010,11430,688440000,60(0.84 %),23310,1397550000,11880,709110000,44528918,27.85
22/03/2010,-87900,-5185715000,59(-1.67 %),14440,854540000,102340,6040255000,44616818,27.81
23/03/2010,14100,829200000,58(-1.69 %),305878,18335880000,291778,17506680000,44602718,27.81
24/03/2010,24090,1406150000,58(0.00 %),28090,1640150000,4000,234000000,44578628,27.82
25/03/2010,14000,803000000,57.5(-0.86 %),15260,875450000,1260,72450000,44564628,27.83
26/03/2010,-24840,-1415605000,58(0.87 %),70550,4064860000,95390,5480465000,44589468,27.82
29/03/2010,-2850,-167025000,57.5(-0.86 %),11840,681030000,14690,848055000,44592318,27.82
30/03/2010,-233100,-13125075000,56(-2.61 %),10300,581800000,243400,13706875000,44825418,27.71
31/03/2010,19240,1084015000,56(0.00 %),36750,2069925000,17510,985910000,44806178,27.72
01/04/2010,112420,6353945000,58(3.57 %),150420,8500945000,38000,2147000000,44693758,27.77
02/04/2010,67890,3924855000,58(0.00 %),109550,6324305000,41660,2399450000,44625868,27.8
05/04/2010,89860,5224380000,58(0.00 %),89860,5224380000,0,0,44536008,27.84
06/04/2010,53960,3121180000,57.5(-0.86 %),104340,6043220000,50380,2922040000,44482048,27.87
07/04/2010,-51280,-2923460000,57(-0.87 %),6850,389950000,58130,3313410000,44533328,27.84
08/04/2010,-89890,-5163750000,57.5(0.88 %),47390,2724845000,137280,7888595000,44623218,27.8
09/04/2010,57620,3396360000,58.5(1.74 %),120580,7021135000,62960,3624775000,44565598,27.83
12/04/2010,-52270,-2986060000,57(-2.56 %),10040,581770000,62310,3567830000,44617868,27.8
13/04/2010,-150940,-8542270000,56.5(-0.88 %),1400,78950000,152340,8621220000,44768808,27.73
14/04/2010,-283740,-15932245000,56.5(0.00 %),12050,677955000,295790,16610200000,45052548,27.6
15/04/2010,-65630,-3693550000,56(-0.88 %),102230,5765610000,167860,9459160000,45118178,27.57
16/04/2010,-329770,-18321775000,55.5(-0.89 %),13380,748200000,343150,19069975000,45447948,27.41
19/04/2010,-112480,-6153020000,55(-0.90 %),5760,317680000,118240,6470700000,45560428,27.36
20/04/2010,-161080,-8730825000,54(-1.82 %),1300,70550000,162380,8801375000,45721508,27.28
21/04/2010,-196920,-10993145000,56.5(4.63 %),21800,1226450000,218720,12219595000,45918428,27.19
22/04/2010,58960,3449395000,58(2.65 %),119960,7021000000,61000,3571605000,45859468,27.21
26/04/2010,54340,3195540000,58(0.00 %),246150,14242960000,191810,11047420000,45729108,27.28
27/04/2010,88750,5086315000,57(-1.72 %),152400,8721435000,63650,3635120000,45770718,27.26
28/04/2010,-12730,-713350000,56(-1.75 %),41270,2327650000,54000,3041000000,45783448,27.25
29/04/2010,-2260,-135160000,55.5(-0.89 %),25150,1399300000,27410,1534460000,45785708,27.25
04/05/2010,40830,2296095000,56(0.90 %),56670,3185695000,15840,889600000,45744878,27.27
05/05/2010,17930,996015000,55.5(-0.89 %),19770,1098135000,1840,102120000,45726948,27.28
06/05/2010,-6250,-349360000,55(-0.90 %),15260,844560000,21510,1193920000,45733198,27.27
07/05/2010,43490,2366030000,54.5(-0.91 %),55620,3025415000,12130,659385000,45689708,27.3
10/05/2010,111000,5987115000,54(-0.92 %),115000,6202615000,4000,215500000,45578708,27.35
11/05/2010,12470,679025000,54(0.00 %),14280,776870000,1810,97845000,45566238,27.35
12/05/2010,127310,6823225000,53.5(-0.93 %),201940,10828640000,74630,4005415000,45438928,27.41
13/05/2010,102240,5548920000,55(2.80 %),152400,8266700000,50160,2717780000,45336688,27.46
14/05/2010,6800,388390000,54(-1.82 %),62200,3389990000,55400,3001600000,45329888,27.47
17/05/2010,45190,2377485000,52.5(-2.78 %),172040,9031900000,126850,6654415000,45284698,27.49
18/05/2010,1200,68460000,51(-2.86 %),101200,5211700000,100000,5143240000,45283498,27.49
19/05/2010,-95430,-4725738000,49(-3.92 %),112580,5704437000,208010,10430175000,45378928,27.44
20/05/2010,-6850,-357953000,49.5(1.02 %),64150,3143250000,71000,3501203000,45385778,27.44
21/05/2010,65370,3213057000,47.1(-4.85 %),172110,8394103000,106740,5181046000,45320408,27.47
24/05/2010,176760,8668769000,49(4.03 %),250920,12224926000,74160,3556157000,45143648,27.55
25/05/2010,99050,4880367000,49.5(1.02 %),195890,9636312000,96840,4755945000,45044598,27.6
26/05/2010,-94740,-4700976000,49.7(0.40 %),107700,5343860000,202440,10044836000,45139338,27.56
27/05/2010,54310,2676723000,49.7(0.00 %),195920,9697426000,141610,7020703000,45085028,27.58
28/05/2010,-9880,-511940000,51.5(3.62 %),67930,3489610000,77810,4001550000,45094908,27.58
31/05/2010,29060,1474410000,51(-0.97 %),65370,3323770000,36310,1849360000,45065848,27.59
01/06/2010,11260,560510000,50.5(-0.98 %),55900,2812320000,44640,2251810000,45054588,27.6
02/06/2010,-57240,-2856407000,49.9(-1.19 %),62630,3129424000,119870,5985831000,45111828,27.57
03/06/2010,30560,1522148000,49.8(-0.20 %),67000,3343116000,36440,1820968000,45081268,27.58
04/06/2010,16210,797682000,49.1(-1.41 %),109890,5408829000,93680,4611147000,45065058,27.59
07/06/2010,-48990,-2342877000,47.7(-2.85 %),190530,9142161000,239520,11485038000,45114048,27.57
08/06/2010,-97260,-4633538000,48.7(2.10 %),59000,2832673000,156260,7466211000,45211308,27.52
09/06/2010,-14850,-713762000,48.1(-1.23 %),53100,2597350000,67950,3311112000,45226158,27.52
10/06/2010,-15380,-740008000,48.3(0.42 %),48420,2332192000,63800,3072200000,45241538,27.51
11/06/2010,-19160,-943120000,49.2(1.86 %),281261,13128030000,300421,14071150000,45260698,27.5
14/06/2010,-78700,-3872860000,49(-0.41 %),61700,3033640000,140400,6906500000,45339398,27.46
15/06/2010,-40200,-1957600000,48.6(-0.82 %),77530,3770261000,117730,5727861000,45379598,27.44
16/06/2010,-36020,-1761648000,48.7(0.21 %),66830,3262048000,102850,5023696000,45415618,27.43
17/06/2010,66480,3274096000,49.3(1.23 %),440711,21018482000,374231,17744386000,45349138,27.46
18/06/2010,-7180,-354330000,49.9(1.22 %),229710,11439240000,236890,11793570000,45356318,27.45
21/06/2010,-96010,-4762129000,49.2(-1.40 %),9200,458690000,105210,5220819000,45452328,27.41
22/06/2010,85690,4220800000,49.3(0.20 %),89870,4426160000,4180,205360000,45366638,27.45
23/06/2010,55740,2749576000,49.5(0.41 %),55740,2749576000,0,0,45310898,27.48
24/06/2010,2050,99190000,49.6(0.20 %),57720,2859242000,55670,2760052000,45308848,27.48
25/06/2010,64320,3155935000,48.8(-1.61 %),117020,5728057000,52700,2572122000,45244528,27.51
28/06/2010,-58110,-2837212000,49(0.41 %),64730,3153620000,122840,5990832000,45302638,27.48
29/06/2010,-17080,-881668000,49.8(1.63 %),122010,6007690000,139090,6889358000,45319718,27.47
30/06/2010,-40780,-2028560000,51(2.41 %),104380,5217726000,145160,7246286000,45360498,27.45
01/07/2010,116740,5820918000,49.7(-2.55 %),207400,10365595000,90660,4544677000,45243758,27.51
02/07/2010,-22040,-1088993000,49.2(-1.01 %),64500,3203100000,86540,4292093000,45265798,27.5
05/07/2010,89630,4447742000,49.6(0.81 %),193810,9618458000,104180,5170716000,45176168,27.54
06/07/2010,73970,3635365000,49(-1.21 %),148600,7307039000,74630,3671674000,45102198,27.57
07/07/2010,17050,836461000,46.7(-4.69 %),37310,1822130000,20260,985669000,45085148,27.58
08/07/2010,7790,380259000,48(2.78 %),34800,1676582000,27010,1296323000,45077358,27.59
09/07/2010,-69420,-3333358000,47.7(-0.62 %),12100,579210000,81520,3912568000,45146778,27.55
12/07/2010,10780,513497000,47.5(-0.42 %),11450,545451000,670,31954000,45135998,27.56
13/07/2010,-2640,-125976000,48.2(1.47 %),85220,4102998000,87860,4228974000,45138638,27.56
14/07/2010,-27140,-1313498000,47.8(-0.83 %),3440,164432000,30580,1477930000,45165778,27.54
15/07/2010,-13010,-618584000,48(0.42 %),25000,1206782000,38010,1825366000,45178788,27.54
16/07/2010,-51540,-2479216000,48.2(0.42 %),48480,2330040000,100020,4809256000,45230328,27.51
19/07/2010,-13460,-647229000,48(-0.41 %),51440,2468540000,64900,3115769000,45243788,27.51
20/07/2010,-99780,-4777065000,47.9(-0.21 %),10890,518864000,110670,5295929000,45343568,27.46
21/07/2010,-12920,-613581000,47.2(-1.46 %),22510,1077429000,35430,1691010000,45356488,27.45
22/07/2010,-22400,-1057147000,47(-0.42 %),74780,3534177000,97180,4591324000,45378888,27.44
23/07/2010,-27150,-1276652000,47(0.00 %),16000,754302000,43150,2030954000,45406038,27.43
26/07/2010,570,27770000,47(0.00 %),7850,369330000,7280,341560000,45405468,27.43
27/07/2010,-10740,-503171000,46.9(-0.21 %),128800,6054148000,139540,6557319000,45416208,27.43
28/07/2010,11260,522966000,46.5(-0.85 %),20000,930000000,8740,407034000,45404948,27.43
29/07/2010,96740,4524939000,46.7(0.43 %),244500,11451540000,147760,6926601000,45308208,27.48
30/07/2010,-47240,-2180112000,46(-1.50 %),1140,52608000,48380,2232720000,45355448,27.45
02/08/2010,-30370,-1375580000,45.2(-1.74 %),27430,1244916000,57800,2620496000,45385818,27.44
03/08/2010,-19120,-861269000,44.9(-0.66 %),66470,3000230000,85590,3861499000,45404938,27.43
04/08/2010,-12700,-555005000,44(-2.00 %),33260,1478646000,45960,2033651000,45417638,27.42
05/08/2010,-6930,-301136000,43.7(-0.68 %),86870,3813053000,93800,4114189000,45424568,27.42
06/08/2010,7930,346451000,43.8(0.23 %),43570,1907084000,35640,1560633000,45416638,27.43
09/08/2010,41970,1840108000,43.7(-0.23 %),43470,1905808000,1500,65700000,45374668,27.45
10/08/2010,6560,276033000,42(-3.89 %),142230,5976898000,135670,5700865000,45368108,27.45
11/08/2010,73960,3120542000,42.8(1.90 %),155700,6608096000,81740,3487554000,44122168,28.04
12/08/2010,343570,14414358000,41.5(-3.04 %),388000,16281370000,44430,1867012000,45024538,27.61
13/08/2010,615400,25907121000,42.4(2.17 %),693960,29238215000,78560,3331094000,44409138,27.9
16/08/2010,19870,855846000,43(1.42 %),27460,1181166000,7590,325320000,44389268,27.91
17/08/2010,126670,5491525000,43.7(1.63 %),129180,5600777000,2510,109252000,44066648,28.07
18/08/2010,47510,2041275000,42.8(-2.06 %),51560,2215480000,4050,174205000,44215088,28.0
19/08/2010,-16810,-709121000,42.2(-1.40 %),75640,3212514000,92450,3921635000,44231898,27.99
20/08/2010,38580,1659781000,43.5(3.08 %),210950,9021617000,172370,7361836000,44193318,28.01
23/08/2010,-2810,-118713000,42.1(-3.22 %),3480,148448000,6290,267161000,44196128,28.01
24/08/2010,28120,1147473000,40(-4.99 %),48870,2014118000,20750,866645000,0,0.0
25/08/2010,203890,8056852000,40.5(1.25 %),307650,12113563000,103760,4056711000,0,49.1
26/08/2010,115950,4831289000,42.5(4.94 %),258970,10807314000,143020,5976025000,0,49.15
27/08/2010,80920,3430283000,42.5(0.00 %),162840,6892083000,81920,3461800000,0,49.19
30/08/2010,62210,2731032000,44(3.53 %),199400,8779132000,137190,6048100000,0,49.22
31/08/2010,218540,9906220000,46.2(5.00 %),329760,14890504000,111220,4984284000,0,49.32
01/09/2010,113910,5252331000,46.2(0.00 %),145160,6690541000,31250,1438210000,0,49.38
06/09/2010,-234960,-10540085000,44(-4.76 %),37070,1680165000,272030,12220250000,44005542,49.27
07/09/2010,58760,2581349000,43.9(-0.23 %),119630,5258828000,60870,2677479000,0,49.29
08/09/2010,13870,605436000,44.1(0.46 %),229100,10094056000,215230,9488620000,0,49.3
09/09/2010,80950,3618992000,44.5(0.91 %),115300,5150976000,34350,1531984000,0,49.34
10/09/2010,31150,1414932000,42.3(-4.94 %),92990,4161992000,61840,2747060000,0,49.35
13/09/2010,96320,4125437000,43(1.65 %),174320,7463667000,78000,3338230000,0,49.4
14/09/2010,67560,2892970000,43(0.00 %),76940,3295746000,9380,402776000,0,49.43
15/09/2010,115210,4976959000,43.5(1.16 %),123670,5341389000,8460,364430000,0,49.49
16/09/2010,71510,3122407000,43.8(0.69 %),71510,3122407000,0,0,0,49.52
17/09/2010,57080,2519429000,44.5(1.60 %),82580,3651175000,25500,1131746000,0,49.55
20/09/2010,15130,682825000,45(1.12 %),36480,1640575000,21350,957750000,0,49.55
21/09/2010,-66030,-2764560000,43(-4.44 %),215290,9557810000,281320,12322370000,0,49.52
22/09/2010,36770,1605214000,43.3(0.70 %),94280,4113618000,57510,2508404000,0,49.54
23/09/2010,41770,1803134000,43.3(0.00 %),92730,4005209000,50960,2202075000,0,49.56
24/09/2010,-58540,-2518692000,43.1(-0.46 %),0,0,58540,2518692000,0,49.53
27/09/2010,-9650,-416821000,43(-0.23 %),3930,172030000,13580,588851000,0,49.53
28/09/2010,14960,643097000,43(0.00 %),68090,2927860000,53130,2284763000,0,49.54
29/09/2010,-8570,-368923000,43(0.00 %),33550,1437813000,42120,1806736000,0,49.53
30/09/2010,132650,5739963000,43.4(0.93 %),159290,6894889000,26640,1154926000,43314642,49.59
01/10/2010,2050,88451000,43(-0.92 %),45300,1946781000,43250,1858330000,43312592,28.42
04/10/2010,154050,6616285000,43(0.00 %),229970,9881345000,75920,3265060000,43158542,28.5
05/10/2010,72370,3103073000,43(0.00 %),171690,7358923000,99320,4255850000,43086172,28.53
06/10/2010,43660,1905980000,43.8(1.86 %),248400,10782161000,204740,8876181000,43042512,28.55
07/10/2010,40610,1777456000,43.8(0.00 %),99230,4345462000,58620,2568006000,43001902,28.57
08/10/2010,57820,2522557000,43.7(-0.23 %),86350,3769318000,28530,1246761000,42944082,28.6
11/10/2010,-21300,-929792000,43.6(-0.23 %),59140,2577128000,80440,3506920000,42965382,28.59
12/10/2010,16060,691620000,43(-1.38 %),17550,755690000,1490,64070000,42949322,28.6
13/10/2010,38960,1680801000,43.1(0.23 %),86220,3711037000,47260,2030236000,42910362,28.62
14/10/2010,35040,1524571000,43.4(0.70 %),43610,1898430000,8570,373859000,42875322,28.63
15/10/2010,36820,1592673000,43.3(-0.23 %),121190,5236917000,84370,3644244000,42838502,28.65
18/10/2010,38120,1668115000,43.9(1.39 %),67860,2976351000,29740,1308236000,42800382,28.67
19/10/2010,54190,2377372000,43.9(0.00 %),99050,4340706000,44860,1963334000,42746192,28.69
20/10/2010,68900,2991741000,43.2(-1.59 %),77800,3378891000,8900,387150000,42677292,28.73
21/10/2010,55310,2475156000,44(1.85 %),113210,4947578000,57900,2472422000,42621982,28.75
22/10/2010,154160,6833595000,44.5(1.14 %),157990,6998688000,3830,165093000,42467822,28.83
25/10/2010,77820,3460660000,44.9(0.90 %),77820,3460660000,0,0,42390002,28.86
26/10/2010,107030,4804926000,45(0.22 %),107300,4817076000,270,12150000,42282972,28.91
27/10/2010,73560,3310360000,45(0.00 %),104490,4691275000,30930,1380915000,42209412,28.95
28/10/2010,58030,2609637000,45(0.00 %),68260,3068987000,10230,459350000,42151382,28.98
29/10/2010,15670,706051000,45.1(0.22 %),302450,13610581000,286780,12904530000,42135712,28.98
01/11/2010,74080,3374107000,45.8(1.55 %),78430,3567337000,4350,193230000,42061632,29.02
02/11/2010,74280,3359814000,45.1(-1.53 %),74400,3365250000,120,5436000,41987352,29.05
03/11/2010,119180,5400016000,45.5(0.89 %),121260,5493824000,2080,93808000,41868172,29.11
04/11/2010,152920,7088917000,46.8(2.86 %),159760,7401488000,6840,312571000,41715252,29.18
05/11/2010,105870,5182437000,49.1(4.91 %),105870,5182437000,0,0,41609382,29.23
08/11/2010,377210,19187289000,51.5(4.89 %),419240,21322959000,42030,2135670000,41232172,29.41
09/11/2010,197530,9906328000,50(-2.91 %),491140,24943473000,293610,15037145000,41034642,29.51
10/11/2010,87460,4373672000,50(0.00 %),149860,7474400000,62400,3100728000,40947182,29.55
11/11/2010,297040,15312070000,52(4.00 %),347370,17893554000,50330,2581484000,40650142,29.69
12/11/2010,325390,16555645000,51.5(-0.96 %),391390,19944145000,66000,3388500000,40324752,29.84
15/11/2010,222290,11176995000,50(-2.91 %),287480,14467230000,65190,3290235000,40102462,29.95
16/11/2010,127490,6318799000,48.7(-2.60 %),147430,7303249000,19940,984450000,39974972,30.01
17/11/2010,-17800,-838595000,46.3(-4.93 %),423620,20520922000,441420,21359517000,39992772,30.0
18/11/2010,-13440,-626223000,46.3(0.00 %),66210,3094626000,79650,3720849000,40006212,30.0
19/11/2010,-91540,-4285377000,46.3(0.00 %),157520,7392189000,249060,11677566000,40097752,29.95
22/11/2010,-11430,-554998000,47(1.51 %),204500,9504527000,215930,10059525000,40109182,29.95
23/11/2010,21050,1119254000,49.3(4.89 %),266250,12898048000,245200,11778794000,40088132,29.96
24/11/2010,111800,5597531000,50(1.42 %),262810,13091811000,151010,7494280000,39976332,30.01
25/11/2010,45650,2264405000,49.2(-1.60 %),200400,9977770000,154750,7713365000,39930682,30.03
26/11/2010,77340,3800790000,49.2(0.00 %),422170,20772190000,344830,16971400000,39853342,30.07
29/11/2010,108820,5312383000,50(1.63 %),261480,12906063000,152660,7593680000,39744522,30.12
30/11/2010,133550,6729362000,50(0.00 %),242860,12218267000,109310,5488905000,39610972,30.18
01/12/2010,75250,3773476000,50.5(1.00 %),259610,13010740000,184360,9237264000,39535722,30.22
02/12/2010,-40550,-2052673000,50.5(0.00 %),108190,5438927000,148740,7491600000,39576272,30.2
03/12/2010,236260,11978195000,51(0.99 %),429490,21810540000,193230,9832345000,39340012,30.31
06/12/2010,42530,2180120000,51(0.00 %),443320,22476200000,400790,20296080000,39297482,30.33
07/12/2010,127020,6371055000,50(-1.96 %),236260,11857770000,109240,5486715000,39170462,30.39
08/12/2010,58240,2879226000,49.5(-1.00 %),91160,4512066000,32920,1632840000,39112222,30.42
09/12/2010,60220,2994468000,50(1.01 %),60220,2994468000,0,0,39052002,30.45
10/12/2010,191410,9640965000,51(2.00 %),192410,9690965000,1000,50000000,38860592,30.54
13/12/2010,200600,10468460000,52.5(2.94 %),268190,13975385000,67590,3506925000,38659992,30.63
14/12/2010,261160,13531580000,52(-0.95 %),541708,28201865000,280548,14670285000,38398832,30.76
15/12/2010,342860,18067635000,53(1.92 %),417160,21984085000,74300,3916450000,38055972,30.92
16/12/2010,95180,4970325000,52(-1.89 %),121630,6346465000,26450,1376140000,37960792,30.97
17/12/2010,269460,14375800000,54(3.85 %),283720,15114320000,14260,738520000,37691332,31.1
20/12/2010,62960,3348605000,53(-1.85 %),63440,3374785000,480,26180000,37628372,31.12
21/12/2010,168620,8960065000,53.5(0.94 %),495820,26325809000,327200,17365744000,37459752,31.21
22/12/2010,135520,7147110000,52.5(-1.87 %),185520,9777820000,50000,2630710000,37324232,31.27
23/12/2010,245180,12798790000,52.5(0.00 %),255680,13344790000,10500,546000000,37079052,31.39
24/12/2010,178130,9350830000,52.5(0.00 %),206350,10833040000,28220,1482210000,36900922,31.47
27/12/2010,248510,12961110000,52.5(0.00 %),249510,13013110000,1000,52000000,36652412,31.59
28/12/2010,207560,10905325000,52.5(0.00 %),287440,15111565000,79880,4206240000,36444852,31.69
29/12/2010,37700,1982390000,52.5(0.00 %),420360,22064345000,382660,20081955000,36407152,31.71
30/12/2010,254230,13380450000,53(0.95 %),298230,15670950000,44000,2290500000,36152922,31.83
31/12/2010,244210,12871920000,53(0.00 %),282910,14908020000,38700,2036100000,35908712,31.94
04/01/2011,118590,6218195000,52.5(-0.94 %),157510,8261395000,38920,2043200000,35790122,32.0
05/01/2011,138220,7248960000,52.5(0.00 %),151390,7939140000,13170,690180000,35651902,32.06
06/01/2011,102340,5322180000,52(-0.95 %),102340,5322180000,0,0,35549562,32.11
07/01/2011,119640,6206040000,51(-1.92 %),144760,7504160000,25120,1298120000,35429922,32.17
10/01/2011,18560,957850000,51.5(0.98 %),205460,10497875000,186900,9540025000,35411362,32.18
11/01/2011,105250,5352690000,51(-0.97 %),181430,9237830000,76180,3885140000,35306112,32.23
12/01/2011,102600,5163525000,51(0.00 %),376980,19041215000,274380,13877690000,35203512,32.28
13/01/2011,149800,7670815000,52(1.96 %),272330,13872115000,122530,6201300000,35053712,32.35
14/01/2011,337400,17648050000,52.5(0.96 %),341810,17879780000,4410,231730000,34716312,32.51
17/01/2011,142670,7494015000,52.5(0.00 %),162240,8521440000,19570,1027425000,34573642,32.58
18/01/2011,108460,5766350000,53.5(1.90 %),144510,7677025000,36050,1910675000,34465182,32.63
19/01/2011,248700,13474625000,55.5(3.74 %),345330,18735330000,96630,5260705000,34216482,32.75
20/01/2011,255920,14078150000,55(-0.90 %),260660,14338850000,4740,260700000,33960562,32.87
21/01/2011,134310,7390330000,55(0.00 %),145010,7977830000,10700,587500000,33826252,32.93
24/01/2011,40570,2192670000,53.5(-2.73 %),59130,3186130000,18560,993460000,33785682,32.95
25/01/2011,108570,5803725000,53.5(0.00 %),110820,5923980000,2250,120255000,33677112,33.0
26/01/2011,65450,3519570000,54(0.93 %),89130,4790630000,23680,1271060000,33611662,39.35
27/01/2011,190640,10404385000,55(1.85 %),191740,10463435000,1100,59050000,33421022,33.12
28/01/2011,355300,19631075000,55.5(0.91 %),381850,21093825000,26550,1462750000,33065722,33.29
08/02/2011,251980,14581320000,58(4.50 %),378230,21583570000,126250,7002250000,32813742,33.41
09/02/2011,166650,9964460000,59(1.72 %),217600,13013910000,50950,3049450000,32647092,33.49
10/02/2011,124920,7359895000,58.5(-0.85 %),155400,9152250000,30480,1792355000,32522172,33.55
11/02/2011,6930,408280000,58(-0.85 %),53550,3095550000,46620,2687270000,32515242,33.55
14/02/2011,-88310,-4986235000,56(-3.45 %),17750,1009625000,106060,5995860000,32603552,33.51
15/02/2011,14900,821505000,58.5(4.46 %),115870,6531080000,100970,5709575000,32588652,33.52
16/02/2011,225460,13182945000,57.5(-1.71 %),256530,15000540000,31070,1817595000,32363192,33.63
17/02/2011,311980,17919120000,58(0.87 %),312080,17924870000,100,5750000,32051212,33.77
18/02/2011,137970,7923305000,56.5(-2.59 %),144250,8284570000,6280,361265000,31913242,33.84
21/02/2011,334470,18223205000,54(-4.42 %),341700,18621950000,7230,398745000,31736002,33.92
22/02/2011,-25350,-1290190000,53(-1.85 %),192080,10127770000,217430,11417960000,31938592,33.83
23/02/2011,18010,939550000,52(1.96 %),119550,6205090000,101540,5265540000,31920582,33.84
24/02/2011,-149890,-7442076000,49.4(-5.00 %),75970,3775220000,225860,11217296000,32070472,33.77
25/02/2011,-69450,-3381085000,49.4(0.00 %),46650,2254660000,116100,5635745000,32139922,33.73
28/02/2011,-55550,-2686850000,48.5(-1.82 %),20250,1008250000,75800,3695100000,32195472,33.71
01/03/2011,36200,1794616000,50.5(4.12 %),43210,2138821000,7010,344205000,32159272,33.72
02/03/2011,22760,1117935000,49.2(-2.57 %),33170,1631008000,10410,513073000,32136512,33.73
03/03/2011,68850,3378340000,49.4(0.41 %),69540,3411769000,690,33429000,0,0.0
04/03/2011,11890,585060000,49.5(0.20 %),65880,3255813000,53990,2670753000,0,0.0
07/03/2011,75370,3794730000,51(3.03 %),75370,3794730000,0,0,0,0.0
08/03/2011,135460,7017205000,51.5(0.98 %),136140,7052375000,680,35170000,0,0.0
09/03/2011,78270,4095205000,52.5(1.94 %),119850,6203935000,41580,2108730000,0,0.0
10/03/2011,147730,8001650000,55(4.76 %),150090,8129590000,2360,127940000,0,0.0
11/03/2011,-19750,-991525000,54.5(-0.91 %),186300,10379625000,206050,11371150000,0,0.0
14/03/2011,-2970,-163160000,52(-4.59 %),50770,2640810000,53740,2803970000,0,0.0
15/03/2011,-104510,-5233036000,49.7(-4.42 %),46600,2341900000,151110,7574936000,0,0.0
16/03/2011,-137870,-6835187000,49.1(-1.21 %),81800,4024517000,219670,10859704000,31064256,34.24
17/03/2011,-103860,-5088055000,49.4(0.61 %),114320,5600931000,218180,10688986000,31168116,34.19
18/03/2011,-414980,-20008165000,48.5(-1.82 %),58410,2816055000,473390,22824220000,31583096,34.0
21/03/2011,7700,419744000,50(3.09 %),62260,3083560000,54560,2663816000,31575396,34.0
22/03/2011,59940,3031274000,52(4.00 %),72900,3696702000,12960,665428000,31515456,34.03
23/03/2011,127850,6678910000,52.5(0.96 %),133090,6951110000,5240,272200000,31387606,34.09
24/03/2011,-27130,-1356512000,49.9(-4.95 %),22870,1147588000,50000,2504100000,31414736,34.08
25/03/2011,46290,2309641000,50(0.20 %),64390,3213684000,18100,904043000,31368446,34.1
28/03/2011,16900,841160000,49.4(-1.20 %),17120,852160000,220,11000000,31351546,34.11
29/03/2011,65230,3238935000,49.5(0.20 %),115790,5755011000,50560,2516076000,31286316,34.14
30/03/2011,46100,2286878000,49.5(0.00 %),52290,2593269000,6190,306391000,31240216,34.16
31/03/2011,31970,1593481000,49.9(0.81 %),35280,1758650000,3310,165169000,31208246,34.17
01/04/2011,41900,2092842000,50(0.20 %),41900,2092842000,0,0,31710182,33.94
04/04/2011,93040,4678273000,50.5(1.00 %),123700,6218503000,30660,1540230000,31617142,33.98
05/04/2011,48020,2425010000,50.5(0.00 %),52610,2656805000,4590,231795000,31569122,34.0
06/04/2011,93620,4747735000,51.5(1.98 %),95430,4839140000,1810,91405000,31475502,34.05
07/04/2011,166600,8656365000,52(0.97 %),188150,9755705000,21550,1099340000,31308902,34.13
08/04/2011,147540,7875710000,54(3.85 %),167410,8920965000,19870,1045255000,31161362,34.2
13/04/2011,229480,12351880000,53.5(-0.93 %),276250,14866790000,46770,2514910000,30931882,34.31
14/04/2011,88150,4712015000,53.5(0.00 %),95520,5105310000,7370,393295000,30843732,34.35
15/04/2011,89930,4803990000,53(-0.93 %),155500,8306500000,65570,3502510000,30753802,34.39
18/04/2011,-134740,-6853045000,50.5(-4.72 %),26580,1367425000,161320,8220470000,30888542,34.33
19/04/2011,14040,721095000,51.5(1.98 %),46690,2379165000,32650,1658070000,30874502,34.33
20/04/2011,-1870,-95270000,51.5(0.00 %),94900,4884710000,96770,4979980000,30876372,34.33
21/04/2011,27680,1425320000,51.5(0.00 %),34280,1765220000,6600,339900000,30848692,34.35
22/04/2011,-8840,-441012000,49.5(-3.88 %),21120,1055250000,29960,1496262000,30857532,34.34
25/04/2011,-6930,-353970000,51(3.03 %),34280,1757290000,41210,2111260000,30864462,34.34
26/04/2011,53480,2751220000,51.5(0.98 %),53480,2751220000,0,0,30810982,34.36
27/04/2011,-750,-8265000,51.5(0.00 %),64940,3308045000,65690,3316310000,30811732,34.36
28/04/2011,12900,656465000,51(-0.97 %),174280,8846880000,161380,8190415000,30798832,34.37
29/04/2011,41190,2102330000,51(0.00 %),48290,2467010000,7100,364680000,30757642,34.39
04/05/2011,81670,4247195000,52(1.96 %),145140,7541250000,63470,3294055000,30691868,34.42
05/05/2011,67710,3533650000,52.5(0.96 %),78210,4084900000,10500,551250000,30624158,34.45
06/05/2011,-30880,-1590340000,51.5(-1.90 %),53750,2788500000,84630,4378840000,30655038,34.44
09/05/2011,13280,704895000,52(0.97 %),142030,7340105000,128750,6635210000,30641758,34.44
10/05/2011,36410,1909965000,52.5(0.96 %),189310,9935965000,152900,8026000000,30605348,34.46
11/05/2011,-3710,-163495000,51.5(-1.90 %),117710,6156895000,121420,6320390000,30609058,34.46
12/05/2011,16790,864425000,51(-0.97 %),118410,6097915000,101620,5233490000,30592268,34.47
13/05/2011,73680,3802175000,51(0.00 %),153000,7856155000,79320,4053980000,30518588,34.5
16/05/2011,-48260,-2418555000,50(-1.96 %),92810,4691560000,141070,7110115000,30566848,34.48
17/05/2011,21800,1091361000,50.5(1.00 %),114000,5713031000,92200,4621670000,30545048,34.49
18/05/2011,45220,2303807000,51.5(1.98 %),95330,4821955000,50110,2518148000,30499828,34.51
19/05/2011,34610,1777365000,51.5(0.00 %),36310,1864665000,1700,87300000,30465218,34.53
20/05/2011,-11660,-579150000,50(-2.91 %),61300,3082500000,72960,3661650000,30476878,34.52
23/05/2011,90810,4520340000,49(-2.00 %),199190,9868088000,108380,5347748000,30386068,34.57
24/05/2011,16030,768988000,48(-2.04 %),111670,5353491000,95640,4584503000,30370038,34.57
25/05/2011,36060,1631778000,45.6(-5.00 %),249110,11366866000,213050,9735088000,30333978,34.59
26/05/2011,-33450,-1506305000,46(0.88 %),158850,7193129000,192300,8699434000,30367428,34.57
27/05/2011,-74440,-3470985000,47(2.17 %),132390,6159157000,206830,9630142000,30441868,34.54
30/05/2011,22760,1073942000,47(0.00 %),131310,6176612000,108550,5102670000,30419108,34.55
31/05/2011,13330,619175000,47(0.00 %),136010,6343797000,122680,5724622000,30405778,34.56
01/06/2011,2580,120459000,48.6(3.40 %),247310,11856994000,244730,11736535000,29814744,34.84
02/06/2011,40640,2048374000,51(4.94 %),120660,6044068000,80020,3995694000,29774104,34.86
03/06/2011,9610,478446000,48.5(-4.90 %),155210,7681476000,145600,7203030000,29764494,34.86
06/06/2011,-30870,-1465187000,47.5(-2.06 %),145000,6875794000,175870,8340981000,29795364,34.85
07/06/2011,27740,1363282000,49(3.16 %),152530,7491325000,124790,6128043000,29767624,34.86
08/06/2011,-8950,-432753000,48.8(-0.41 %),90330,4416439000,99280,4849192000,29776574,34.85
09/06/2011,8660,422895000,48.8(0.00 %),24900,1215512000,16240,792617000,29767914,34.86
10/06/2011,-47840,-2320935000,48.5(-0.61 %),50200,2429610000,98040,4750545000,29815754,34.84
13/06/2011,-36370,-1727741000,47.2(-2.68 %),19530,935016000,55900,2662757000,29852124,34.82
14/06/2011,-54870,-2582874000,46(-2.54 %),51600,2448800000,106470,5031674000,29906994,34.79
15/06/2011,-36380,-1684098000,46.3(0.65 %),71430,3304270000,107810,4988368000,29943374,34.78
16/06/2011,-64100,-2973287000,46.4(0.22 %),97390,4514895000,161490,7488182000,30007474,34.75
17/06/2011,-264720,-11969658000,44.3(-4.53 %),147500,6719694000,412220,18689352000,30272194,34.62
20/06/2011,-82720,-3675544000,44(-0.68 %),50,2205000,82770,3677749000,30354914,34.58
21/06/2011,-91810,-4072843000,44.7(1.59 %),19700,868892000,111510,4941735000,30446724,34.54
22/06/2011,-21600,-964235000,44.7(0.00 %),67090,2999262000,88690,3963497000,30468324,34.53
23/06/2011,-11330,-503074000,43.9(-1.79 %),61800,2753280000,73130,3256354000,30479654,34.52
24/06/2011,-42070,-1835111000,43.3(-1.37 %),1590,69313000,43660,1904424000,30521724,34.5
27/06/2011,-95510,-4071448000,42.5(-1.85 %),140,6026000,95650,4077474000,30617234,34.46
28/06/2011,-25440,-1085122000,42.2(-0.71 %),8240,350189000,33680,1435311000,30642674,34.44
29/06/2011,-20530,-853406000,41.5(-1.66 %),160160,6649207000,180690,7502613000,30663204,34.43
30/06/2011,-166560,-6656549000,39.5(-4.82 %),224150,9080500000,390710,15737049000,30829764,34.35
01/07/2011,-78330,-2979490000,37.8(-4.30 %),12840,485389000,91170,3464879000,31155648,34.2
04/07/2011,-111030,-4310306000,39.6(4.76 %),8900,350700000,119930,4661006000,31266678,34.15
05/07/2011,-51770,-2132849000,41.2(4.04 %),5000,206800000,56770,2339649000,31318448,34.12
06/07/2011,-1660,-61543000,40.2(-2.43 %),10390,426065000,12050,487608000,31320108,34.12
07/07/2011,4270,176386000,40.6(1.00 %),63320,2581159000,59050,2404773000,31315838,34.12
08/07/2011,106430,4217700000,40.6(0.00 %),258530,10236592000,152100,6018892000,31209408,34.17
11/07/2011,30800,1232165000,40(-1.48 %),52000,2081900000,21200,849735000,31178608,34.19
12/07/2011,26510,1060525000,40.2(0.50 %),189060,7587687000,162550,6527162000,31152098,34.2
13/07/2011,-5830,-228773000,39.7(-1.24 %),112150,4475750000,117980,4704523000,31157928,34.2
14/07/2011,-8400,-330203000,39.4(-0.76 %),52960,2084345000,61360,2414548000,31166328,34.19
15/07/2011,9760,380358000,39.1(-0.76 %),91140,3544922000,81380,3164564000,31156568,34.2
18/07/2011,21620,842527000,39(-0.26 %),39720,1547157000,18100,704630000,31134948,34.21
19/07/2011,-60,-2461000,38.7(-0.77 %),9110,352385000,9170,354846000,31135008,34.21
20/07/2011,72880,2905872000,40.2(3.88 %),101680,4053997000,28800,1148125000,31062128,34.24
21/07/2011,56210,2254445000,40.1(-0.25 %),120080,4816767000,63870,2562322000,31005918,34.27
22/07/2011,76350,3171828000,41.7(3.99 %),141120,5834309000,64770,2662481000,30929568,34.31
25/07/2011,40980,1687213000,41.5(-0.48 %),125840,5190142000,84860,3502929000,30888588,34.33
26/07/2011,-97820,-3923863000,40.2(-3.13 %),81300,3306430000,179120,7230293000,30986408,34.28
27/07/2011,-3030,-124650000,40.3(0.25 %),49300,1970203000,52330,2094853000,30989438,34.28
28/07/2011,-31520,-1261735000,39.9(-0.99 %),96480,3883586000,128000,5145321000,31020958,34.26
29/07/2011,12040,481869000,39.3(-1.50 %),115920,4587022000,103880,4105153000,31008918,34.27
01/08/2011,77650,3099411000,39.4(0.25 %),164160,6545741000,86510,3446330000,30985562,34.28
02/08/2011,113600,4516968000,39.7(0.76 %),124350,4946768000,10750,429800000,30871962,34.33
03/08/2011,43940,1756995000,40(0.76 %),70900,2834695000,26960,1077700000,30828022,34.36
04/08/2011,14960,596284000,40.3(0.75 %),60000,2414404000,45040,1818120000,30813062,34.36
05/08/2011,0,-711000,40.1(-0.50 %),80000,3216959000,80000,3217670000,30813062,34.36
08/08/2011,-78990,-3075907000,38.8(-3.24 %),50000,1961535000,128990,5037442000,30892052,34.33
09/08/2011,105170,3955357000,37.5(-3.35 %),167510,6292880000,62340,2337523000,30786882,34.37
10/08/2011,-222400,-8242508000,36.5(-2.67 %),1000,37150000,223400,8279658000,31009282,34.27
11/08/2011,-31630,-1148134000,36.4(-0.27 %),1360,49377000,32990,1197511000,31040912,34.25
12/08/2011,-16630,-607952000,36.7(0.82 %),670,24455000,17300,632407000,31057542,34.25
15/08/2011,-50,-1846000,37(0.82 %),70,2570000,120,4416000,31057592,34.25
16/08/2011,-8350,-307650000,36.8(-0.54 %),52700,1944886000,61050,2252536000,31065942,34.24
17/08/2011,-10170,-373809000,37.4(1.63 %),1960,72125000,12130,445934000,31076112,34.24
18/08/2011,91840,3488536000,38.4(2.67 %),97510,3702051000,5670,213515000,30984272,34.28
19/08/2011,-24590,-918407000,37.5(-2.34 %),10000,375590000,34590,1293997000,31008862,34.27
22/08/2011,-30830,-1181807000,38.8(3.47 %),0,0,30830,1181807000,31039692,34.25
23/08/2011,-1960,-77450000,38.2(-1.55 %),30,1155000,1990,78605000,31041652,34.25
24/08/2011,-22310,-851167000,38(-0.52 %),85360,3251342000,107670,4102509000,31063962,34.24
25/08/2011,-950,-36280000,38(0.00 %),50,1900000,1000,38180000,31064912,34.24
26/08/2011,-18510,-709849000,38(0.00 %),23640,898320000,42150,1608169000,31083422,34.23
29/08/2011,-54250,-2071708000,38.5(1.32 %),13100,497850000,67350,2569558000,31137672,34.21
30/08/2011,4720,181469000,39(1.30 %),13320,517798000,8600,336329000,31132952,34.21
31/08/2011,5870,240248000,40(2.56 %),27640,1098346000,21770,858098000,31127082,34.21
01/09/2011,6400,283242000,41.5(3.75 %),31830,1294107000,25430,1010865000,31323512,34.12
05/09/2011,-90990,-3668907000,39.6(-4.58 %),55620,2239942000,146610,5908849000,31414502,34.08
06/09/2011,29630,1169652000,39.2(-1.01 %),61830,2441182000,32200,1271530000,31384872,34.09
07/09/2011,19010,761912000,40.4(3.06 %),19070,764270000,60,2358000,31365862,34.1
08/09/2011,120430,5074923000,42.4(4.95 %),122680,5168978000,2250,94055000,31245432,34.16
09/09/2011,110330,4740946000,43(1.42 %),111840,4805216000,1510,64270000,31135102,34.21
12/09/2011,4620,193767000,42.3(-1.63 %),60490,2560912000,55870,2367145000,31130482,34.21
13/09/2011,-54300,-2283818000,42.2(-0.24 %),57900,2446051000,112200,4729869000,31184782,34.19
14/09/2011,-102120,-4172932000,40.5(-4.03 %),47480,1943079000,149600,6116011000,31286902,34.14
15/09/2011,-180290,-7022445000,39.3(-2.96 %),72660,2836174000,252950,9858619000,31467192,34.05
16/09/2011,-195930,-7504111000,38.2(-2.80 %),155070,5941963000,351000,13446074000,31663122,33.96
19/09/2011,21470,849910000,40.1(4.97 %),21770,861940000,300,12030000,31641652,33.97
20/09/2011,79970,3218829000,40.2(0.25 %),145130,5844472000,65160,2625643000,31561682,34.01
21/09/2011,28940,1162167000,40.4(0.50 %),56640,2277742000,27700,1115575000,31532742,34.02
22/09/2011,-40470,-1619934000,40.1(-0.74 %),61070,2442479000,101540,4062413000,31573212,34.0
23/09/2011,-108140,-4247075000,39(-2.74 %),0,0,108140,4247075000,31681352,33.95
26/09/2011,-181500,-6953394000,38.1(-2.31 %),84620,3245758000,266120,10199152000,31862852,33.86
27/09/2011,-74570,-2842375000,38.4(0.79 %),17920,683183000,92490,3525558000,31937422,33.83
28/09/2011,-76720,-2918288000,38(-1.04 %),10300,391422000,87020,3309710000,32014142,33.79
29/09/2011,-47460,-1783259000,37.5(-1.32 %),122830,4609720000,170290,6392979000,32061602,33.77
30/09/2011,-50810,-1908805000,37.5(0.00 %),55700,2086055000,106510,3994860000,32112412,33.75
03/10/2011,-10180,-376208000,37.5(0.00 %),97780,3619450000,107960,3995658000,31939912,33.83
04/10/2011,-10330,-387144000,37.4(-0.27 %),21020,789721000,31350,1176865000,31950242,33.82
05/10/2011,-37540,-1409450000,38.2(2.14 %),1000,37400000,38540,1446850000,31987782,33.8
06/10/2011,-47140,-1792727000,38.4(0.52 %),6340,240798000,53480,2033525000,32034922,33.78
07/10/2011,-27750,-1057989000,38.1(-0.78 %),21260,809906000,49010,1867895000,32062672,33.77
10/10/2011,-6270,-238230000,38(-0.26 %),30,1131000,6300,239361000,32068942,33.77
11/10/2011,-16630,-628409000,37.9(-0.26 %),13110,494879000,29740,1123288000,32085572,33.76
12/10/2011,-4850,-182785000,37.5(-1.06 %),30150,1132215000,35000,1315000000,32090422,33.76
13/10/2011,-4530,-169422000,38.2(1.87 %),1870,70073000,6400,239495000,32094952,33.75
14/10/2011,6660,254908000,38.4(0.52 %),7590,290620000,930,35712000,32088292,33.76
17/10/2011,2380,96081000,38(-1.04 %),202380,7708454000,200000,7612373000,32085912,33.76
18/10/2011,5730,217722000,38(0.00 %),210430,7966925000,204700,7749203000,32080182,33.76
19/10/2011,-45370,-1688746000,37.2(-2.11 %),161030,5998008000,206400,7686754000,32125552,33.74
20/10/2011,-8000,-298036000,37.5(0.81 %),200000,7440000000,208000,7738036000,32133552,33.74
21/10/2011,-4710,-176773000,37.9(1.07 %),298150,11094463000,302860,11271236000,32138262,33.73
24/10/2011,26840,1022571000,38.2(0.79 %),30340,1155671000,3500,133100000,32111422,33.75
25/10/2011,-24000,-883865000,37.2(-2.62 %),62210,2355806000,86210,3239671000,32135422,33.73
26/10/2011,31500,1192401000,37.9(1.88 %),71890,2706726000,40390,1514325000,32103922,33.75
27/10/2011,185020,7149703000,39(2.90 %),187780,7255580000,2760,105877000,31918902,33.84
28/10/2011,1890,73862000,39.3(0.77 %),7000,273200000,5110,199338000,31917012,33.84
31/10/2011,37650,1478039000,38.2(-2.80 %),45400,1777034000,7750,298995000,31879362,33.86
01/11/2011,-35480,-1337376000,37.8(-1.05 %),12180,470070000,47660,1807446000,32137742,33.73
02/11/2011,-14890,-554687000,37.2(-1.59 %),153100,5731140000,167990,6285827000,32152632,33.73
03/11/2011,-26110,-963463000,36.9(-0.81 %),240200,8872440000,266310,9835903000,32178742,33.71
04/11/2011,53200,1971968000,37(0.27 %),53200,1971968000,0,0,32125542,33.74
07/11/2011,6360,234684000,36.9(-0.27 %),12350,455715000,5990,221031000,32119182,33.74
08/11/2011,2700,102212000,37(0.27 %),97640,3593058000,94940,3490846000,32116482,33.74
09/11/2011,-19820,-725729000,36.6(-1.08 %),35070,1284422000,54890,2010151000,32136302,33.73
10/11/2011,46960,1729159000,36.6(0.00 %),151290,5562732000,104330,3833573000,32089342,33.76
11/11/2011,53350,1958037000,36.7(0.27 %),71520,2624844000,18170,666807000,32035992,33.78
14/11/2011,155170,5708280000,36.8(0.27 %),227660,8373273000,72490,2664993000,31880822,33.86
15/11/2011,132360,4883858000,36.8(0.00 %),241080,8890736000,108720,4006878000,31748462,33.92
16/11/2011,66000,2441484000,36.9(0.27 %),178780,6615880000,112780,4174396000,31682462,33.95
17/11/2011,54150,2002950000,37(0.27 %),244610,9049514000,190460,7046564000,31628312,33.98
18/11/2011,0,0,36.8(-0.54 %),122960,4480064000,122960,4480064000,31628312,33.98
21/11/2011,-41600,-1518700000,36.5(-0.82 %),300,10950000,41900,1529650000,31669912,33.96
22/11/2011,25330,928391000,36.8(0.82 %),26810,980951000,1480,52560000,31644582,33.97
23/11/2011,21620,798078000,37.1(0.82 %),21620,798078000,0,0,31622962,33.98
24/11/2011,-700,-25050000,37(-0.27 %),1300,47950000,2000,73000000,31623662,33.98
25/11/2011,-3820,-140477000,36.8(-0.54 %),19310,710608000,23130,851085000,31627482,33.98
28/11/2011,-39910,-1451834000,36(-2.17 %),23100,832840000,63010,2284674000,31667392,33.96
29/11/2011,-2150,-55455000,36.2(0.56 %),125890,4582040000,128040,4637495000,31669542,33.96
30/11/2011,-35730,-1288827000,36.2(0.00 %),133360,4836660000,169090,6125487000,31705272,33.94
01/12/2011,-1000,-35600000,36.2(0.00 %),304000,11066000000,305000,11101600000,31496232,34.04
02/12/2011,-14220,-513380000,36.1(-0.28 %),68530,2474276000,82750,2987656000,31510452,34.03
05/12/2011,-17220,-623690000,36.3(0.55 %),30500,1105750000,47720,1729440000,31527672,34.02
06/12/2011,-29390,-1064062000,36.2(-0.28 %),20220,731706000,49610,1795768000,31557062,34.01
07/12/2011,-8720,-311048000,35.8(-1.10 %),25100,907015000,33820,1218063000,31565782,34.0
08/12/2011,-83390,-2884063000,34.2(-4.47 %),26000,931900000,109390,3815963000,31649172,33.97
09/12/2011,-13850,-462520000,33.7(-1.46 %),6150,211480000,20000,674000000,31663022,33.96
12/12/2011,40600,1380195000,34.5(2.37 %),48610,1650132000,8010,269937000,31622422,33.98
13/12/2011,-4830,-156817000,33.1(-4.06 %),38650,1320695000,43480,1477512000,31627252,33.98
14/12/2011,-28280,-931798000,33.1(0.00 %),116540,3856193000,144820,4787991000,31655532,33.96
15/12/2011,28800,936847000,33(-0.30 %),82120,2673612000,53320,1736765000,31626732,33.98
16/12/2011,31020,1069898000,34.6(4.85 %),283940,9665287000,252920,8595389000,31595712,33.99
19/12/2011,5290,181605000,34.7(0.29 %),65660,2259631000,60370,2078026000,31590422,33.99
20/12/2011,83490,2891293000,34.6(-0.29 %),107970,3737995000,24480,846702000,31506932,34.03
21/12/2011,-91390,-3102474000,33(-4.62 %),156530,5360684000,247920,8463158000,31598322,33.99
22/12/2011,-173620,-5464919000,31.4(-4.85 %),117000,3730559000,290620,9195478000,31771942,33.91
23/12/2011,-29580,-905778000,31.6(0.64 %),0,0,29580,905778000,31801522,33.89
26/12/2011,2820,90273000,31.3(-0.95 %),9140,285837000,6320,195564000,31798702,33.89
27/12/2011,-3500,-100916000,31(-0.96 %),30500,958684000,34000,1059600000,31802202,33.89
28/12/2011,20440,644676000,31.7(2.26 %),21740,685886000,1300,41210000,31781762,33.9
29/12/2011,33790,1084589000,31.8(0.32 %),54080,1736982000,20290,652393000,31747972,33.92
30/12/2011,-47450,-1534978000,33.2(4.40 %),25980,834964000,73430,2369942000,31795422,33.9
03/01/2012,-8460,-268574000,32(-3.61 %),20000,636269000,28460,904843000,31961542,33.82
04/01/2012,-47600,-1458619000,30.5(-4.69 %),38620,1195668000,86220,2654287000,32009142,33.79
05/01/2012,-16130,-490936000,30.4(-0.33 %),27930,848481000,44060,1339417000,32025272,33.79
06/01/2012,8600,259664000,30.4(0.00 %),11800,356944000,3200,97280000,32016672,33.79
09/01/2012,80,3924000,30(-1.32 %),17140,514312000,17060,510388000,32016592,33.79
10/01/2012,16240,485906000,30.9(3.00 %),50290,1501458000,34050,1015552000,32000352,33.8
11/01/2012,119040,3723950000,32(3.56 %),159340,4986259000,40300,1262309000,31881312,33.86
12/01/2012,10030,321748000,32.1(0.31 %),21480,688648000,11450,366900000,31871282,33.86
13/01/2012,44760,1452765000,32.9(2.49 %),86440,2822269000,41680,1369504000,31826522,33.88
16/01/2012,3640,119539000,32.8(-0.30 %),24790,814410000,21150,694871000,31822882,33.88
17/01/2012,30210,986421000,32.8(0.00 %),30570,997869000,360,11448000,31792672,33.9
18/01/2012,4250,140230000,33.3(1.52 %),14100,467325000,9850,327095000,31788422,33.9
19/01/2012,57810,2024153000,34.8(4.50 %),103840,3580932000,46030,1556779000,31730612,33.93
20/01/2012,22780,793483000,34.8(0.00 %),45180,1574909000,22400,781426000,31707832,33.94
30/01/2012,74040,2694810000,36.5(4.89 %),77180,2809370000,3140,114560000,31633792,33.97
31/01/2012,272210,10401706000,38(4.11 %),273340,10444506000,1130,42800000,31361582,34.1
01/02/2012,152490,5867428000,38.7(1.84 %),239600,9214141000,87110,3346713000,31258752,34.15
02/02/2012,45250,1756804000,39(0.78 %),150920,5850001000,105670,4093197000,31213502,34.17
03/02/2012,269870,10622940000,39.4(1.03 %),304870,11999040000,35000,1376100000,30943632,34.3
06/02/2012,6260,239879000,38.1(-3.30 %),17490,668516000,11230,428637000,30937372,34.3
07/02/2012,82950,3243218000,39.9(4.72 %),166190,6443132000,83240,3199914000,30854422,34.34
08/02/2012,115380,4635019000,40.5(1.50 %),164730,6600469000,49350,1965450000,30739042,34.4
09/02/2012,225470,9042439000,40.5(0.00 %),256790,10298151000,31320,1255712000,30513572,34.5
10/02/2012,191670,7651326000,39.9(-1.48 %),251670,10045426000,60000,2394100000,30321902,34.6
13/02/2012,129280,5062800000,39(-2.26 %),129280,5062800000,0,0,30192622,34.66
14/02/2012,26490,1043854000,39(0.00 %),53840,2092744000,27350,1048890000,30166132,34.67
15/02/2012,14440,573222000,38.9(-0.26 %),77940,3043647000,63500,2470425000,30151692,34.68
16/02/2012,64460,2522742000,39.3(1.03 %),127010,4964764000,62550,2442022000,30087232,34.71
17/02/2012,61300,2421532000,39.3(0.00 %),107680,4251731000,46380,1830199000,30025932,34.74
20/02/2012,160210,6348442000,40(1.78 %),180210,7134442000,20000,786000000,29865722,34.81
21/02/2012,52670,2110800000,40(0.00 %),82140,3289600000,29470,1178800000,29813052,34.84
22/02/2012,-18970,-760627000,39.9(-0.25 %),17590,701773000,36560,1462400000,29832022,34.83
23/02/2012,131140,5266613000,40.1(0.50 %),231840,9309083000,100700,4042470000,29700882,34.89
24/02/2012,232260,9594051000,42.1(4.99 %),234190,9672795000,1930,78744000,29468622,35.0
27/02/2012,-22500,-964201000,42.8(1.66 %),271430,11625343000,293930,12589544000,29491122,34.99
28/02/2012,17620,735259000,40.7(-4.91 %),53920,2267622000,36300,1532363000,29473502,35.0
29/02/2012,-171390,-6702161000,39(-4.18 %),168870,6870380000,340260,13572541000,29644892,34.92
01/03/2012,48750,1944849000,40(2.56 %),103410,4107628000,54660,2162779000,28999264,35.22
02/03/2012,19140,763964000,40(0.00 %),52650,2100252000,33510,1336288000,28980124,35.23
05/03/2012,-111210,-4670773000,42(5.00 %),136540,5723549000,247750,10394322000,29091334,35.18
06/03/2012,2470,108302000,40.2(-4.29 %),118190,4851667000,115720,4743365000,29088864,35.18
07/03/2012,73290,2965247000,41(1.99 %),174290,7027191000,101000,4061944000,29015574,35.22
08/03/2012,46090,1950619000,39.1(-4.63 %),230600,9388191000,184510,7437572000,28969484,35.24
09/03/2012,40260,1576044000,39.2(0.26 %),71860,2813164000,31600,1237120000,28929224,35.26
12/03/2012,-113860,-4337217000,38(-3.06 %),148630,5669232000,262490,10006449000,29043084,35.2
13/03/2012,-39030,-1485378000,38(0.00 %),72890,2773073000,111920,4258451000,29082114,35.18
14/03/2012,-65970,-2468493000,37.1(-2.37 %),189730,7082701000,255700,9551194000,29148084,35.15
15/03/2012,13730,593873000,38.9(4.85 %),235410,8973544000,221680,8379671000,29134354,35.16
16/03/2012,-450430,-16784740000,37(-4.88 %),284980,10813024000,735410,27597764000,29584784,34.95
19/03/2012,9080,356027000,38(2.70 %),43970,1676350000,34890,1320323000,29575704,34.95
20/03/2012,51070,1957450000,38.5(1.32 %),129570,4954300000,78500,2996850000,29524634,34.97
21/03/2012,127990,5117696000,40.3(4.68 %),190990,7578696000,63000,2461000000,29396644,35.04
22/03/2012,142660,5689883000,39.8(-1.24 %),228650,9105796000,85990,3415913000,29253984,35.1
23/03/2012,89760,3583116000,39.5(-0.75 %),151020,6027294000,61260,2444178000,29164224,35.15
26/03/2012,81910,3260657000,40.1(1.52 %),128470,5108975000,46560,1848318000,29082314,35.18
27/03/2012,105710,4186147000,39(-2.74 %),108900,4313791000,3190,127644000,28976604,35.23
28/03/2012,24850,989023000,39.5(1.28 %),48810,1904771000,23960,915748000,28951754,35.25
29/03/2012,26800,1043906000,39(-1.27 %),51450,2006878000,24650,962972000,28924954,35.26
30/03/2012,122760,4831408000,39.9(2.31 %),185650,7301692000,62890,2470284000,28802194,35.32
03/04/2012,-19290,-764126000,39.6(-0.75 %),59640,2369363000,78930,3133489000,29283961,35.09
04/04/2012,25200,997300000,39.5(-0.25 %),34200,1352800000,9000,355500000,29258761,35.1
05/04/2012,43010,1702090000,40(1.27 %),75010,2967690000,32000,1265600000,29215751,35.12
06/04/2012,10530,415102000,39.4(-1.50 %),10530,415102000,0,0,29205221,35.13
09/04/2012,-16350,-641025000,39.2(-0.51 %),57650,2264910000,74000,2905935000,29221571,35.12
10/04/2012,67790,2658833000,39.3(0.26 %),239610,9393138000,171820,6734305000,29153781,35.15
11/04/2012,-6150,-242122000,39.5(0.51 %),150580,5918908000,156730,6161030000,29159931,35.15
12/04/2012,136750,5475517000,40.4(2.28 %),381780,15331740000,245030,9856223000,29023181,35.21
13/04/2012,41070,1640609000,39.9(-1.24 %),134820,5391093000,93750,3750484000,28982111,35.23
16/04/2012,-37040,-1499251000,40.2(0.75 %),267200,10670549000,304240,12169800000,29019151,35.21
17/04/2012,-164810,-6797623000,42.2(4.98 %),213620,8803966000,378430,15601589000,29183961,35.14
18/04/2012,-203770,-8540860000,41.6(-1.42 %),31090,1303710000,234860,9844570000,29387731,35.04
19/04/2012,79770,3252703000,40.8(-1.92 %),170340,6971584000,90570,3718881000,29307961,35.08
20/04/2012,99260,4017080000,40.8(0.00 %),127910,5170815000,28650,1153735000,29208701,35.12
23/04/2012,96450,3921625000,40.6(-0.49 %),181220,7369482000,84770,3447857000,29112251,35.17
24/04/2012,126950,5139548000,40.6(0.00 %),161050,6521608000,34100,1382060000,28985301,35.23
25/04/2012,50010,2053267000,41(0.99 %),56330,2312419000,6320,259152000,28935291,35.25
26/04/2012,105620,4317865000,40.9(-0.24 %),113720,4649569000,8100,331704000,28829671,35.3
27/04/2012,12270,501013000,40.7(-0.49 %),12590,514005000,320,12992000,28817401,35.31
02/05/2012,81460,3387957000,41.3(1.47 %),204500,8464045000,123040,5076088000,28885218,35.28
03/05/2012,33980,1397563000,40.9(-0.97 %),81790,3363002000,47810,1965439000,28851238,35.29
04/05/2012,151410,6312011000,41.8(2.20 %),202420,8444426000,51010,2132415000,28699828,35.37
07/05/2012,-68850,-3018801000,43.8(4.78 %),89750,3908870000,158600,6927671000,28768678,35.33
08/05/2012,-50260,-2264156000,45(2.74 %),109460,4979398000,159720,7243554000,28818938,35.31
09/05/2012,-88690,-3925293000,44.6(-0.89 %),17310,762416000,106000,4687709000,28907628,35.27
10/05/2012,-51520,-2222663000,44.1(-1.12 %),34100,1500412000,85620,3723075000,28959148,35.24
11/05/2012,63700,2763914000,42.3(-4.08 %),156920,6737029000,93220,3973115000,28895448,35.27
14/05/2012,-94910,-3801601000,40.2(-4.96 %),133040,5428667000,227950,9230268000,28990358,35.23
15/05/2012,-521060,-19982138000,38.2(-4.98 %),283620,10895629000,804680,30877767000,29511418,34.98
16/05/2012,-179200,-6784424000,37.8(-1.05 %),182230,6875678000,361430,13660102000,29690618,34.9
17/05/2012,-120300,-4574341000,37.9(0.26 %),37940,1434132000,158240,6008473000,29810918,34.84
18/05/2012,-203730,-7511649000,36.3(-4.22 %),199190,7354640000,402920,14866289000,30014648,34.74
21/05/2012,-113310,-4194849000,37.6(3.58 %),49040,1812192000,162350,6007041000,30127958,34.69
22/05/2012,-40540,-1505934000,36.9(-1.86 %),159060,5876684000,199600,7382618000,30168498,34.67
23/05/2012,211640,7784318000,37.2(0.81 %),279870,10293776000,68230,2509458000,29956858,34.77
24/05/2012,23010,848296000,36.9(-0.81 %),213110,7862275000,190100,7013979000,29933848,34.78
25/05/2012,4470,156726000,37.5(1.63 %),133320,5004486000,128850,4847760000,29929378,34.78
28/05/2012,88420,3315043000,37.6(0.27 %),93420,3502543000,5000,187500000,29840958,34.82
29/05/2012,90900,3429831000,36.6(-2.66 %),126000,4734221000,35100,1304390000,29750058,34.87
30/05/2012,-18410,-673632000,36.5(-0.27 %),15010,549865000,33420,1223497000,29768468,34.86
31/05/2012,-3050,-111475000,35.9(-1.64 %),37000,1337448000,40050,1448923000,29771518,34.86
01/06/2012,290,18787000,35.3(-1.67 %),37400,1346080000,37110,1327293000,29665224,34.91
04/06/2012,-51730,-1754879000,33.6(-4.82 %),30010,1038452000,81740,2793331000,29716954,34.88
05/06/2012,-154810,-5125350000,33.5(-0.30 %),4150,135720000,158960,5261070000,29820034,34.83
06/06/2012,-92880,-3122109000,33.6(0.30 %),78640,2641565000,171520,5763674000,29912914,34.79
07/06/2012,-168650,-5839164000,34.5(2.68 %),40200,1386900000,208850,7226064000,30081564,34.71
08/06/2012,-109300,-3789579000,34.1(-1.16 %),31300,1100690000,140600,4890269000,30190864,34.66
11/06/2012,-90240,-3079892000,34(-0.29 %),11000,374580000,101240,3454472000,30281104,34.62
12/06/2012,29360,989125000,33.7(-0.88 %),39200,1322560000,9840,333435000,30251744,34.63
13/06/2012,3320,112445000,33.7(0.00 %),17850,602746000,14530,490301000,30248424,34.63
14/06/2012,-36360,-1237832000,34.2(1.48 %),150100,5096160000,186460,6333992000,30284784,34.61
15/06/2012,237120,8428059000,35.9(4.97 %),362280,12853185000,125160,4425126000,30047664,34.73
18/06/2012,94910,3495365000,36.3(1.11 %),109000,4019104000,14090,523739000,29952754,34.77
19/06/2012,35010,1240945000,35.4(-2.48 %),125996,4384956000,90986,3144011000,29917744,34.79
20/06/2012,19040,672081000,35.9(1.41 %),21050,743990000,2010,71909000,29898704,34.8
21/06/2012,10850,383379000,35.3(-1.67 %),15550,549699000,4700,166320000,29887854,34.8
22/06/2012,215920,7678381000,35.9(1.70 %),241720,8604731000,25800,926350000,29671934,34.9
25/06/2012,9300,329150000,34.5(-3.90 %),9300,329150000,0,0,29662634,34.91
26/06/2012,358580,12679705000,35.5(2.90 %),368860,13043781000,10280,364076000,29304054,35.08
27/06/2012,-3660,-73500000,35.9(1.13 %),72340,2548500000,76000,2622000000,29307714,35.08
28/06/2012,52620,1899503000,35.9(0.00 %),96020,3458683000,43400,1559180000,29255094,35.1
29/06/2012,145790,5401857000,36.2(0.84 %),166920,6168276000,21130,766419000,29109304,35.17
02/07/2012,34580,1238986000,35.3(-2.49 %),34700,1243354000,120,4368000,29131490,35.16
03/07/2012,6000,209900000,34.5(-2.27 %),170170,5938619000,164170,5728719000,29125490,35.16
04/07/2012,-1760,-63166000,34.5(0.00 %),58530,2032185000,60290,2095351000,29127250,35.16
05/07/2012,20090,694120000,34.6(0.29 %),53830,1858143000,33740,1164023000,29107160,35.17
06/07/2012,-12670,-442140000,35(1.16 %),34590,1210308000,47260,1652448000,29119830,35.17
09/07/2012,35130,1242594000,34(-2.86 %),84830,2963167000,49700,1720573000,29084700,35.18
10/07/2012,-94620,-3146438000,33(-2.94 %),28200,942170000,122820,4088608000,29179320,35.14
11/07/2012,-50360,-1629535000,33.8(2.42 %),28640,943477000,79000,2573012000,29229680,35.11
12/07/2012,-23620,-792116000,33.5(-0.89 %),10000,335000000,33620,1127116000,29253300,35.1
13/07/2012,-1700,-51828000,34.8(3.88 %),36210,1245053000,37910,1296881000,29255000,35.1
16/07/2012,63110,2184780000,34.6(-0.57 %),74530,2579006000,11420,394226000,29191890,35.13
17/07/2012,-28830,-1003069000,34.8(0.58 %),44180,1537403000,73010,2540472000,29220720,35.12
18/07/2012,-3830,-133354000,34.5(-0.86 %),0,0,3830,133354000,29224550,35.12
19/07/2012,-20990,-745785000,36(4.35 %),9840,342238000,30830,1088023000,29245540,35.11
20/07/2012,-56350,-2002497000,35.2(-2.22 %),100000,3604070000,156350,5606567000,29301890,35.08
23/07/2012,19100,668020000,35(-0.57 %),64100,2244655000,45000,1576635000,29282790,35.09
24/07/2012,11460,393108000,33.8(-3.43 %),70160,2390588000,58700,1997480000,29271330,35.09
25/07/2012,-93290,-3125893000,33.5(-0.89 %),84010,2830784000,177300,5956677000,29364620,35.05
26/07/2012,49700,1670262000,34(1.49 %),61060,2056422000,11360,386160000,29314920,35.07
27/07/2012,63330,2186911000,33.8(-0.59 %),80550,2779999000,17220,593088000,29251590,35.1
30/07/2012,-27100,-898450000,33.7(-0.30 %),6950,232040000,34050,1130490000,29278690,35.09
31/07/2012,-35690,-1199630000,33.5(-0.59 %),190290,6462991000,225980,7662621000,29314380,35.07
01/08/2012,27380,925265000,33.5(0.00 %),49260,1664149000,21880,738884000,29128526,35.16
02/08/2012,360,12140000,33.9(1.19 %),1500,50650000,1140,38510000,29128166,35.16
03/08/2012,4420,149008000,34(0.29 %),13060,442768000,8640,293760000,29123746,35.17
06/08/2012,-86720,-2946620000,33.8(-0.59 %),9240,314541000,95960,3261161000,29210466,35.12
07/08/2012,-7450,-249805000,33.6(-0.59 %),14440,490340000,21890,740145000,29217916,35.12
08/08/2012,5770,196379000,33.8(0.60 %),40690,1374533000,34920,1178154000,29212146,35.12
09/08/2012,-16310,-554179000,33.8(0.00 %),12010,409491000,28320,963670000,29228456,35.12
10/08/2012,-11220,-379380000,33.8(0.00 %),6000,203400000,17220,582780000,29239676,35.11
13/08/2012,-11500,-390490000,34(0.59 %),26700,909110000,38200,1299600000,29251176,35.1
14/08/2012,-10740,-365556000,33.9(-0.29 %),38300,1301700000,49040,1667256000,29261916,35.1
15/08/2012,-10870,-369708000,34(0.29 %),18070,613586000,28940,983294000,29272786,35.09
16/08/2012,-138130,-4734864000,34.4(1.18 %),39550,1357260000,177680,6092124000,29410916,35.03
17/08/2012,106720,3877149000,36.1(4.94 %),306000,10917048000,199280,7039899000,29304196,35.08
20/08/2012,53230,1956088000,37(2.49 %),63600,2339150000,10370,383062000,29250966,35.1
21/08/2012,399650,14119711000,35.2(-4.86 %),459700,16235910000,60050,2116199000,28851316,35.29
22/08/2012,151260,5284798000,35.3(0.28 %),212100,7385219000,60840,2100421000,28700056,35.37
23/08/2012,5510,184736000,33.6(-4.82 %),9510,320736000,4000,136000000,28694546,35.37
24/08/2012,-94740,-3028880000,34.2(1.79 %),46230,1578230000,140970,4607110000,28789286,35.32
27/08/2012,48130,1576289000,32.5(-4.97 %),181190,5915486000,133060,4339197000,28741156,35.35
28/08/2012,-12670,-423526000,32.7(0.62 %),102640,3306650000,115310,3730176000,28753826,35.34
29/08/2012,14180,478955000,34.1(4.28 %),87260,2959383000,73080,2480428000,28739646,35.35
30/08/2012,300000,10527381000,34.9(2.35 %),303000,10632531000,3000,105150000,28439646,35.49
31/08/2012,192180,6728264000,35.2(0.86 %),210180,7359464000,18000,631200000,28247466,35.58
04/09/2012,-21090,-734900000,34.9(-0.85 %),32710,1141636000,53800,1876536000,28419821,35.5
05/09/2012,-22230,-736669000,34.2(-2.01 %),73720,2540928000,95950,3277597000,28442051,35.49
06/09/2012,-4470,-145092000,33.6(-1.75 %),71230,2421270000,75700,2566362000,28446521,35.49
07/09/2012,2830,96347000,34(1.19 %),42830,1453499000,40000,1357152000,28443691,35.49
10/09/2012,-232160,-7552045000,32.3(-5.00 %),30530,996244000,262690,8548289000,28675851,35.38
11/09/2012,17430,563158000,32.7(1.24 %),21930,709258000,4500,146100000,28658421,35.39
12/09/2012,-13730,-430257000,33.6(2.75 %),23900,797038000,37630,1227295000,28672151,35.38
13/09/2012,124220,4226447000,35(4.17 %),146190,4994293000,21970,767846000,28547931,35.44
14/09/2012,25060,874843000,34.9(-0.29 %),96730,3386748000,71670,2511905000,28522871,35.45
17/09/2012,55610,1931037000,34.3(-1.72 %),58220,2021443000,2610,90406000,28467261,35.48
18/09/2012,138250,4751466000,34(-0.87 %),166270,5716978000,28020,965512000,28329011,35.54
19/09/2012,107370,3736419000,34.8(2.35 %),183960,6340479000,76590,2604060000,28221641,35.59
20/09/2012,87260,3012042000,34.7(-0.29 %),87260,3012042000,0,0,28134381,35.64
21/09/2012,425090,14667703000,34.7(4.52 %),485380,16740087000,60290,2072384000,27709291,35.84
24/09/2012,13060,449859000,33.7(-2.88 %),94770,3208334000,81710,2758475000,27696231,35.84
25/09/2012,76370,2608484000,33.9(0.59 %),87970,3004333000,11600,395849000,27619861,35.88
26/09/2012,-3790,-123685000,33.9(0.00 %),64600,2183550000,68390,2307235000,27623651,35.88
27/09/2012,12360,417427000,33.7(-0.59 %),58200,1967379000,45840,1549952000,27611291,35.88
28/09/2012,66320,2257057000,33.6(-0.30 %),98470,3346031000,32150,1088974000,27544971,35.92
01/10/2012,126520,4241323000,33.6(0.00 %),126640,4245331000,120,4008000,27419831,35.97
02/10/2012,187320,6415028000,34.7(3.27 %),189320,6483428000,2000,68400000,27232511,36.06
03/10/2012,120020,4207184000,35.2(1.44 %),141690,4954959000,21670,747775000,27112491,36.12
04/10/2012,45580,1597271000,35(-0.57 %),78920,2766169000,33340,1168898000,27066911,36.14
05/10/2012,32890,1166153000,35.6(1.71 %),98050,3452113000,65160,2285960000,27034021,36.16
08/10/2012,26140,940488000,36(1.12 %),56320,2027470000,30180,1086982000,27007881,36.17
09/10/2012,10340,367948000,35.7(-0.83 %),53300,1902112000,42960,1534164000,26997541,36.18
10/10/2012,-19790,-725790000,36.6(2.52 %),171130,6242259000,190920,6968049000,27017331,36.17
11/10/2012,8770,326015000,37.2(1.64 %),137320,5101530000,128550,4775515000,27008561,36.17
12/10/2012,51580,1915176000,36.5(-1.88 %),220260,8164222000,168680,6249046000,26956981,36.19
15/10/2012,-26120,-939262000,35.9(-1.64 %),74450,2674375000,100570,3613637000,26983101,36.18
16/10/2012,-13100,-482059000,36.7(2.23 %),90780,3332232000,103880,3814291000,26996201,36.18
17/10/2012,-50070,-1767604000,36(-1.91 %),47430,1704606000,97500,3472210000,27046271,36.15
18/10/2012,33390,1198456000,35.7(-0.83 %),34390,1234256000,1000,35800000,27012881,36.17
19/10/2012,24090,858201000,35.3(-1.12 %),78550,2786710000,54460,1928509000,26988791,36.18
22/10/2012,-24220,-841027000,34.6(-1.98 %),25460,896513000,49680,1737540000,27013011,36.17
23/10/2012,16050,561637000,35(1.16 %),19450,677917000,3400,116280000,26996961,36.18
24/10/2012,15050,529390000,35(0.00 %),15050,529390000,0,0,26981911,36.18
25/10/2012,8000,277426000,34.6(-1.14 %),8000,277426000,0,0,26973911,36.19
26/10/2012,-16380,-591014000,35.6(2.89 %),103790,3684999000,120170,4276013000,26990291,13.7
29/10/2012,-28560,-1006564000,35.2(-1.12 %),30000,1050000000,58560,2056564000,27018851,36.16
30/10/2012,3390,122557000,35(-0.57 %),20840,736737000,17450,614180000,27015461,36.17
31/10/2012,8980,311844000,35(0.00 %),65330,2276564000,56350,1964720000,27006481,36.17
01/11/2012,9270,324844000,35(0.00 %),109700,3844794000,100430,3519950000,27030930,36.16
02/11/2012,43190,1494924000,34.1(-2.57 %),46000,1591900000,2810,96976000,26987740,36.18
05/11/2012,10330,359111000,35(2.64 %),50170,1716852000,39840,1357741000,26977410,36.18
06/11/2012,13360,466780000,35(0.00 %),140400,4913872000,127040,4447092000,26964050,36.19
07/11/2012,-2490,-87958000,35.1(0.29 %),21510,756842000,24000,844800000,26966540,36.19
08/11/2012,32530,1140219000,35.3(0.57 %),187450,6588043000,154920,5447824000,26934010,36.21
09/11/2012,680,24350000,35.3(0.00 %),135730,4794300000,135050,4769950000,26933330,36.21
12/11/2012,-22840,-818698000,36(1.98 %),4800,172758000,27640,991456000,26956170,36.19
13/11/2012,-88390,-3126479000,35.2(-2.22 %),200,7180000,88590,3133659000,27044560,36.15
14/11/2012,3260,115278000,35.3(0.28 %),4060,143518000,800,28240000,27041300,36.15
15/11/2012,2400,85230000,35.2(-0.28 %),6800,240290000,4400,155060000,27038900,36.16
16/11/2012,320,11625000,35(-0.57 %),29870,1046196000,29550,1034571000,27038580,36.16
19/11/2012,9340,327804000,35.1(0.29 %),25390,890810000,16050,563006000,27029240,36.16
20/11/2012,-13770,-483488000,35(-0.28 %),156940,5496852000,170710,5980340000,27043010,36.15
21/11/2012,4120,144396000,35(0.00 %),69960,2454174000,65840,2309778000,27038890,36.16
22/11/2012,21460,750980000,34.6(-1.14 %),26900,941380000,5440,190400000,27017430,36.17
23/11/2012,-1760,-58809000,34.6(0.00 %),10440,362373000,12200,421182000,27019190,36.16
26/11/2012,-150,-4943000,34.3(-0.87 %),6860,236670000,7010,241613000,27019340,36.16
27/11/2012,-430,-12234000,34.1(-0.58 %),7850,270751000,8280,282985000,27019770,36.16
28/11/2012,-11300,-383716000,34(-0.29 %),661620,22517888000,672920,22901604000,27031070,36.16
29/11/2012,1590,55233000,34.1(0.29 %),4960,169836000,3370,114603000,27029480,36.16
30/11/2012,-24520,-790984000,34(-0.29 %),1145236,37249968000,1169756,38040952000,27054000,36.15
03/12/2012,46140,1648195000,35.4(4.12 %),132370,4596941000,86230,2948746000,26967170,36.19
04/12/2012,-16400,-573166000,35(-1.13 %),73210,2560430000,89610,3133596000,26983570,36.18
05/12/2012,-53240,-1868036000,35(0.00 %),105530,3694343000,158770,5562379000,27036810,36.16
06/12/2012,-3280,-113768000,35(0.00 %),770,26776000,4050,140544000,27040090,36.15
07/12/2012,-58890,-2033534000,34.4(-1.71 %),300020,10364999000,358910,12398533000,27098980,36.13
10/12/2012,-18760,-644888000,35(1.74 %),10400,358300000,29160,1003188000,27117740,36.12
11/12/2012,93720,3277262000,35(0.00 %),132080,4617562000,38360,1340300000,27024020,36.16
12/12/2012,26860,944319000,35.3(0.86 %),34680,1220355000,7820,276036000,26997160,36.18
13/12/2012,31830,1117320000,35.1(-0.57 %),52940,1861773000,21110,744453000,26965330,36.19
14/12/2012,-63870,-2228942000,34.7(-1.14 %),34330,1203804000,98200,3432746000,27061030,36.14
17/12/2012,-2490,-94856000,36.4(4.90 %),141210,5089569000,143700,5184425000,27063520,36.14
18/12/2012,72960,2694466000,37(1.65 %),190020,7017373000,117060,4322907000,26990560,36.18
19/12/2012,46640,1785031000,37.4(1.08 %),166880,6125387000,120240,4340356000,26943920,36.2
20/12/2012,181100,6733741000,37.3(-0.27 %),243310,9042716000,62210,2308975000,26762820,36.29
21/12/2012,354170,12929311000,36.1(-3.22 %),625660,22941823000,271490,10012512000,26408650,36.45
24/12/2012,17250,641361000,36.5(1.11 %),43180,1566139000,25930,924778000,26391400,36.46
25/12/2012,81170,2982006000,37(1.37 %),81170,2982006000,0,0,26310230,36.5
26/12/2012,-25800,-916642000,37(0.00 %),39200,1441858000,65000,2358500000,26336030,36.49
27/12/2012,37000,1381343000,37.5(1.35 %),38300,1429313000,1300,47970000,26299030,36.51
28/12/2012,18650,698494000,37.5(0.00 %),24850,927894000,6200,229400000,26280380,36.52
02/01/2013,25200,955603000,37.9(1.07 %),44220,1674803000,19020,719200000,26285310,36.51
03/01/2013,72940,2822147000,39(2.90 %),203230,7770770000,130290,4948623000,26212370,36.55
04/01/2013,57790,2267264000,39.5(1.28 %),159490,6291273000,101700,4024009000,26154580,36.58
07/01/2013,207200,8487353000,41.4(4.81 %),519980,21287694000,312780,12800341000,25947380,36.67
08/01/2013,74320,3224070000,42(1.45 %),374290,15901204000,299970,12677134000,25873060,36.71
09/01/2013,71750,3265537000,43(2.38 %),493410,20676013000,421660,17410476000,25801310,36.74
10/01/2013,95980,4178028000,44(2.33 %),237970,10304256000,141990,6126228000,25705330,36.79
11/01/2013,2800,170584000,43.1(-2.05 %),253000,10966193000,250200,10795609000,25702530,36.79
14/01/2013,31820,1369626000,43(-0.23 %),222810,9431185000,190990,8061559000,25670710,36.81
15/01/2013,22310,989478000,43.6(1.40 %),251110,10901419000,228800,9911941000,25648400,36.82
16/01/2013,33810,1463696000,43.1(-1.15 %),124460,5387545000,90650,3923849000,25614590,36.83
17/01/2013,42790,1846379000,42.6(-1.16 %),58040,2503064000,15250,656685000,25571800,36.85
18/01/2013,17040,712859000,42.1(-1.17 %),130630,5518752000,113590,4805893000,25554760,36.86
21/01/2013,5850,245644000,42(-0.24 %),172790,7258981000,166940,7013337000,25548910,36.86
22/01/2013,24400,1020460000,41.3(-1.67 %),177740,7444707000,153340,6424247000,25524510,36.87
23/01/2013,-67530,-2564106000,41.1(-0.48 %),144170,5853481000,211700,8417587000,25592040,36.84
24/01/2013,6610,270374000,41.1(0.00 %),31960,1317694000,25350,1047320000,25585430,36.85
25/01/2013,-11790,-498922000,42.4(3.16 %),184920,7812898000,196710,8311820000,25597220,36.84
28/01/2013,-17490,-756501000,43(1.42 %),232960,10013269000,250450,10769770000,25614710,36.83
29/01/2013,82760,3641215000,44.2(2.79 %),400430,17448389000,317670,13807174000,25531950,36.87
30/01/2013,117900,5439452000,47(6.33 %),284180,12875998000,166280,7436546000,25414050,36.93
31/01/2013,16500,800405000,46(-2.13 %),185860,8716541000,169360,7916136000,25397550,36.94
01/02/2013,-316580,-13699468000,43(-6.52 %),221450,9607522000,538030,23306990000,24742333,37.25
04/02/2013,-208940,-8884867000,42(-2.33 %),82360,3502620000,291300,12387487000,24951273,37.15
05/02/2013,-42100,-1748803000,41.5(-1.19 %),272520,11409933000,314620,13158736000,24993373,37.13
06/02/2013,-115960,-4970515000,43(3.61 %),424230,18167683000,540190,23138198000,25109333,37.07
07/02/2013,-31390,-1376108000,43.5(1.16 %),57120,2498923000,88510,3875031000,25140723,37.06
08/02/2013,-101090,-4391046000,43.4(-0.23 %),38650,1678404000,139740,6069450000,25241813,37.01
18/02/2013,-84260,-3682951000,43.9(1.15 %),146850,6413558000,231110,10096509000,25326073,36.97
19/02/2013,-29200,-1252545000,43.5(-0.91 %),162760,7063561000,191960,8316106000,25355273,36.96
20/02/2013,-5450,-219693000,44(1.15 %),183470,8042887000,188920,8262580000,25360723,36.95
21/02/2013,76800,3300397000,42.3(-3.86 %),195280,8490446000,118480,5190049000,25283923,36.99
22/02/2013,87960,3728653000,42.8(1.18 %),225460,9588958000,137500,5860305000,25195963,37.03
25/02/2013,-28210,-1207482000,42.9(0.23 %),70290,3008800000,98500,4216282000,25224173,37.02
26/02/2013,-29000,-1077577000,40.2(-6.29 %),238030,10015851000,267030,11093428000,25253173,37.0
27/02/2013,-149550,-5926056000,39.5(-1.74 %),354060,14169496000,503610,20095552000,25402723,36.93
28/02/2013,-182950,-7289932000,39.5(0.00 %),52690,2101751000,235640,9391683000,25585673,36.85
01/03/2013,-165710,-6467570000,38.5(-2.53 %),93180,3647636000,258890,10115206000,25713781,36.78
04/03/2013,-62830,-2330447000,36.6(-4.94 %),43550,1656400000,106380,3986847000,25776611,36.76
05/03/2013,-189420,-6784784000,35.1(-4.10 %),66000,2392625000,255420,9177409000,25966031,36.67
06/03/2013,46410,1684972000,37.5(6.84 %),96720,3556472000,50310,1871500000,25919621,36.69
07/03/2013,-26450,-983890000,39.2(4.53 %),197010,7722999000,223460,8706889000,25946071,36.67
08/03/2013,47480,1866398000,39.7(1.28 %),157990,6240740000,110510,4374342000,25898591,36.7
11/03/2013,102050,4132907000,40.7(2.52 %),451060,18275077000,349010,14142170000,25796541,36.75
12/03/2013,186590,7540381000,40.4(-0.74 %),432550,17476836000,245960,9936455000,25609951,36.83
13/03/2013,143300,5832087000,40.8(0.99 %),323850,13194263000,180550,7362176000,25466651,36.9
14/03/2013,11050,447454000,40.5(-0.74 %),44460,1800356000,33410,1352902000,25455601,36.91
15/03/2013,234370,9875985000,42.3(4.44 %),621760,26132283000,387390,16256298000,25221231,37.02
18/03/2013,-30170,-1248739000,41.1(-2.84 %),177390,7304784000,207560,8553523000,25251401,37.0
19/03/2013,-39350,-1614153000,41(-0.24 %),270090,11072875000,309440,12687028000,25290751,36.99
20/03/2013,-70600,-2907599000,41.2(0.49 %),223220,9185667000,293820,12093266000,25361351,36.95
21/03/2013,76680,3184966000,41.5(0.73 %),165950,6894585000,89270,3709619000,25284671,36.99
22/03/2013,26860,1091286000,40.6(-2.17 %),163490,6703028000,136630,5611742000,25257811,37.0
25/03/2013,160570,6668009000,41.8(2.96 %),183680,7631431000,23110,963422000,25097241,37.08
26/03/2013,200760,8522896000,42.4(1.44 %),402900,17099878000,202140,8576982000,24896481,37.17
27/03/2013,79780,3383964000,42.4(0.00 %),307350,13021021000,227570,9637057000,24816701,37.21
28/03/2013,-25420,-1077188000,42.4(0.00 %),31040,1317296000,56460,2394484000,24842121,37.2
29/03/2013,14880,630758000,42.4(0.00 %),30900,1308892000,16020,678134000,24827241,37.21
01/04/2013,-163770,-7099888000,43.4(2.36 %),36920,1586913000,200690,8686801000,25691301,36.8
02/04/2013,-89470,-3971980000,44.5(2.53 %),230120,10192792000,319590,14164772000,25780771,36.75
03/04/2013,171800,7640515000,44.4(-0.22 %),350440,15583696000,178640,7943181000,25608971,36.83
04/04/2013,17170,752779000,43.7(-1.58 %),172430,7454712000,155260,6701933000,25591801,36.84
05/04/2013,47820,2085045000,43.6(-0.23 %),55720,2429605000,7900,344560000,25543981,36.87
08/04/2013,-45040,-1977788000,43.7(0.23 %),29660,1310087000,74700,3287875000,25589021,36.84
09/04/2013,-40180,-1756387000,43.7(0.00 %),15820,694033000,56000,2450420000,25629201,36.83
10/04/2013,-111490,-4527061000,41.3(-5.49 %),124820,5444482000,236310,9971543000,25740691,36.77
11/04/2013,-28020,-1160920000,42.4(2.66 %),61130,2577068000,89150,3737988000,25768711,36.76
12/04/2013,4930,193425000,41.5(-2.12 %),228910,9478171000,223980,9284746000,25763781,36.76
15/04/2013,109560,4508140000,41(-1.20 %),109560,4508140000,0,0,25654221,36.81
16/04/2013,-13590,-510159000,41.5(1.22 %),98070,3964063000,111660,4474222000,25667811,36.81
17/04/2013,-3170,-123215000,41.5(0.00 %),8830,362045000,12000,485260000,25670981,36.81
18/04/2013,-176260,-6999150000,39.6(-4.58 %),39870,1577272000,216130,8576422000,25847241,36.72
22/04/2013,-46920,-1835686000,39.5(-0.25 %),21000,820900000,67920,2656586000,25894161,36.7
23/04/2013,-95790,-3758741000,39(-1.27 %),60200,2357900000,155990,6116641000,25989951,36.65
24/04/2013,28220,1135328000,39.6(1.54 %),124840,4970909000,96620,3835581000,25961731,36.67
25/04/2013,830,32588000,40.1(1.26 %),3290,130842000,2460,98254000,25960901,36.67
26/04/2013,-36800,-1488835000,40(-0.25 %),73570,2944435000,110370,4433270000,25997701,36.65
02/05/2013,-39120,-1545525000,39.3(-1.75 %),146960,5809858000,186080,7355383000,26084031,36.61
03/05/2013,-29200,-1147931000,40(1.78 %),146850,5789264000,176050,6937195000,26113231,36.6
06/05/2013,-10360,-418865000,40.7(1.75 %),42070,1713712000,52430,2132577000,26123591,36.59
07/05/2013,98510,4026448000,41(0.74 %),127250,5203666000,28740,1177218000,26025081,36.64
08/05/2013,46530,1923351000,41.5(1.22 %),136530,5633351000,90000,3710000000,25978551,36.66
09/05/2013,-32210,-1332018000,41(-1.20 %),37370,1537240000,69580,2869258000,26010761,36.64
10/05/2013,10570,432460000,41.1(0.24 %),192870,7908494000,182300,7476034000,26000191,36.65
13/05/2013,20190,830514000,41(-0.24 %),77790,3192910000,57600,2362396000,25980001,36.66
14/05/2013,23820,975140000,40.6(-0.98 %),152210,6200600000,128390,5225460000,25956181,36.67
15/05/2013,122140,5026811000,41.2(1.48 %),316890,13049670000,194750,8022859000,25834041,36.73
16/05/2013,3870,162262000,41.8(1.46 %),473160,19615207000,469290,19452945000,25830171,36.73
17/05/2013,54660,2292159000,41.8(0.00 %),245580,10295960000,190920,8003801000,25775511,36.76
20/05/2013,93030,3863405000,42.2(0.96 %),238390,9965467000,145360,6102062000,25682481,36.8
21/05/2013,71610,3099560000,42.9(1.66 %),515910,22164200000,444300,19064640000,25610871,36.83
22/05/2013,194100,8482612000,45.2(5.36 %),541080,23875800000,346980,15393188000,25416771,36.93
23/05/2013,-18230,-807953000,44.5(-1.55 %),124310,5572654000,142540,6380607000,25435001,36.92
24/05/2013,-16990,-763738000,45.1(1.35 %),332400,14983172000,349390,15746910000,25451991,36.91
27/05/2013,-57820,-2621581000,46.9(3.99 %),162550,7604925000,220370,10226506000,25509811,36.88
28/05/2013,121650,5813419000,48.5(3.41 %),357690,17110855000,236040,11297436000,25388161,36.94
29/05/2013,49170,2341653000,47.9(-1.24 %),449500,21748066000,400330,19406413000,25338991,36.96
30/05/2013,95960,4576568000,49.5(3.34 %),198590,9578167000,102630,5001599000,25243031,37.01
31/05/2013,13630,740185000,50(1.01 %),494420,25353195000,480790,24613010000,25229401,37.02
03/06/2013,-309210,-15468396000,49.5(-1.00 %),199200,9943129000,508410,25411525000,24600013,37.31
04/06/2013,67860,3356642000,49.3(-0.40 %),279000,13805373000,211140,10448731000,24532153,37.35
05/06/2013,127810,6280841000,50(1.42 %),167380,8248141000,39570,1967300000,24404343,37.41
06/06/2013,84810,4217084000,49.9(-0.20 %),106860,5316343000,22050,1099259000,24319533,37.45
07/06/2013,-54440,-2719232000,49.7(-0.40 %),196630,9771988000,251070,12491220000,24373973,37.42
10/06/2013,-63490,-3350570000,52.5(5.63 %),82520,4345620000,146010,7696190000,24437463,37.39
11/06/2013,46370,2358490000,51.5(-1.90 %),73270,3741735000,26900,1383245000,24391093,37.41
12/06/2013,-151510,-7587739000,49.8(-3.30 %),78710,3937217000,230220,11524956000,24542603,37.34
13/06/2013,145420,7395498000,52.5(5.42 %),303200,15291502000,157780,7896004000,24397183,37.41
14/06/2013,-138070,-6907910000,50(-4.76 %),212270,10748750000,350340,17656660000,24535253,37.34
17/06/2013,-110100,-5378997000,48(-4.00 %),419940,20508232000,530040,25887229000,24645353,37.29
18/06/2013,-248360,-11991097000,47.9(-0.21 %),382770,18522767000,631130,30513864000,24893713,37.17
19/06/2013,-493060,-23766568000,48(0.21 %),610170,29412580000,1103230,53179148000,25386773,36.94
20/06/2013,-59620,-2876221000,49.2(2.50 %),192500,9382853000,252120,12259074000,25446393,36.91
21/06/2013,-388470,-18756002000,48.2(-2.03 %),279230,13492002000,667700,32248004000,25834863,36.73
24/06/2013,5280,231809000,47.8(-0.83 %),341900,16336323000,336620,16104514000,25829583,36.73
25/06/2013,-115320,-5016234000,45.5(-4.81 %),444470,20274894000,559790,25291128000,25944903,36.68
26/06/2013,-92310,-4192835000,46(1.10 %),636180,28814812000,728490,33007647000,26037213,36.63
27/06/2013,53700,2528941000,48(4.35 %),129630,6101793000,75930,3572852000,25983513,36.66
28/06/2013,66000,3113634000,47.2(-1.67 %),67000,3160934000,1000,47300000,25917513,36.69
01/07/2013,64850,3037825000,47.1(-0.21 %),78230,3663751000,13380,625926000,26379169,36.47
02/07/2013,38400,1856859000,49(4.03 %),166870,8087082000,128470,6230223000,26340769,36.49
03/07/2013,50560,2513990000,49(0.00 %),131240,6474955000,80680,3960965000,26290209,36.51
04/07/2013,-97750,-4804768000,49(0.00 %),218660,10726540000,316410,15531308000,26387959,36.46
05/07/2013,148080,7275782000,49(0.00 %),148080,7275782000,0,0,26239879,36.53
08/07/2013,154580,7523106000,48.8(-0.41 %),247580,12046678000,93000,4523572000,26085299,36.61
09/07/2013,62000,3018515000,48.8(0.00 %),66400,3232115000,4400,213600000,26023299,36.64
10/07/2013,103250,5070481000,49.1(0.61 %),180600,8868937000,77350,3798456000,25920049,36.69
11/07/2013,31630,1549161000,49.5(0.81 %),62730,3076032000,31100,1526871000,25888419,36.7
12/07/2013,11660,581611000,50.5(2.02 %),106560,5376370000,94900,4794759000,25876759,36.71
15/07/2013,50990,2592575000,50.5(0.00 %),82460,4186730000,31470,1594155000,25825769,36.73
16/07/2013,-9340,-468420000,50.5(0.00 %),84740,4277870000,94080,4746290000,25835109,36.73
17/07/2013,92660,4690135000,50.5(0.00 %),156660,7922365000,64000,3232230000,25742449,36.77
18/07/2013,10750,539785000,50.5(0.00 %),71950,3628485000,61200,3088700000,25731699,36.78
19/07/2013,28940,1463970000,50.5(0.00 %),69120,3493060000,40180,2029090000,25702759,36.79
22/07/2013,119930,6221745000,52(2.97 %),137410,7126715000,17480,904970000,25582829,36.85
23/07/2013,64550,3351600000,52(0.00 %),1205707,58603579000,1141157,55251979000,25518279,36.88
24/07/2013,-105990,-5317299000,50(-3.85 %),161050,8103501000,267040,13420800000,25624269,36.83
25/07/2013,27460,1344873000,49(-2.00 %),127430,6258870000,99970,4913997000,25596809,36.84
26/07/2013,58460,2852932000,49.9(1.84 %),83290,4068052000,24830,1215120000,25538349,36.87
29/07/2013,61690,3033801000,49.1(-1.60 %),67290,3308962000,5600,275161000,25476659,36.9
30/07/2013,27430,1361254000,50(1.83 %),126810,6333914000,99380,4972660000,25449229,36.91
31/07/2013,14790,758609000,50.5(1.00 %),100930,5082482000,86140,4323873000,25434439,36.92
01/08/2013,28500,1451765000,51(0.99 %),32650,1663335000,4150,211570000,25976355,36.66
02/08/2013,65010,3329295000,51.5(0.98 %),102370,5242170000,37360,1912875000,25911345,36.69
05/08/2013,21710,1108205000,51(-0.97 %),24590,1255885000,2880,147680000,25889635,36.7
06/08/2013,-19620,-988095000,51.5(0.98 %),47270,2409860000,66890,3397955000,25909255,36.69
07/08/2013,198200,10389170000,53(2.91 %),241800,12679870000,43600,2290700000,25711055,36.79
08/08/2013,0,0,52(-1.89 %),0,0,0,0,25711055,36.79
09/08/2013,176050,9544695000,55(5.77 %),241170,13081155000,65120,3536460000,25535005,36.87
12/08/2013,95940,5358765000,56.5(2.73 %),117980,6587110000,22040,1228345000,25439065,36.92
13/08/2013,175740,10071775000,57.5(1.77 %),194780,11158525000,19040,1086750000,25263325,37.0
14/08/2013,102480,5891550000,59(2.61 %),226880,13085350000,124400,7193800000,25160845,37.05
15/08/2013,24250,1401300000,58.5(-0.85 %),46200,2689625000,21950,1288325000,25136595,37.06
16/08/2013,40010,2299385000,58(-0.85 %),52410,3013835000,12400,714450000,25096585,45.92
19/08/2013,-31410,-1877065000,60.5(4.31 %),92690,5626760000,124100,7503825000,25127995,45.91
20/08/2013,-90650,-5422990000,59.5(-1.65 %),62960,3827715000,153610,9250705000,25218645,45.87
21/08/2013,-8680,-490635000,59(-0.84 %),93660,5485250000,102340,5975885000,25227325,45.86
22/08/2013,191510,11015220000,58(-1.69 %),286950,16531410000,95440,5516190000,25035815,45.95
23/08/2013,-57440,-3349165000,58.5(0.86 %),158480,9178218000,215920,12527383000,25093255,45.92
26/08/2013,-82200,-4770090000,59(0.85 %),303480,17472730000,385680,22242820000,25175455,45.89
27/08/2013,21020,1221150000,58(-1.69 %),40000,2325000000,18980,1103850000,25154435,45.9
28/08/2013,121640,6904795000,56(-3.45 %),462520,26236160000,340880,19331365000,25032795,45.95
29/08/2013,31560,1778055000,56(0.00 %),296740,16691590000,265180,14913535000,25001235,45.97
30/08/2013,175360,9951530000,58.5(4.46 %),197060,11167505000,21700,1215975000,24825875,46.05
03/09/2013,34090,1993640000,58.5(0.00 %),53750,3153230000,19660,1159590000,25327985,45.81
04/09/2013,-7730,-458845000,58(-0.85 %),38380,2233540000,46110,2692385000,25335715,45.81
05/09/2013,15450,897600000,59(1.72 %),21500,1249500000,6050,351900000,25320265,45.82
06/09/2013,-76480,-4475330000,58.5(-0.85 %),4000,235250000,80480,4710580000,25396745,45.78
09/09/2013,-17660,-1033920000,57.5(-1.71 %),55900,3196750000,73560,4230670000,25414405,45.77
10/09/2013,-61600,-3602665000,58.5(1.74 %),16610,971585000,78210,4574250000,25476005,45.74
11/09/2013,-41200,-2420435000,58(-0.85 %),4700,273000000,45900,2693435000,25517205,45.72
12/09/2013,-21860,-1264870000,58.5(0.86 %),9260,537080000,31120,1801950000,25539065,45.71
13/09/2013,5270,305710000,58.5(0.00 %),50810,2954965000,45540,2649255000,25533795,45.72
16/09/2013,-150400,-8733330000,57.5(-1.71 %),43600,2519760000,194000,11253090000,25684195,45.64
17/09/2013,179970,10845010000,61.5(6.96 %),186680,11241575000,6710,396565000,25504225,45.73
18/09/2013,-53240,-3172120000,59.5(-3.25 %),63480,3906460000,116720,7078580000,25557465,45.7
19/09/2013,9250,646545000,63(5.88 %),102420,6383550000,93170,5737005000,25548215,45.71
20/09/2013,193450,11950885000,61.5(-2.38 %),198880,12288960000,5430,338075000,25354765,45.8
23/09/2013,18920,1181300000,62(0.81 %),26650,1661560000,7730,480260000,25335845,45.81
24/09/2013,4440,278455000,62.5(0.81 %),15260,953805000,10820,675350000,25331405,38.81
25/09/2013,10910,694170000,64(2.40 %),14410,915670000,3500,221500000,25320495,38.81
26/09/2013,67940,4350660000,64(0.00 %),73020,4675330000,5080,324670000,25252555,38.84
27/09/2013,45390,2902705000,64(0.00 %),119730,7669808000,74340,4767103000,25207165,38.86
30/09/2013,118650,7695945000,65.5(2.34 %),137750,8928395000,19100,1232450000,25088515,38.9
01/10/2013,-2390,-166310000,64.5(-1.53 %),70790,4585090000,73180,4751400000,25415407,38.77
02/10/2013,91010,5919340000,64.5(0.00 %),110380,7179890000,19370,1260550000,25324397,38.81
03/10/2013,55190,3560850000,65(0.78 %),84600,5459000000,29410,1898150000,25269207,38.83
04/10/2013,33650,2217080000,66(1.54 %),35150,2314580000,1500,97500000,25235557,38.85
07/10/2013,24980,1687485000,67.5(2.27 %),84980,5757485000,60000,4070000000,25210577,38.86
08/10/2013,4500,301280000,68(0.74 %),18000,1216500000,13500,915220000,25206077,38.86
09/10/2013,36950,2518480000,69(1.47 %),80000,5445930000,43050,2927450000,25169127,38.87
10/10/2013,-2200,-165180000,66.5(-3.62 %),141500,9529845000,143700,9695025000,25171327,38.87
11/10/2013,29910,2016300000,66.5(0.00 %),174360,11628420000,144450,9612120000,25141417,38.88
14/10/2013,114780,7701835000,68(2.26 %),115800,7769155000,1020,67320000,25026637,38.93
15/10/2013,15280,1032885000,67.5(-0.74 %),83930,5650510000,68650,4617625000,25011357,38.94
16/10/2013,53320,3594775000,68(0.74 %),54320,3662275000,1000,67500000,24958037,38.96
17/10/2013,19750,1344750000,68.5(0.74 %),86000,5848000000,66250,4503250000,24938287,38.96
18/10/2013,113030,7725965000,68.5(0.00 %),113190,7736845000,160,10880000,24825257,39.01
21/10/2013,38300,2622550000,68.5(0.00 %),194800,13342639000,156500,10720089000,24786957,39.03
22/10/2013,26570,1800325000,68(-0.73 %),111860,7610480000,85290,5810155000,24760387,39.04
23/10/2013,81670,5623210000,68(0.00 %),111890,7688660000,30220,2065450000,24678717,39.07
24/10/2013,-29570,-2008230000,67.5(-0.74 %),86420,5859281000,115990,7867511000,24708287,39.06
25/10/2013,14460,977730000,67(-0.74 %),15790,1068170000,1330,90440000,24693827,39.06
28/10/2013,37000,2490000000,67(0.00 %),37000,2490000000,0,0,24656827,39.08
29/10/2013,25130,1656095000,65.5(-2.24 %),30000,1980000000,4870,323905000,24631697,39.09
30/10/2013,-42730,-2804830000,65.5(0.00 %),20260,1324400000,62990,4129230000,24674427,39.07
31/10/2013,-190510,-12207500000,63.5(-3.05 %),38900,2507350000,229410,14714850000,24864937,38.99
01/11/2013,-127830,-8053265000,62.5(-1.57 %),38840,2440827000,166670,10494092000,24674229,39.07
04/11/2013,-1030,-54410000,64.5(3.20 %),37440,2389630000,38470,2444040000,24675259,39.07
05/11/2013,124480,8160445000,66.5(3.10 %),125230,8208570000,750,48125000,24550779,39.12
06/11/2013,101570,6790520000,67.5(1.50 %),150030,10028110000,48460,3237590000,24449209,39.16
07/11/2013,27300,1806355000,65.5(-2.96 %),46780,3097915000,19480,1291560000,24421909,39.17
08/11/2013,-9400,-606600000,64(-2.29 %),600,38400000,10000,645000000,24431309,39.17
11/11/2013,28710,1867440000,65.5(2.34 %),30000,1950000000,1290,82560000,24402599,39.18
12/11/2013,-72020,-4635505000,64(-2.29 %),13440,860510000,85460,5496015000,24474619,39.15
13/11/2013,18810,1201910000,64(0.00 %),65770,4209880000,46960,3007970000,24455809,39.16
14/11/2013,-19380,-1239820000,64(0.00 %),0,0,19380,1239820000,24475189,39.15
15/11/2013,-36330,-2338785000,64.5(0.78 %),0,0,36330,2338785000,24511519,39.14
18/11/2013,-10260,-661845000,64.5(0.00 %),38620,2490990000,48880,3152835000,24521779,39.13
19/11/2013,-34070,-2184330000,64.5(0.00 %),38420,2492760000,72490,4677090000,24555849,39.12
20/11/2013,-70900,-4605000000,65(0.78 %),118980,7733180000,189880,12338180000,24626749,39.48
21/11/2013,-53220,-3487370000,65.5(0.77 %),139460,9105100000,192680,12592470000,24679969,39.46
22/11/2013,98400,6503730000,67(2.29 %),162780,10815500000,64380,4311770000,24581569,39.5
25/11/2013,87850,6009355000,68(1.49 %),101360,6928315000,13510,918960000,24493719,39.54
26/11/2013,198550,13697480000,69.5(2.21 %),264630,18268915000,66080,4571435000,24295169,39.62
27/11/2013,69870,4889195000,68.5(-1.44 %),109510,7635215000,39640,2746020000,24225299,39.65
28/11/2013,-6530,-444440000,67.5(-1.46 %),500,34400000,7030,478840000,24231829,39.64
29/11/2013,96640,6639740000,69.5(2.96 %),96940,6660140000,300,20400000,24135189,39.68
02/12/2013,72220,4624580000,64(2.73 %),72220,4624580000,0,0,25421132,39.16
03/12/2013,-148360,-9401810000,63(-1.56 %),6100,390265000,154460,9792075000,25569492,39.11
04/12/2013,-38690,-2419870000,63(0.00 %),13290,833520000,51980,3253390000,25608182,39.09
05/12/2013,-7720,-481615000,62(-1.59 %),0,0,7720,481615000,25615902,39.09
06/12/2013,20620,1272940000,62(0.00 %),38400,2375300000,17780,1102360000,25595282,39.09
09/12/2013,355180,22070860000,62.5(0.81 %),404360,25137960000,49180,3067100000,25240102,39.24
10/12/2013,152690,9445930000,62(-0.80 %),202740,12524800000,50050,3078870000,25087412,39.3
11/12/2013,170520,10373150000,60.5(-2.42 %),270520,16454150000,100000,6081000000,24916892,39.37
12/12/2013,348830,20784500000,60.5(0.00 %),356330,21233200000,7500,448700000,24568062,39.51
13/12/2013,353810,21049830000,60(-0.83 %),360500,21451230000,6690,401400000,24214252,39.65
16/12/2013,390390,23402710000,60(0.00 %),550540,33024230000,160150,9621520000,23823862,39.81
17/12/2013,-43900,-2679440000,61.5(2.50 %),62860,3833030000,106760,6512470000,23867762,39.79
18/12/2013,199890,12294790000,62(0.81 %),200970,12361210000,1080,66420000,23667872,39.87
19/12/2013,-20090,-1200495000,60.5(-2.42 %),140400,8569300000,160490,9769795000,23687962,39.86
20/12/2013,-202750,-12106700000,60(-0.83 %),443360,26662400000,646110,38769100000,23890712,39.78
23/12/2013,215710,12932295000,60(0.00 %),295880,17754300000,80170,4822005000,23675002,39.87
24/12/2013,-37070,-2239235000,60.5(0.83 %),101600,6146550000,138670,8385785000,23712072,39.85
25/12/2013,50680,3090480000,61(0.83 %),50680,3090480000,0,0,23661392,39.87
26/12/2013,317010,19431180000,61.5(0.82 %),317010,19431180000,0,0,23344382,40.82
27/12/2013,213010,13100115000,61.5(0.00 %),213010,13100115000,0,0,23131372,40.9
30/12/2013,332010,20304640000,60.5(-1.63 %),336230,20562870000,4220,258230000,22799362,41.02
31/12/2013,167540,10204895000,61(0.83 %),170160,10364715000,2620,159820000,22631822,41.08
02/01/2014,46950,2851635000,61(0.00 %),50590,3073195000,3640,221560000,25160844,40.16
03/01/2014,16720,1010225000,60(-1.64 %),17510,1058020000,790,47795000,25144124,40.17
06/01/2014,11040,661130000,60.5(0.83 %),91630,5509115000,80590,4847985000,25133084,40.17
07/01/2014,127580,7726090000,61(0.83 %),136070,8239735000,8490,513645000,25005504,40.22
08/01/2014,275740,17389785000,65(6.56 %),438860,27752072000,163120,10362287000,24729764,40.32
09/01/2014,20130,1357825000,65.5(0.77 %),388720,25191985000,368590,23834160000,24709634,40.32
10/01/2014,-11440,-736735000,64.5(-1.53 %),224480,14589565000,235920,15326300000,24721074,40.32
13/01/2014,147550,9740875000,66.5(3.10 %),151850,10026825000,4300,285950000,24573524,40.37
14/01/2014,190260,12974340000,68.5(3.01 %),219370,14962015000,29110,1987675000,24383264,40.44
15/01/2014,16080,1075965000,68.5(0.00 %),129650,8882790000,113570,7806825000,24367184,40.45
16/01/2014,6740,462495000,68.5(0.00 %),190360,13008395000,183620,12545900000,24360444,40.45
17/01/2014,3220,205100000,68.5(0.00 %),599110,41540575000,595890,41335475000,24357224,40.45
20/01/2014,267030,18561415000,69.5(1.46 %),439130,30523900000,172100,11962485000,24090194,40.55
21/01/2014,219270,15740665000,74(6.47 %),324740,23323477000,105470,7582812000,23870924,40.63
22/01/2014,6320,613850000,70(-5.41 %),107510,7896867000,101190,7283017000,23864604,37.23
23/01/2014,211480,15324745000,73(4.29 %),254170,18432945000,42690,3108200000,23653124,37.3
24/01/2014,52330,3818520000,73.5(0.68 %),83240,6072920000,30910,2254400000,23600794,37.32
27/01/2014,-58140,-4178220000,72(-2.04 %),98690,7087788000,156830,11266008000,23658934,37.3
06/02/2014,-282310,-19713545000,69(-4.17 %),96490,6740568000,378800,26454113000,23403186,37.38
07/02/2014,79080,5511515000,70(1.45 %),152390,10606810000,73310,5095295000,23324106,37.41
10/02/2014,10840,763010000,71.5(2.14 %),30840,2174505000,20000,1411495000,23313266,37.41
11/02/2014,83380,5968920000,71.5(0.00 %),123380,8831670000,40000,2862750000,23229886,37.44
12/02/2014,29720,2121995000,72(0.70 %),32840,2342480000,3120,220485000,23200166,37.45
13/02/2014,39500,2870730000,73(1.39 %),50800,3689880000,11300,819150000,23160666,37.46
14/02/2014,208300,15427330000,74(1.37 %),221770,16419795000,13470,992465000,22952366,37.53
17/02/2014,-9170,-692595000,73.5(-0.68 %),86400,6402500000,95570,7095095000,22961536,37.53
18/02/2014,247250,18543575000,76.5(4.08 %),257270,19284755000,10020,741180000,22714286,37.61
19/02/2014,56260,4492710000,80.5(5.23 %),65660,5243210000,9400,750500000,22658026,37.63
20/02/2014,-47630,-3665710000,75.5(-6.21 %),30640,2358688000,78270,6024398000,22705656,37.62
21/02/2014,-8130,-604885000,75.5(0.00 %),33670,2548530000,41800,3153415000,22713786,37.61
24/02/2014,138280,10858300000,80(5.96 %),141390,11099335000,3110,241035000,22575506,37.66
25/02/2014,-46880,-3712070000,79(-1.25 %),37340,2952030000,84220,6664100000,22622386,37.64
26/02/2014,65130,5134695000,79.5(0.63 %),65130,5134695000,0,0,22557256,37.67
27/02/2014,86630,6853425000,78(-1.89 %),97550,7717685000,10920,864260000,22470626,37.7
28/02/2014,-46510,-3914375000,81.5(4.49 %),212200,16874580000,258710,20788955000,22517136,37.68
03/03/2014,-202290,-16007620000,78(-4.29 %),52880,4193830000,255170,20201450000,22743185,37.6
04/03/2014,-193050,-14782020000,77(-1.28 %),184430,14142220000,377480,28924240000,22936235,37.54
05/03/2014,-107620,-8426655000,78.5(1.95 %),302500,23649177000,410120,32075832000,23043855,37.5
06/03/2014,-14820,-1166360000,78.5(0.00 %),213320,16880305000,228140,18046665000,23058675,40.93
07/03/2014,-29060,-2281115000,78(-0.64 %),92540,7253303000,121600,9534418000,23087735,37.49
10/03/2014,-139370,-10849515000,77.5(-0.64 %),131310,10240340000,270680,21089855000,23227105,37.44
11/03/2014,55900,4447815000,79.5(2.58 %),341200,26938186000,285300,22490371000,23171205,37.46
12/03/2014,-214710,-17396400000,80(0.63 %),246290,19968790000,461000,37365190000,23385915,37.39
13/03/2014,-60040,-4808055000,80.5(0.62 %),90520,7244075000,150560,12052130000,23445955,37.37
14/03/2014,-195730,-15789275000,80.5(0.00 %),175450,14157225000,371180,29946500000,23641685,37.3
17/03/2014,138650,10929815000,78.5(-2.48 %),227660,17949450000,89010,7019635000,23503035,37.35
18/03/2014,-99510,-7849390000,79.5(1.27 %),100000,7906500000,199510,15755890000,23602545,37.32
19/03/2014,-198800,-15897510000,80(0.63 %),106600,8503625000,305400,24401135000,23801345,37.25
20/03/2014,-59510,-4746290000,79.5(-0.62 %),67910,5390845000,127420,10137135000,23860855,37.23
21/03/2014,-1948830,-152457025000,78(-1.89 %),877080,68587890000,2825910,221044915000,25809685,36.58
24/03/2014,-300380,-24203605000,82.5(5.77 %),201410,16327735000,501790,40531340000,26110065,36.48
25/03/2014,48600,3945705000,81(-1.82 %),162400,13218315000,113800,9272610000,26061465,39.83
26/03/2014,-41460,-3322305000,79(-2.47 %),38030,3014185000,79490,6336490000,26102925,39.82
27/03/2014,148810,11857285000,81(2.53 %),216040,17202570000,67230,5345285000,25954115,39.87
28/03/2014,206070,16757450000,83(2.47 %),296380,24169490000,90310,7412040000,25748045,39.94
31/03/2014,74190,6170650000,83(0.00 %),156220,13008660000,82030,6838010000,25673855,39.97
01/04/2014,113890,9371970000,82(-1.20 %),152000,12535105000,38110,3163135000,25807094,39.92
02/04/2014,30080,2411155000,82(0.00 %),110740,8955680000,80660,6544525000,25777014,39.93
03/04/2014,-22280,-1841030000,82.5(0.61 %),34070,2799275000,56350,4640305000,25799294,39.93
04/04/2014,6350,524490000,84(1.82 %),20650,1714445000,14300,1189955000,25792944,39.93
07/04/2014,-31580,-2550580000,86.5(2.98 %),116730,10121900000,148310,12672480000,25824524,39.92
08/04/2014,64950,5616920000,87(0.58 %),81060,7009685000,16110,1392765000,25759574,39.94
10/04/2014,-40960,-3576960000,87(0.00 %),123000,10723510000,163960,14300470000,25800534,39.93
11/04/2014,-52200,-4501800000,87(0.00 %),33190,2858340000,85390,7360140000,25852734,39.91
14/04/2014,22030,1903695000,85.5(-1.72 %),24030,2075695000,2000,172000000,25830704,39.91
15/04/2014,74370,6271275000,82.5(-3.51 %),113400,9535745000,39030,3264470000,25756334,39.94
16/04/2014,-53390,-4286935000,81.5(-1.21 %),200090,16224775000,253480,20511710000,25809724,39.92
17/04/2014,76730,6293345000,83(1.84 %),174180,14353870000,97450,8060525000,25732994,39.95
18/04/2014,8660,706320000,80.5(-3.01 %),9760,795970000,1100,89650000,25724334,39.95
21/04/2014,-23910,-1910040000,80(-0.62 %),101420,8109460000,125330,10019500000,25748244,39.94
22/04/2014,-37320,-3019930000,83(3.75 %),54360,4359585000,91680,7379515000,25785564,39.93
23/04/2014,-192350,-15731265000,82(-1.20 %),24610,2013440000,216960,17744705000,25977914,39.86
24/04/2014,-15150,-1237300000,82(0.00 %),41780,3416444000,56930,4653744000,25993064,39.86
25/04/2014,184220,15287855000,83(1.22 %),300290,24919590000,116070,9631735000,25808844,39.92
28/04/2014,54030,4582245000,84(1.20 %),156000,13182837000,101970,8600592000,25754814,39.94
29/04/2014,-2040,-127155000,85(1.19 %),69200,5841305000,71240,5968460000,25756854,39.94
05/05/2014,61760,5132530000,83.5(-1.76 %),140360,11726770000,78600,6594240000,25632159,39.99
06/05/2014,25300,2088350000,81.5(-2.40 %),48490,3975780000,23190,1887430000,25606859,40.0
07/05/2014,68680,5636420000,82.5(1.23 %),130630,10715735000,61950,5079315000,25538179,40.02
08/05/2014,24790,2052735000,77(-6.67 %),427320,33200640000,402530,31147905000,25513389,40.03
09/05/2014,65090,5052180000,79(2.60 %),172740,13450600000,107650,8398420000,25448299,40.05
12/05/2014,363530,26903405000,75(-5.06 %),556350,41208015000,192820,14304610000,25084769,40.19
13/05/2014,271100,20543415000,77.5(3.33 %),298840,22634220000,27740,2090805000,24813669,40.29
14/05/2014,276380,21998990000,82(5.81 %),384790,30585120000,108410,8586130000,24537289,40.39
15/05/2014,266230,21608735000,81(-1.22 %),353400,28675745000,87170,7067010000,24271059,40.48
16/05/2014,60200,4822270000,81(0.00 %),78980,6331475000,18780,1509205000,24210859,40.51
19/05/2014,211510,17084470000,81.5(0.62 %),284140,22958680000,72630,5874210000,23999349,40.58
20/05/2014,-50670,-4072650000,80.5(-1.23 %),27310,2188655000,77980,6261305000,24050019,40.57
21/05/2014,-23350,-1876025000,81(0.62 %),77860,6260810000,101210,8136835000,24073369,40.56
22/05/2014,33770,2723370000,80.5(-0.62 %),79010,6362700000,45240,3639330000,24039599,40.57
23/05/2014,-53210,-4282285000,81.5(1.24 %),47800,3867525000,101010,8149810000,24092809,40.55
26/05/2014,13650,1107240000,81.5(0.00 %),18720,1519050000,5070,411810000,24079159,40.56
27/05/2014,9250,757255000,82(0.61 %),77330,6313557000,68080,5556302000,24069909,40.56
28/05/2014,7090,575445000,83.5(1.83 %),172270,14302505000,165180,13727060000,24062819,40.56
29/05/2014,114490,9559280000,83.5(0.00 %),170100,14203397000,55610,4644117000,23948329,40.6
30/05/2014,122660,10280195000,84(0.60 %),238500,19981685000,115840,9701490000,23825669,40.65
02/06/2014,79070,6582110000,83(-1.19 %),102500,8531754000,23430,1949644000,23771762,40.67
03/06/2014,72240,6018825000,83.5(0.60 %),121020,10084730000,48780,4065905000,23699522,40.69
04/06/2014,25730,2127820000,83.5(0.00 %),98230,8175460000,72500,6047640000,23673792,40.7
05/06/2014,31280,2561475000,82(-1.80 %),53000,4346000000,21720,1784525000,23642512,40.71
06/06/2014,-13130,-1077665000,82(0.00 %),2000,164000000,15130,1241665000,23655642,40.71
09/06/2014,-270640,-22615040000,83(1.22 %),62940,5239750000,333580,27854790000,23926282,40.61
10/06/2014,29690,2465095000,83(0.00 %),43620,3619460000,13930,1154365000,23896592,40.62
11/06/2014,-275560,-23005045000,83.5(0.60 %),19010,1581080000,294570,24586125000,24172152,40.52
12/06/2014,-3980,-330095000,83(-0.60 %),15630,1297290000,19610,1627385000,24176132,40.52
13/06/2014,6600,545225000,83(0.00 %),14580,1203575000,7980,658350000,24169532,40.52
16/06/2014,-645280,-53894940000,83.5(0.60 %),319920,26708785000,965200,80603725000,24814812,40.29
17/06/2014,91260,7772270000,86(2.99 %),127700,10885920000,36440,3113650000,24723552,40.32
18/06/2014,67000,5761505000,85.5(-0.58 %),73960,6360085000,6960,598580000,24656552,40.34
19/06/2014,185250,15484050000,85(-0.58 %),192380,16088930000,7130,604880000,24471302,40.41
20/06/2014,13650,1083640000,83(-2.35 %),723150,60190200000,709500,59106560000,24457652,40.42
23/06/2014,94090,7813270000,83(0.00 %),102330,8497190000,8240,683920000,24363562,40.45
24/06/2014,163070,13574135000,84(1.20 %),258830,21573898000,95760,7999763000,24200492,40.51
25/06/2014,-10850,-913955000,84(0.00 %),71110,5951940000,81960,6865895000,24211342,40.51
26/06/2014,-46110,-3871505000,84(0.00 %),77800,6500090000,123910,10371595000,24257452,40.49
27/06/2014,-9910,-822250000,83.5(-0.60 %),47950,3986255000,57860,4808505000,24267362,40.49
30/06/2014,-46510,-3851495000,82.5(-1.20 %),480,39840000,46990,3891335000,24313872,40.47
01/07/2014,35170,2926050000,83.5(1.21 %),62290,5190570000,27120,2264520000,24338345,40.46
02/07/2014,98250,8198425000,83(-0.60 %),213402,17811467000,115152,9613042000,24240095,40.5
03/07/2014,-138980,-11744550000,85(2.41 %),213980,17976470000,352960,29721020000,24379075,40.45
04/07/2014,-15480,-1306780000,84(-1.18 %),50500,4252250000,65980,5559030000,24394555,40.44
07/07/2014,-53060,-4462160000,83.5(-0.60 %),41000,3433500000,94060,7895660000,24447615,40.42
08/07/2014,-7220,-601870000,83.5(0.00 %),101000,8426512000,108220,9028382000,24454835,40.42
09/07/2014,-84200,-7100145000,84.5(1.20 %),10200,851700000,94400,7951845000,24539035,40.39
10/07/2014,23450,1970755000,84(-0.59 %),26760,2247840000,3310,277085000,24547235,40.09
11/07/2014,35690,2975515000,84(0.00 %),36050,3005755000,360,30240000,24578485,0.0
14/07/2014,-122530,-10724435000,87(3.57 %),141130,11954610000,263660,22679045000,24701015,40.33
15/07/2014,-81210,-7117420000,87.5(0.57 %),58940,5144880000,140150,12262300000,24782225,40.3
16/07/2014,-65220,-5735490000,87(-0.57 %),62480,5465960000,127700,11201450000,24472865,0.0
17/07/2014,92580,7985065000,86.5(-0.57 %),105430,9096590000,12850,1111525000,24380285,40.45
18/07/2014,-181820,-16296685000,89(2.89 %),76550,6606735000,258370,22903420000,24631463,40.06
21/07/2014,171520,15663370000,91.5(2.81 %),187240,17085335000,15720,1421965000,24507823,0.0
22/07/2014,56090,5082690000,90.5(-1.09 %),110090,9984690000,54000,4902000000,24525433,0.0
23/07/2014,53780,4970380000,92(1.66 %),84010,7739925000,30230,2769545000,24454282,0.0
24/07/2014,214490,20183565000,94.5(2.72 %),253550,23845804000,39060,3662239000,24490032,0.0
25/07/2014,141110,13232915000,92.5(-2.12 %),145700,13664375000,4590,431460000,24360052,0.0
28/07/2014,20630,1904785000,90.5(-2.16 %),24940,2296940000,4310,392155000,24389112,0.0
29/07/2014,35020,3170320000,91(0.55 %),41320,3740470000,6300,570150000,24378022,0.0
30/07/2014,26000,2385500000,91.5(0.55 %),52000,4774000000,26000,2388500000,24334152,0.0
31/07/2014,51850,4859840000,95(3.83 %),184060,17243410000,132210,12383570000,24178689,0.0
01/08/2014,19650,1856935000,94(-1.05 %),74170,7006565000,54520,5149630000,24108829,0.0
04/08/2014,3640,417225000,98(4.26 %),81740,7924050000,78100,7506825000,24033397,0.0
05/08/2014,-16080,-1552520000,99(1.02 %),160030,15669680000,176110,17222200000,23899367,0.0
06/08/2014,170610,17020455000,100(1.01 %),171810,17139855000,1200,119400000,24007577,40.29
07/08/2014,-22270,-2162925000,100(0.00 %),147800,14709000000,170070,16871925000,24029847,40.57
08/08/2014,-105100,-10396895000,98(-2.00 %),3300,328500000,108400,10725395000,23817287,0.0
11/08/2014,-41000,-3982210000,99(1.02 %),54860,5349885000,95860,9332095000,23938537,0.0
12/08/2014,-87290,-8596855000,102(3.03 %),10800,1091200000,98090,9688055000,23928937,0.0
13/08/2014,-205630,-20765990000,102(0.00 %),14600,1470200000,220230,22236190000,24085447,0.0
14/08/2014,-37380,-3726180000,101(-0.98 %),125200,12603730000,162580,16329910000,24192807,40.22
15/08/2014,-56730,-5642290000,101(0.00 %),115570,11657400000,172300,17299690000,24163467,40.23
18/08/2014,16920,1700340000,100(-0.99 %),52330,5286160000,35410,3585820000,24163657,0.0
19/08/2014,-39310,-3973740000,101(1.00 %),5332800,495950400000,5372110,499924140000,24383887,0.0
20/08/2014,77600,7904250000,102(0.99 %),129050,13118700000,51450,5214450000,24417417,0.0
21/08/2014,211720,22033330000,105(2.94 %),385720,40026130000,174000,17992800000,24233997,0.0
22/08/2014,175830,17219040000,98(-6.67 %),266790,26148500000,90960,8929460000,24269407,40.19
25/08/2014,87090,8635065000,100(2.04 %),200200,19859255000,113110,11224190000,24041927,40.27
26/08/2014,80200,7895395000,98.5(-1.50 %),171840,16944600000,91640,9049205000,23893177,40.33
27/08/2014,47430,4663095000,99(0.51 %),99240,9755390000,51810,5092295000,23795337,40.36
28/08/2014,50560,4994990000,99(0.00 %),81000,8008550000,30440,3013560000,23787057,40.37
29/08/2014,19080,1886945000,98.5(-0.51 %),47510,4679735000,28430,2792790000,23771657,0.0
03/09/2014,209080,20255695000,96(-2.54 %),222120,21518285000,13040,1262590000,23863302,40.34
04/09/2014,36950,3580700000,97(1.04 %),173282,16755364000,136332,13174664000,23630372,0.0
05/09/2014,139040,13623835000,98(1.03 %),159090,15591210000,20050,1967375000,23501722,0.0
08/09/2014,36010,3519225000,97(-1.02 %),142210,13877750000,106200,10358525000,23530152,40.46
09/09/2014,435710,42920370000,99(2.06 %),439970,43339720000,4260,419350000,23434792,40.49
10/09/2014,-33420,-3212805000,99(0.00 %),78170,7651975000,111590,10864780000,22942322,0.0
11/09/2014,492330,48703250000,99.5(0.51 %),558660,55337940000,66330,6634690000,22403712,0.0
12/09/2014,159230,15763400000,99.5(0.00 %),160880,15927575000,1650,164175000,22315222,0.0
15/09/2014,624260,65561800000,106(6.53 %),672340,70632120000,48080,5070320000,22319482,40.9
16/09/2014,-240920,-25794000000,107(0.94 %),38760,4152040000,279680,29946040000,21719972,0.0
17/09/2014,-164060,-17209150000,104(-2.80 %),29720,3128860000,193780,20338010000,21756582,0.0
18/09/2014,187330,19040350000,101(-2.88 %),216100,21958890000,28770,2918540000,21542132,0.0
19/09/2014,-145300,-14489550000,100(-0.99 %),834680,83514950000,979980,98004500000,20755532,0.0
22/09/2014,1951270,195081310000,101(1.00 %),2015390,201557430000,64120,6476120000,19019822,0.0
23/09/2014,1467190,147030660000,100(-0.99 %),1473290,147651760000,6100,621100000,20180199,0.0
24/09/2014,208820,20683470000,98(-2.00 %),377540,37416690000,168720,16733220000,19971379,46.99
25/09/2014,187940,18106950000,98(0.00 %),203200,19579370000,15260,1472420000,19783439,47.06
26/09/2014,94140,9217085000,97.5(-0.51 %),154140,15095715000,60000,5878630000,19689299,47.09
29/09/2014,11060,1067335000,96.5(-1.03 %),57000,5519075000,45940,4451740000,20472489,0.0
30/09/2014,115190,11124110000,97(0.52 %),118710,11462180000,3520,338070000,20517299,0.0
01/10/2014,22880,2281590000,101(4.12 %),191750,19087410000,168870,16805820000,20340809,0.0
02/10/2014,221510,22374170000,102(0.99 %),739680,74725680000,518170,52351510000,20161140,0.0
03/10/2014,136020,13695650000,100(-1.96 %),179090,18011010000,43070,4315360000,20027990,0.0
06/10/2014,144440,14511180000,102(2.00 %),178820,17986360000,34380,3475180000,19852693,0.0
07/10/2014,4420,449960000,101(-0.98 %),52000,5222000000,47580,4772040000,19969563,0.0
08/10/2014,-221050,-21984440000,99(-1.98 %),58800,5858600000,279850,27843040000,19928939,0.0
09/10/2014,16290,1604610000,102(3.03 %),70000,7075000000,53710,5470390000,19902013,0.0
10/10/2014,96770,9825890000,101(-0.98 %),123210,12499130000,26440,2673240000,19813191,0.0
13/10/2014,-627730,-61815095000,98(-2.97 %),32600,3205600000,660330,65020695000,20440921,42.54
14/10/2014,-88660,-8607255000,96(-2.04 %),138970,13527290000,227630,22134545000,20529581,42.51
15/10/2014,-442770,-42173595000,94.5(-1.56 %),114000,10867425000,556770,53041020000,20972351,42.36
16/10/2014,-635800,-57690275000,89(-5.82 %),31940,2936880000,667740,60627155000,21608151,42.15
17/10/2014,-826680,-72044845000,87(-2.25 %),310360,26938200000,1137040,98983045000,22434831,41.87
20/10/2014,-279920,-24412170000,88.5(1.72 %),221990,19495710000,501910,43907880000,22714751,41.78
21/10/2014,-143490,-12761195000,92(3.95 %),442860,40169530000,586350,52930725000,22858241,41.73
22/10/2014,176910,16473310000,94(2.17 %),374490,34795020000,197580,18321710000,22681331,41.79
23/10/2014,174100,16148950000,91.5(-2.66 %),329120,30552510000,155020,14403560000,22507231,41.85
24/10/2014,17000,1551200000,91.5(0.00 %),55100,5032100000,38100,3480900000,22490231,41.86
27/10/2014,57640,5164340000,88.5(-3.28 %),1102050,95543253000,1044410,90378913000,22432591,41.87
29/10/2014,142010,13021175000,92.5(2.78 %),236680,21728550000,94670,8707375000,22290581,41.65
30/10/2014,171680,15862630000,92.5(0.00 %),193160,17843900000,21480,1981270000,22118901,41.7
31/10/2014,193660,18056605000,94(1.62 %),249820,23307850000,56160,5251245000,21925241,42.04
03/11/2014,168120,16007985000,96(2.13 %),237820,22672595000,69700,6664610000,21792740,42.09
04/11/2014,86330,8205315000,94.5(-1.56 %),126130,11995050000,39800,3789735000,21706410,42.12
05/11/2014,53250,4975910000,94(-0.53 %),436100,40805765000,382850,35829855000,21653160,41.86
06/11/2014,38440,3611630000,94(0.00 %),159920,15024730000,121480,11413100000,21614720,41.87
07/11/2014,-87460,-8149310000,93.5(-0.53 %),53950,5028300000,141410,13177610000,21702180,41.84
10/11/2014,-138890,-12810870000,91.5(-2.14 %),81800,7582300000,220690,20393170000,21841070,41.79
11/11/2014,-37270,-3444585000,92(0.55 %),350,32325000,37620,3476910000,21878340,41.78
12/11/2014,-212790,-19520800000,92(0.00 %),13450,1237315000,226240,20758115000,22091130,41.71
13/11/2014,-169600,-15504430000,91(-1.09 %),185400,17013300000,355000,32517730000,22260730,41.66
14/11/2014,-198260,-17873800000,90(-1.10 %),37200,3343850000,235460,21217650000,22458990,41.59
17/11/2014,10400,914465000,90(0.00 %),114660,10414590000,104260,9500125000,22448590,41.59
18/11/2014,-30010,-2710445000,90(0.00 %),71050,6363975000,101060,9074420000,22478600,41.58
19/11/2014,29690,2656410000,88.5(-1.67 %),71900,6395100000,42210,3738690000,22448910,41.59
20/11/2014,33030,2926170000,90(1.69 %),108050,9612950000,75020,6686780000,22335353,0.0
21/11/2014,-139170,-12073230000,87(-3.33 %),119110,10508270000,258280,22581500000,22320503,0.0
24/11/2014,-179070,-15400640000,85.5(-1.72 %),132190,11361400000,311260,26762040000,22289373,0.0
25/11/2014,-207420,-17917520000,86(0.58 %),1615299,130218320000,1822719,148135840000,22176611,0.0
26/11/2014,-507980,-42043110000,83(-3.49 %),199140,16740270000,707120,58783380000,22081381,0.0
27/11/2014,-605230,-48573990000,80.5(-3.01 %),41710,3346750000,646940,51920740000,22297951,0.0
28/11/2014,-776590,-59048640000,75.5(-6.21 %),46030,3482520000,822620,62531160000,22563188,0.0
01/12/2014,-1140960,-85722550000,74(-1.99 %),214750,16116500000,1355710,101839050000,22741138,0.0
02/12/2014,-189330,-14279510000,75.5(2.03 %),30600,2295250000,219930,16574760000,23388773,0.0
03/12/2014,-168010,-12763650000,76.5(1.32 %),71640,5440290000,239650,18203940000,23964077,0.0
04/12/2014,-50200,-3871380000,76(-0.65 %),29970,2281760000,80170,6153140000,24759734,0.0
05/12/2014,-53660,-3934950000,74.5(-1.97 %),85710,6430990000,139370,10365940000,25999434,0.0
08/12/2014,-194740,-13743700000,69.5(-6.71 %),97860,6969340000,292600,20713040000,26121504,0.0
09/12/2014,-608540,-39728710000,65(-6.47 %),142170,9244900000,750710,48973610000,26218984,0.0
10/12/2014,177770,11110960000,67.5(3.85 %),554680,35022060000,376910,23911100000,25744474,0.0
11/12/2014,14850,991570000,65(-3.70 %),484100,31458190000,469250,30466620000,25399744,0.0
12/12/2014,-378570,-23949065000,63(-3.08 %),420790,26660745000,799360,50609810000,25778314,40.49
15/12/2014,-165490,-10241100000,61(-3.17 %),329690,20288280000,495180,30529380000,25692574,0.0
16/12/2014,-146400,-8517640000,57.5(-5.74 %),746640,43375140000,893040,51892780000,25546344,0.0
17/12/2014,-246510,-14148420000,55(-4.35 %),1180150,64881980000,1426660,79030400000,24835444,0.0
18/12/2014,-1180,-132960000,58.5(6.36 %),318200,18430100000,319380,18563060000,25416604,0.0
19/12/2014,629590,38505060000,61(4.27 %),1874710,114574950000,1245120,76069890000,24037074,0.0
22/12/2014,397500,25460700000,65(6.56 %),729980,46662925000,332480,21202225000,23639574,41.2
23/12/2014,179890,11716410000,64(-1.54 %),2097220,134645530000,1917330,122929120000,25075234,0.0
24/12/2014,45810,2979420000,65.5(2.34 %),145810,9443170000,100000,6463750000,25148804,0.0
25/12/2014,138860,8859610000,63(-3.82 %),140660,8975910000,1800,116300000,26253264,0.0
26/12/2014,96610,6101920000,63.5(0.79 %),96610,6101920000,0,0,26156654,40.37
29/12/2014,233300,14538050000,62(-2.36 %),233300,14538050000,0,0,25923354,40.45
30/12/2014,83600,5126460000,63.5(2.42 %),95600,5846460000,12000,720000000,25839754,40.47
31/12/2014,27880,1769280000,64.5(1.57 %),27880,1769280000,0,0,25811874,40.48
05/01/2015,-5290,-329725000,61(-5.43 %),28210,1758275000,33500,2088000000,26354117,40.3
06/01/2015,27500,1636020000,59.5(-2.46 %),33910,2014570000,6410,378550000,26326617,40.31
07/01/2015,-696890,-41203890000,59.5(0.00 %),43380,2557510000,740270,43761400000,27023507,40.08
08/01/2015,-226060,-13608990000,59.5(0.00 %),72100,4346724000,298160,17955714000,27249567,40.01
09/01/2015,-442540,-27387220000,62.5(5.04 %),107610,6566330000,550150,33953550000,27692107,39.86
12/01/2015,-136190,-8442780000,62(-0.80 %),149530,9279647000,285720,17722427000,27828297,39.82
13/01/2015,-306420,-18766110000,61(-1.61 %),40740,2496650000,347160,21262760000,28134717,39.72
14/01/2015,-321200,-19356600000,60(-1.64 %),99190,5958805000,420390,25315405000,28455917,39.61
15/01/2015,-9870,-607665000,62.5(4.17 %),850,52625000,10720,660290000,28465787,39.61
16/01/2015,-31050,-1938830000,62(-0.80 %),24550,1527600000,55600,3466430000,28496837,39.6
19/01/2015,200,20200000,62.5(0.81 %),15200,950200000,15000,930000000,28496637,39.6
20/01/2015,-126170,-7808155000,61.5(-1.60 %),3650,225475000,129820,8033630000,28622807,39.56
21/01/2015,2390,146590000,61(-0.81 %),4900,300025000,2510,153435000,28620417,39.56
22/01/2015,29000,1793500000,61.5(0.82 %),29000,1793500000,0,0,28591417,39.57
23/01/2015,6020,373240000,62(0.81 %),9650,598300000,3630,225060000,28585397,39.57
26/01/2015,-20740,-1283675000,61.5(-0.81 %),1430,87840000,22170,1371515000,28606137,39.56
27/01/2015,7330,418545000,60.5(-1.63 %),119170,7274720000,111840,6856175000,28598807,39.56
28/01/2015,43740,2736575000,60(-0.83 %),361680,21872530000,317940,19135955000,28555067,39.58
29/01/2015,-206830,-12237965000,59(-1.67 %),34060,2008410000,240890,14246375000,28761897,39.51
30/01/2015,-135660,-7856855000,57.5(-2.54 %),83100,4821450000,218760,12678305000,28897557,39.47
02/02/2015,-51410,-2965745000,57(-0.87 %),15080,866490000,66490,3832235000,28150409,39.71
03/02/2015,107340,6323470000,58.5(2.63 %),143670,8468930000,36330,2145460000,28043069,39.75
04/02/2015,3760,194105000,60(2.56 %),423470,25419685000,419710,25225580000,28039309,39.75
05/02/2015,79060,4713610000,59.5(-0.83 %),332590,19772045000,253530,15058435000,27960249,39.77
06/02/2015,-6230,-369710000,60(0.84 %),589290,35384900000,595520,35754610000,27966479,39.77
09/02/2015,116440,6980135000,60(0.00 %),686450,41161530000,570010,34181395000,27850039,39.81
10/02/2015,162810,9680040000,59.5(-0.83 %),1283740,76638460000,1120930,66958420000,27687229,39.86
11/02/2015,-5790,-257145000,58.5(-1.68 %),125110,7401255000,130900,7658400000,27693019,39.86
12/02/2015,82780,4867360000,59.5(1.71 %),613780,36180110000,531000,31312750000,27610239,39.89
13/02/2015,140990,8405275000,59.5(0.00 %),250440,14951320000,109450,6546045000,27469249,39.94
24/02/2015,-104420,-6195860000,58.5(-1.68 %),38370,2265785000,142790,8461645000,27573669,39.9
25/02/2015,-214100,-12379665000,57.5(-1.71 %),98650,5737435000,312750,18117100000,27787769,39.83
26/02/2015,-283210,-16401085000,58(0.87 %),25240,1460540000,308450,17861625000,28070979,39.74
27/02/2015,-139800,-8101300000,58(0.00 %),22930,1328540000,162730,9429840000,28210779,39.69
02/03/2015,-67250,-3865550000,57.5(-0.86 %),32750,1894450000,100000,5760000000,28238203,39.68
03/03/2015,16150,928800000,58(0.87 %),143850,8335400000,127700,7406600000,28222053,39.69
04/03/2015,-63690,-3701740000,58(0.00 %),48070,2789945000,111760,6491685000,28285743,39.67
05/03/2015,-678350,-40011370000,59(1.72 %),25290,1491120000,703640,41502490000,28964093,39.44
06/03/2015,-229860,-13585080000,58.5(-0.85 %),104460,6198700000,334320,19783780000,29193953,39.37
09/03/2015,-79130,-4593560000,58(-0.85 %),11960,697160000,91090,5290720000,29273083,39.34
10/03/2015,-197300,-11374805000,57.5(-0.86 %),1440,83520000,198740,11458325000,29470383,39.28
11/03/2015,-280760,-15946335000,57(-0.87 %),9550,543850000,290310,16490185000,29751143,39.18
12/03/2015,-203850,-11502700000,56(-1.75 %),500,28000000,204350,11530700000,29954993,39.12
13/03/2015,-494560,-27363345000,55(-1.79 %),5000,276500000,499560,27639845000,30449553,38.95
16/03/2015,-641420,-34475150000,53(-3.64 %),22840,1221770000,664260,35696920000,31090973,38.74
17/03/2015,-335900,-17654085000,52.5(-0.94 %),92010,4833835000,427910,22487920000,31426873,38.63
18/03/2015,-845860,-42814355000,50.5(-3.81 %),8100,412550000,853960,43226905000,32272733,38.35
19/03/2015,-314700,-15979980000,50.5(0.00 %),86660,4419260000,401360,20399240000,32587433,38.25
20/03/2015,-311890,-15591964000,50(-0.99 %),1546080,77304601000,1857970,92896565000,32899323,38.14
23/03/2015,-599110,-30206495000,49(-2.00 %),145020,7322509000,744130,37529004000,33498433,37.95
24/03/2015,-481920,-22805910000,47.1(-3.88 %),164210,7793640000,646130,30599550000,33980353,37.79
25/03/2015,-481920,-22805910000,44(-6.58 %),164210,7793640000,646130,30599550000,34462273,37.63
26/03/2015,-807920,-36586824000,45.5(3.41 %),22270,1013084000,830190,37599908000,35270193,37.36
27/03/2015,-103640,-4760455000,45.3(-0.44 %),513000,23721668000,616640,28482123000,35373833,37.33
30/03/2015,-469370,-20936046000,44.3(-2.21 %),239330,10669350000,708700,31605396000,35843203,37.17
31/03/2015,-106030,-4796761000,44.8(1.13 %),104710,4702965000,210740,9499726000,35949233,37.14
01/04/2015,-512880,-22305547000,42.8(-4.46 %),146340,6353414000,659220,28658961000,36171375,37.07
02/04/2015,-532080,-23062330000,43.9(2.57 %),301730,13119103000,833810,36181433000,36703455,36.89
03/04/2015,69570,3114306000,45(2.51 %),252030,11313668000,182460,8199362000,36633885,36.91
06/04/2015,-96840,-4388996000,45(0.00 %),14500,654904000,111340,5043900000,36730725,36.88
07/04/2015,-478380,-21682753000,46(2.22 %),151230,6815321000,629610,28498074000,37209105,36.72
08/04/2015,-668090,-30814957000,45.6(-0.87 %),67300,3119147000,735390,33934104000,37877195,36.5
09/04/2015,90500,4146397000,45.9(0.66 %),104550,4787894000,14050,641497000,37786695,36.53
10/04/2015,30360,1386330000,45.4(-1.09 %),30360,1386330000,0,0,37756335,36.54
13/04/2015,289930,13327092000,46.2(1.76 %),293330,13482172000,3400,155080000,37466405,36.64
14/04/2015,509460,23861144000,47.1(1.95 %),512270,23991434000,2810,130290000,36956945,36.81
15/04/2015,617660,30503637000,50(6.16 %),623360,30785837000,5700,282200000,36339285,37.01
16/04/2015,462340,24625720000,53.5(7.00 %),967450,51633905000,505110,27008185000,35876945,37.16
17/04/2015,1340280,74232665000,53(-0.93 %),2190290,120571715000,850010,46339050000,34536665,37.6
20/04/2015,5320,281100000,54(1.89 %),432900,23240690000,427580,22959590000,34531345,37.61
21/04/2015,837080,46127975000,54.5(0.93 %),1142150,62919225000,305070,16791250000,33694265,37.88
22/04/2015,716310,39470310000,55.5(1.83 %),926910,51053435000,210600,11583125000,32977955,38.12
23/04/2015,748150,41522695000,56(0.90 %),752990,41793735000,4840,271040000,32229805,38.37
24/04/2015,398610,22488915000,57(1.79 %),413810,23352215000,15200,863300000,31831195,38.5
27/04/2015,93840,5327355000,54.5(-4.39 %),135510,7639330000,41670,2311975000,31737355,38.53
04/05/2015,40560,2194460000,53.5(-1.83 %),40560,2194460000,0,0,33542405,37.93
05/05/2015,380750,20363515000,55(2.80 %),395400,21166515000,14650,803000000,33161655,38.06
06/05/2015,360260,20432975000,56.5(2.73 %),470140,26646310000,109880,6213335000,32801395,38.15
07/05/2015,-29940,-1665925000,56(-0.88 %),30130,1687745000,60070,3353670000,32831335,38.14
08/05/2015,-136970,-7495265000,55(-1.79 %),34880,1912135000,171850,9407400000,32968305,38.09
11/05/2015,-22800,-1238360000,53.5(-2.73 %),126210,6811680000,149010,8050040000,32991105,38.09
12/05/2015,83360,4590940000,53.5(0.00 %),469720,25433785000,386360,20842845000,32907745,38.11
13/05/2015,-289950,-15432465000,52.5(-1.87 %),4750,252195000,294700,15684660000,33197695,38.02
14/05/2015,-108550,-5664130000,52.5(0.00 %),146310,7678975000,254860,13343105000,33306245,37.98
15/05/2015,-41370,-2116635000,50.5(-3.81 %),44100,2295750000,85470,4412385000,33347615,37.97
18/05/2015,-161370,-7896485000,49(-2.97 %),139530,6949953000,300900,14846438000,33508985,37.91
19/05/2015,-115010,-5670157000,49.3(0.61 %),13760,676940000,128770,6347097000,33623995,37.88
20/05/2015,-39350,-1999510000,50.5(2.43 %),28120,1390975000,67470,3390485000,33663345,37.86
21/05/2015,207920,10805950000,53(4.95 %),339960,17716490000,132040,6910540000,33455425,37.93
22/05/2015,128180,6901635000,54(1.89 %),260180,13999635000,132000,7098000000,33327245,37.97
25/05/2015,103520,5528215000,53.5(-0.93 %),130580,6972145000,27060,1443930000,33223725,38.01
26/05/2015,334010,17824730000,53.5(0.00 %),369570,19726910000,35560,1902180000,32889715,38.12
27/05/2015,-8500,-445145000,52.5(-1.87 %),79640,4186930000,88140,4632075000,32898215,38.12
28/05/2015,69860,3683885000,52.5(0.00 %),89990,4750725000,20130,1066840000,32828355,38.14
29/05/2015,-473250,-24316885000,51.5(-1.90 %),134570,6967816000,607820,31284701000,33301605,37.98
01/06/2015,-81520,-4242150000,51.5(0.00 %),254960,13296745000,336480,17538895000,32498275,38.25
02/06/2015,-55820,-2865260000,51.5(0.00 %),371510,19310461000,427330,22175721000,32554095,38.23
03/06/2015,-181100,-9486595000,52(0.97 %),346200,18189124000,527300,27675719000,32735195,38.17
04/06/2015,67510,3575770000,52(0.00 %),154100,8090200000,86590,4514430000,32667685,38.19
05/06/2015,-64340,-3285710000,52(0.00 %),202420,10503700000,266760,13789410000,32732025,38.17
08/06/2015,-182040,-9674735000,53(1.92 %),5000,263500000,187040,9938235000,32914065,38.11
09/06/2015,-83450,-4347055000,53(0.00 %),220400,11616450000,303850,15963505000,32997515,38.08
10/06/2015,-366660,-19469800000,53.5(0.94 %),66040,3510040000,432700,22979840000,33364175,37.96
11/06/2015,-122910,-6782385000,55(2.80 %),144600,7948875000,267510,14731260000,33487085,37.92
12/06/2015,-1500,-81000000,55(0.00 %),8500,469000000,10000,550000000,33488585,37.92
15/06/2015,-87310,-4733735000,54(-1.82 %),17690,959265000,105000,5693000000,33575895,37.89
16/06/2015,24150,1293015000,53(-1.85 %),162180,8661370000,138030,7368355000,33551745,37.9
17/06/2015,40210,2145710000,52.5(-0.94 %),138850,7334940000,98640,5189230000,33511535,37.91
18/06/2015,17510,940755000,52.5(0.00 %),121740,6442695000,104230,5501940000,33494025,37.92
19/06/2015,174650,9273350000,53(0.95 %),1061770,56276060000,887120,47002710000,33319375,37.98
22/06/2015,331060,17686975000,54.5(2.83 %),346460,18503175000,15400,816200000,32988315,38.09
23/06/2015,29820,1628135000,54(-0.92 %),181210,9808956000,151390,8180821000,32958495,38.1
24/06/2015,-69020,-3687330000,53(-1.85 %),30980,1660150000,100000,5347480000,33027515,38.07
25/06/2015,-284850,-14984660000,52.5(-0.94 %),200,10600000,285050,14995260000,33312365,37.98
26/06/2015,-156400,-8214930000,52(-0.95 %),26730,1391035000,183130,9605965000,33468765,37.93
29/06/2015,392510,20671770000,53.5(2.88 %),618980,32638010000,226470,11966240000,33076255,38.06
30/06/2015,156850,8306885000,52.5(-1.87 %),174800,9257550000,17950,950665000,32919405,38.11
01/07/2015,30290,1599130000,53(0.95 %),31480,1662200000,1190,63070000,33406971,37.95
02/07/2015,351680,18798190000,54(1.89 %),355140,18983180000,3460,184990000,33055291,38.09
03/07/2015,381730,20623385000,54.5(0.93 %),390880,21117535000,9150,494150000,32673561,38.22
06/07/2015,179310,10266150000,58(6.42 %),185090,10598095000,5780,331945000,32494251,38.28
07/07/2015,189350,10989815000,57(-1.72 %),291030,16835785000,101680,5845970000,32304901,38.34
08/07/2015,-257350,-14296320000,55(-3.51 %),200090,11093939000,457440,25390259000,32562251,38.26
09/07/2015,-342140,-18557985000,55(0.00 %),222420,12153746000,564560,30711731000,32904391,38.14
10/07/2015,152480,8479420000,55.5(0.91 %),211680,11776935000,59200,3297515000,32751911,38.19
13/07/2015,1274120,72649190000,58.5(5.41 %),1280920,73032740000,6800,383550000,31477791,38.61
14/07/2015,94440,5311770000,55.5(-5.13 %),96440,5424270000,2000,112500000,31383351,38.64
15/07/2015,-337370,-16026688000,46.8(-0.21 %),41110,1967374000,378480,17994062000,31720721,38.53
16/07/2015,-38430,-1772632000,45.8(-2.14 %),171130,7849463000,209560,9622095000,31759151,38.52
17/07/2015,-195200,-8843903000,45(-1.75 %),79800,3607682000,275000,12451585000,31954351,38.46
20/07/2015,72750,3221440000,43.8(-2.67 %),230040,10109481000,157290,6888041000,31881601,38.48
21/07/2015,120680,5316003000,43.9(0.23 %),145930,6425031000,25250,1109028000,31760921,38.52
22/07/2015,-57940,-2550489000,44.1(0.46 %),90190,3959552000,148130,6510041000,31818861,38.5
23/07/2015,45120,1995310000,45(2.04 %),51640,2287342000,6520,292032000,31773741,38.52
24/07/2015,-38090,-1731579000,45.6(1.33 %),93910,4287221000,132000,6018800000,31811831,38.5
27/07/2015,-54440,-2481632000,45.5(-0.22 %),118050,5370299000,172490,7851931000,31866271,38.49
28/07/2015,-91490,-4061328000,44.3(-2.64 %),155700,6923500000,247190,10984828000,31957761,38.46
29/07/2015,-140280,-6199669000,44.1(-0.45 %),191150,8462235000,331430,14661904000,32098041,38.41
30/07/2015,-42480,-1877110000,44.3(0.45 %),120780,5342690000,163260,7219800000,32140521,38.4
31/07/2015,-84510,-3712980000,43.9(-0.90 %),162680,7180760000,247190,10893740000,32225031,38.37
03/08/2015,165460,7145030000,43.1(-1.82 %),285620,12315820000,120160,5170790000,31651344,38.56
04/08/2015,121670,5208820000,42.9(-0.46 %),215020,9201530000,93350,3992710000,31529674,38.6
05/08/2015,77910,3349090000,43.3(0.93 %),125990,5419220000,48080,2070130000,31451764,38.62
06/08/2015,119670,5176670000,43.3(0.00 %),177020,7653790000,57350,2477120000,31332094,38.66
07/08/2015,82120,3526210000,42.9(-0.92 %),424720,18235980000,342600,14709770000,31249974,38.69
10/08/2015,81600,3490000000,42.8(-0.23 %),481230,20577030000,399630,17087030000,31168374,38.72
11/08/2015,-325750,-13935980000,42.7(-0.23 %),547520,23437930000,873270,37373910000,31494124,38.61
12/08/2015,119100,5047910000,41.6(-2.58 %),348180,14666490000,229080,9618580000,31375024,38.65
13/08/2015,-270560,-10975960000,40.1(-3.61 %),381520,15443400000,652080,26419360000,31645584,38.56
14/08/2015,78500,3115920000,39.4(-1.75 %),204490,8104040000,125990,4988120000,31567084,38.58
17/08/2015,-385690,-14533070000,38.1(-3.30 %),262730,10009940000,648420,24543010000,31952774,38.46
18/08/2015,-75520,-2868370000,38.1(0.00 %),188740,7140310000,264260,10008680000,32028294,39.81
19/08/2015,-933700,-34491480000,36.8(-3.41 %),80470,2976770000,1014170,37468250000,32961994,39.54
20/08/2015,-1236810,-43063830000,34.3(-6.79 %),197320,6848600000,1434130,49912430000,34198804,39.19
21/08/2015,-691900,-22496230000,33.1(-3.50 %),203740,6607060000,895640,29103290000,34890704,38.99
24/08/2015,147860,4653530000,30.8(-6.95 %),242380,7645480000,94520,2991950000,34742844,39.03
25/08/2015,-318600,-9843180000,31.5(2.27 %),223210,6933520000,541810,16776700000,35061444,38.94
26/08/2015,-217810,-7280680000,33.7(6.98 %),149060,4862760000,366870,12143440000,35279254,38.88
27/08/2015,-26810,-903780000,35.4(5.04 %),340470,11997120000,367280,12900900000,35306064,38.87
28/08/2015,405790,15219010000,37.8(6.78 %),609390,22740050000,203600,7521040000,34900274,38.98
31/08/2015,-340910,-12685070000,36.3(-3.97 %),23640,876760000,364550,13561830000,35241184,38.89
01/09/2015,-797830,-28918450000,35.7(-1.65 %),543080,19781610000,1340910,48700060000,39874246,37.56
03/09/2015,-359390,-12428080000,34.8(-2.52 %),505200,17577880000,864590,30005960000,40233636,37.45
04/09/2015,-30340,-1073830000,35(0.57 %),67010,2365650000,97350,3439480000,40263976,37.45
07/09/2015,19450,671870000,34.5(-1.43 %),139450,4811870000,120000,4140000000,40244526,37.45
08/09/2015,42080,1445500000,34.5(0.00 %),55000,1890500000,12920,445000000,40202446,37.46
09/09/2015,-83550,-2968650000,35(1.45 %),3050,108160000,86600,3076810000,40285996,37.44
10/09/2015,48890,1699230000,34.7(-0.86 %),49990,1737320000,1100,38090000,40237106,37.45
11/09/2015,-80510,-2826650000,34.9(0.58 %),3910,136670000,84420,2963320000,40317616,37.43
14/09/2015,130550,4485560000,34.3(-1.72 %),174450,5996540000,43900,1510980000,40187066,37.47
15/09/2015,67000,2329370000,34.4(0.29 %),201020,6954190000,134020,4624820000,40120066,37.49
16/09/2015,-40170,-1384010000,34.7(0.87 %),28730,1004050000,68900,2388060000,40160236,37.48
17/09/2015,-249790,-8921280000,35.6(2.59 %),233970,8352430000,483760,17273710000,40410026,37.4
18/09/2015,-105220,-3752480000,35.9(0.84 %),699270,25103790000,804490,28856270000,40515246,37.37
21/09/2015,6690,180500000,35.9(0.00 %),184380,6559570000,177690,6379070000,40508556,37.38
22/09/2015,-134450,-4820760000,35.6(-0.84 %),124250,4455140000,258700,9275900000,40643006,37.34
23/09/2015,-80590,-2871690000,36(1.12 %),32410,1154610000,113000,4026300000,40723596,37.31
24/09/2015,29590,1047150000,35.4(-1.67 %),75380,2678300000,45790,1631150000,40694006,37.32
25/09/2015,82580,2897040000,35.1(-0.85 %),246000,8634200000,163420,5737160000,40611426,37.35
28/09/2015,-220000,-7583940000,34.4(-1.99 %),119070,4129800000,339070,11713740000,40831426,37.28
29/09/2015,230180,7857930000,34.2(-0.58 %),308350,10523730000,78170,2665800000,40601246,37.35
30/09/2015,56650,1964440000,34.2(0.00 %),115510,3985180000,58860,2020740000,40544596,37.36
01/10/2015,36810,1273110000,34.4(0.58 %),77120,2663750000,40310,1390640000,41732283,37.02
02/10/2015,-261140,-8927760000,34.1(-0.87 %),201780,6895920000,462920,15823680000,41993423,36.95
05/10/2015,-200350,-6953960000,34.9(2.35 %),405325,14087850000,605675,21041810000,42193773,36.89
06/10/2015,334140,12027560000,36(3.15 %),466470,16756600000,132330,4729040000,41859633,36.99
07/10/2015,-441570,-16493670000,37.4(3.89 %),451980,16999640000,893550,33493310000,42301203,36.86
08/10/2015,-89800,-3348890000,37.3(-0.27 %),244040,9095460000,333840,12444350000,42391003,36.84
09/10/2015,1500,41450000,37.9(1.61 %),327420,12452220000,325920,12410770000,42389503,36.84
12/10/2015,184620,7060780000,38.4(1.32 %),284570,10880950000,99950,3820170000,42204883,36.89
13/10/2015,-275210,-10317320000,37.5(-2.34 %),304330,11437310000,579540,21754630000,42480093,36.81
14/10/2015,380700,14221560000,37.4(-0.27 %),528920,19763340000,148220,5541780000,42099393,36.92
15/10/2015,-3850,-143870000,37.3(-0.27 %),13440,501110000,17290,644980000,42103243,36.92
16/10/2015,-218870,-8181410000,37.1(-0.54 %),74580,2787260000,293450,10968670000,42322113,36.85
19/10/2015,-37650,-1400020000,37.1(0.00 %),48210,1796160000,85860,3196180000,42359763,36.84
20/10/2015,-17010,-618490000,36.5(-1.62 %),126060,4625600000,143070,5244090000,42376773,36.84
21/10/2015,320330,11762190000,36.5(0.00 %),330330,12130190000,10000,368000000,42056443,36.93
22/10/2015,10970,402100000,36.5(0.00 %),13460,493230000,2490,91130000,42045473,36.93
23/10/2015,249900,9229130000,36.9(1.10 %),390100,14406510000,140200,5177380000,41795573,37.01
26/10/2015,16370,597480000,36.5(-1.08 %),175430,6411800000,159060,5814320000,41779203,37.01
27/10/2015,22690,820600000,36(-1.37 %),72690,2624300000,50000,1803700000,41756513,37.02
28/10/2015,120940,4339750000,35.7(-0.83 %),195120,7014470000,74180,2674720000,41635573,37.05
29/10/2015,-255450,-9230310000,36(0.84 %),119260,4314860000,374710,13545170000,41891023,36.98
30/10/2015,464830,17036550000,36.8(2.22 %),594200,21684260000,129370,4647710000,41426193,37.11
02/11/2015,88710,3224290000,36.2(-1.63 %),88710,3224290000,0,0,41275665,37.16
03/11/2015,54770,1980070000,36.1(-0.28 %),60340,2181320000,5570,201250000,41220895,37.17
04/11/2015,20570,754750000,36.3(0.55 %),65990,2407690000,45420,1652940000,41200325,37.18
05/11/2015,70380,2539680000,36.1(-0.55 %),81350,2936140000,10970,396460000,41129945,37.2
06/11/2015,33620,1203660000,35.7(-1.11 %),63550,2274940000,29930,1071280000,41096325,37.21
09/11/2015,59970,2119950000,35.2(-1.40 %),128970,4562100000,69000,2442150000,41036355,37.22
10/11/2015,142240,4947270000,34.7(-1.42 %),165170,5748330000,22930,801060000,40894115,37.26
11/11/2015,84240,2901600000,34.3(-1.15 %),84600,2914020000,360,12420000,40809875,37.29
12/11/2015,-226150,-7643180000,33.8(-1.46 %),292590,9917940000,518740,17561120000,41036025,37.22
13/11/2015,-127120,-4216110000,33.2(-1.78 %),171250,5669640000,298370,9885750000,41163145,37.19
16/11/2015,-175340,-5720760000,32.5(-2.11 %),138210,4503440000,313550,10224200000,41338485,37.14
17/11/2015,3010,99580000,33.3(2.46 %),4560,150730000,1550,51150000,41335475,37.14
18/11/2015,18890,626140000,33(-0.90 %),36000,1191100000,17110,564960000,41316585,37.14
19/11/2015,1150,37240000,33.5(1.52 %),3180,105230000,2030,67990000,41315435,37.14
20/11/2015,82300,2752230000,33.5(0.00 %),85080,2844800000,2780,92570000,41233135,37.17
23/11/2015,-72480,-2400220000,33(-1.49 %),61040,2016320000,133520,4416540000,41305615,37.15
24/11/2015,-139400,-4616510000,32.9(-0.30 %),264980,8737880000,404380,13354390000,41680581,37.04
25/11/2015,-437330,-14407460000,32.9(0.00 %),18980,624540000,456310,15032000000,41663631,37.04
26/11/2015,-263500,-8619450000,32.4(-1.52 %),19000,623840000,282500,9243290000,41647411,37.05
27/11/2015,43420,1400268000,32.2(-0.62 %),205890,6651598000,162470,5251330000,41603991,37.06
30/11/2015,-133890,-4208580000,31.3(-2.80 %),283180,8942670000,417070,13151250000,41496241,37.09
01/12/2015,-103390,-3232590000,30.6(-2.24 %),8260,258140000,111650,3490730000,41944291,36.96
02/12/2015,-32990,-1014290000,30.7(0.33 %),35880,1105400000,68870,2119690000,42190911,36.89
03/12/2015,-164660,-5001540000,30.2(-1.63 %),65330,1976130000,229990,6977670000,42288051,36.86
04/12/2015,88660,2701400000,30.9(2.32 %),180000,5488670000,91340,2787270000,42525128,36.8
07/12/2015,-274210,-8247650000,30(-2.91 %),470340,14228690000,744550,22476340000,42231438,36.88
08/12/2015,-561520,-16411840000,30(0.00 %),404070,11815060000,965590,28226900000,41896238,36.98
09/12/2015,-1075990,-31403190000,29(-3.33 %),63140,1862350000,1139130,33265540000,42063089,36.93
10/12/2015,-188440,-5380590000,28.5(-1.72 %),199640,5718870000,388080,11099460000,41954789,36.96
11/12/2015,-170690,-4859140000,28.6(0.35 %),6220,176000000,176910,5035140000,42628119,36.77
14/12/2015,-53920,-1486800000,27.7(-3.15 %),351760,9827090000,405680,11313890000,43241949,36.59
15/12/2015,242650,6922940000,28.6(3.25 %),306080,8738120000,63430,1815180000,44074999,36.35
16/12/2015,-313410,-9105200000,28.6(0.00 %),360620,10472250000,674030,19577450000,44102471,36.34
17/12/2015,-279400,-7857550000,28.1(-1.75 %),195140,5487740000,474540,13345290000,44084241,36.35
18/12/2015,-1750190,-45998160000,26.2(-6.76 %),761800,20232540000,2511990,66230700000,43728121,36.45
21/12/2015,-42520,-1147050000,26.5(1.15 %),611560,16298790000,654080,17445840000,43179991,36.61
22/12/2015,164980,4506740000,27.2(2.64 %),296900,8113410000,131920,3606670000,43557121,36.5
23/12/2015,625560,17270760000,27.7(1.84 %),637560,17600760000,12000,330000000,43394101,36.55
24/12/2015,-158610,-4491610000,28(1.08 %),154280,4367870000,312890,8859480000,45751817,35.87
25/12/2015,100790,2771190000,27.4(-2.14 %),119290,3292340000,18500,521150000,46286607,35.72
28/12/2015,106650,2882320000,26.6(-2.92 %),106750,2885070000,100,2750000,46311777,35.71
29/12/2015,44890,1199400000,26.9(1.13 %),61250,1640580000,16360,441180000,46262527,35.72
30/12/2015,-6370,-176100000,26.9(0.00 %),130620,3505480000,136990,3681580000,46444797,35.67
31/12/2015,73380,1944730000,26.5(-1.49 %),73380,1944730000,0,0,46389917,35.69
04/01/2016,-50610,-1336890000,26.3(-0.75 %),52390,1391850000,103000,2728740000,46377628,35.69
05/01/2016,-709980,-18026180000,25(-4.94 %),82100,2072870000,792080,20099050000,46351888,35.7
06/01/2016,-244210,-6032980000,24.7(-1.20 %),254520,6261170000,498730,12294150000,46267358,35.72
07/01/2016,-521760,-12075850000,23(-6.88 %),97930,2290300000,619690,14366150000,46262428,35.72
08/01/2016,-330960,-7659270000,22.9(-0.43 %),432160,9945410000,763120,17604680000,46668648,35.61
11/01/2016,20550,435220000,22.8(-0.44 %),791610,18143510000,771060,17708290000,46516968,35.65
12/01/2016,-129720,-2942370000,22.5(-1.32 %),495070,11178080000,624790,14120450000,46611588,35.62
13/01/2016,-789220,-18357460000,23.1(2.67 %),150120,3463130000,939340,21820590000,47138288,35.47
14/01/2016,-463500,-10482810000,22.5(-2.60 %),436130,9887290000,899630,20370100000,47299018,35.43
15/01/2016,-56170,-1308290000,22.2(-1.33 %),383900,8616810000,440070,9925100000,47539909,35.36
18/01/2016,530010,11214210000,20.8(-6.31 %),1564270,32904460000,1034260,21690250000,46914979,35.54
19/01/2016,-316330,-6474910000,20.5(-1.44 %),181290,3764720000,497620,10239630000,47633319,35.33
20/01/2016,-414490,-8072210000,19.4(-5.37 %),204020,3968520000,618510,12040730000,47869371,35.26
21/01/2016,-240490,-4628960000,18.3(-5.67 %),211710,3946020000,452200,8574980000,48691921,35.03
22/01/2016,51450,972110000,19.5(6.56 %),281300,5406160000,229850,4434050000,49013241,34.93
25/01/2016,4500,93600000,20.8(6.67 %),6000,124800000,1500,31200000,50005271,34.65
26/01/2016,-551420,-11635220000,21.2(1.92 %),108540,2276160000,659960,13911380000,49969411,34.66
27/01/2016,-627910,-13747780000,21.5(1.42 %),5150,112820000,633060,13860600000,50089111,34.63
28/01/2016,-57710,-1241330000,21.5(0.00 %),113980,2489650000,171690,3730980000,49976631,34.66
29/01/2016,211870,4750090000,23(6.98 %),217090,4869970000,5220,119880000,50419501,34.53
01/02/2016,-119460,-2802030000,23.1(0.43 %),194940,4613920000,314400,7415950000,50857621,34.41
02/02/2016,-30730,-674230000,22.1(-4.33 %),34870,766580000,65600,1440810000,50994441,34.37
03/02/2016,-17460,-370500000,22(-0.45 %),10750,226750000,28210,597250000,50988911,34.37
04/02/2016,77680,1748600000,22.5(2.27 %),87780,1976600000,10100,228000000,51215531,34.3
05/02/2016,14340,318690000,22.3(-0.89 %),16600,368410000,2260,49720000,51264531,34.29
15/02/2016,-342050,-7425170000,21.8(-2.24 %),30500,661350000,372550,8086520000,51262241,34.29
16/02/2016,-742880,-16632760000,22.8(4.59 %),139120,3104710000,882000,19737470000,51133221,34.33
17/02/2016,-49840,-1091300000,22.3(-2.19 %),383830,8612450000,433670,9703750000,50751651,34.44
18/02/2016,-750190,-17550190000,23.5(5.38 %),582740,13519700000,1332930,31069890000,50541461,34.5
19/02/2016,746410,18572070000,24.8(5.53 %),1191790,29436520000,445380,10864450000,50231671,34.59
22/02/2016,182190,4619680000,25.4(2.42 %),428910,10875960000,246720,6256280000,50236431,34.58
23/02/2016,173190,4495590000,24.7(-2.76 %),494870,12652050000,321680,8156460000,51074491,34.34
24/02/2016,-269470,-6502220000,24.2(-2.02 %),21000,507200000,290470,7009420000,51498871,34.22
25/02/2016,-236980,-5749840000,23.8(-1.65 %),123520,2997220000,360500,8747060000,51622071,34.19
26/02/2016,8330,232140000,24.6(3.36 %),368830,9036690000,360500,8804550000,51574921,34.2
29/02/2016,519200,12997690000,25(1.63 %),769250,19248550000,250050,6250860000,51096141,34.34
01/03/2016,-846270,-21573830000,25.6(2.40 %),325740,8286740000,1172010,29860570000,51130901,34.33
02/03/2016,-208530,-5314420000,25.5(-0.39 %),149170,3795200000,357700,9109620000,51342231,34.27
03/03/2016,67920,1737730000,25.6(0.39 %),90920,2324230000,23000,586500000,51501361,34.22
04/03/2016,189360,4829790000,25.3(-1.17 %),239870,6124790000,50510,1295000000,52433501,33.95
07/03/2016,-22510,-660960000,26.9(6.32 %),707440,18939010000,729950,19599970000,52083761,34.05
08/03/2016,258200,7115670000,26.4(-1.86 %),1078050,29188480000,819850,22072810000,51028711,34.36
09/03/2016,-129270,-3381310000,26.1(-1.14 %),417000,10892800000,546270,14274110000,50662221,34.46
10/03/2016,137190,3680730000,26.9(3.07 %),577000,15532030000,439810,11851300000,50815171,34.42
11/03/2016,-217840,-5805450000,26.5(-1.49 %),4600,123280000,222440,5928730000,51630421,34.18
14/03/2016,347400,9314690000,26.8(1.13 %),397400,10661690000,50000,1347000000,51779291,34.14
15/03/2016,-428660,-11175680000,25.5(-4.85 %),4100,106320000,432760,11282000000,52215001,34.02
16/03/2016,-123980,-3154090000,25.4(-0.39 %),16050,414670000,140030,3568760000,52421391,33.96
17/03/2016,-28190,-723960000,26.4(3.94 %),217650,5786110000,245840,6510070000,52253741,34.0
18/03/2016,640120,17038700000,26.6(0.76 %),1926330,51263350000,1286210,34224650000,50760171,34.43
21/03/2016,223100,5835780000,26.1(-1.88 %),362900,9492580000,139800,3656800000,50537301,34.5
22/03/2016,71200,1840530000,26.3(0.77 %),264000,6906290000,192800,5065760000,50519141,34.5
23/03/2016,-84280,-2210580000,26.1(-0.76 %),94220,2468560000,178500,4679140000,51711131,34.16
24/03/2016,-618710,-15775940000,25.3(-3.07 %),104500,2663590000,723210,18439530000,51746431,34.15
25/03/2016,-258690,-6397690000,24.8(-1.98 %),12000,299100000,270690,6696790000,51927231,34.1
28/03/2016,173320,4359810000,25.4(2.42 %),173320,4359810000,0,0,51932411,34.1
29/03/2016,13000,323730000,24.4(-3.94 %),16000,398730000,3000,75000000,52639621,33.89
30/03/2016,34320,837410000,24.5(0.41 %),70580,1720130000,36260,882720000,52869917,33.83
31/03/2016,18470,460200000,23.7(-3.27 %),395970,9476870000,377500,9016670000,52473947,33.94
01/04/2016,101720,2415070000,23.6(-0.42 %),103430,2456040000,1710,40970000,52373519,33.97
04/04/2016,54530,1231410000,22.4(-5.08 %),57030,1288410000,2500,57000000,52322576,33.98
05/04/2016,59970,1319910000,22.5(0.45 %),149910,3293110000,89940,1973200000,52550166,33.92
06/04/2016,-42550,-974060000,23(2.22 %),46450,1071840000,89000,2045900000,52505426,33.93
07/04/2016,19170,454680000,23.4(1.74 %),37170,879480000,18000,424800000,52470756,33.94
08/04/2016,61000,1419300000,23.4(0.00 %),61000,1419300000,0,0,52499696,33.93
11/04/2016,698580,16796380000,24(2.56 %),775000,18635460000,76420,1839080000,51813696,34.13
12/04/2016,1011160,24628030000,24.4(1.67 %),1051160,25596030000,40000,968000000,50780536,34.43
13/04/2016,22940,575190000,24.6(0.82 %),63940,1588390000,41000,1013200000,50716596,34.45
14/04/2016,309040,7544420000,24(-2.44 %),330060,8050960000,21020,506540000,50462956,34.52
15/04/2016,130750,3161090000,24(0.00 %),130750,3161090000,0,0,50372206,34.54
19/04/2016,-179960,-4049430000,22.7(-5.42 %),321360,7439930000,501320,11489360000,50091846,34.63
20/04/2016,148890,3396850000,22.6(-0.44 %),154890,3534350000,6000,137500000,49957976,34.66
21/04/2016,60080,1415000000,23.9(5.75 %),188950,4448680000,128870,3033680000,49769028,34.72
22/04/2016,130600,3216000000,24.8(3.77 %),462800,11354510000,332200,8138510000,49807553,34.71
25/04/2016,-19750,-489190000,24.4(-1.61 %),3320,80700000,23070,569890000,49810233,34.71
26/04/2016,119990,2896770000,24.4(0.00 %),154160,3720480000,34170,823710000,49784943,34.71
27/04/2016,-83710,-2086080000,24.7(1.23 %),50800,1262900000,134510,3348980000,50066349,34.63
28/04/2016,79780,1978890000,24.6(-0.40 %),122000,3022860000,42220,1043970000,49967423,34.66
29/04/2016,-393490,-9597820000,24.4(-0.81 %),77500,1918020000,470990,11515840000,49924093,34.67
04/05/2016,395600,9437280000,24.2(-0.82 %),415160,9906630000,19560,469350000,49643443,34.75
05/05/2016,218070,5353890000,24.3(0.41 %),316530,7743030000,98460,2389140000,49369133,34.83
06/05/2016,3360,81480000,24.3(0.00 %),5000,121500000,1640,40020000,49835127,34.7
09/05/2016,-3000,-73500000,24.1(-0.82 %),0,0,3000,73500000,49854689,34.69
10/05/2016,-76830,-1833120000,23.9(-0.83 %),187480,4467230000,264310,6300350000,49765669,34.72
11/05/2016,50790,1217050000,23.9(0.00 %),50790,1217050000,0,0,49716519,34.73
12/05/2016,330070,8103460000,24.7(3.35 %),341810,8390940000,11740,287480000,49377709,34.83
13/05/2016,78780,1943910000,25.7(4.05 %),137900,3446180000,59120,1502270000,49504119,34.79
16/05/2016,-34010,-840940000,27(5.06 %),136820,3644460000,170830,4485400000,49367299,34.83
17/05/2016,1211610,34544020000,28.8(6.67 %),1433060,40876170000,221450,6332150000,47945979,35.24
18/05/2016,2387540,71361800000,29.7(3.12 %),2696150,80609190000,308610,9247390000,45383429,35.98
19/05/2016,771370,22428350000,28.8(-3.03 %),855560,24870990000,84190,2442640000,44698699,36.17
20/05/2016,-50610,-1484470000,29.3(1.74 %),394180,11560550000,444790,13045020000,44525977,36.22
23/05/2016,541720,15508750000,28.2(-3.75 %),648650,18589250000,106930,3080500000,44111457,36.34
24/05/2016,-377120,-10831850000,28.9(2.48 %),595260,16930760000,972380,27762610000,43600387,36.49
25/05/2016,-551540,-16368570000,29.4(1.73 %),9690,290590000,561230,16659160000,44035487,36.36
26/05/2016,184060,5499650000,29.8(1.36 %),668200,19821660000,484140,14322010000,43474219,36.52
27/05/2016,418790,12320800000,29.2(-2.01 %),421090,12388420000,2300,67620000,44025509,36.37
30/05/2016,432920,12820458000,29.7(1.71 %),450470,13338843000,17550,518385000,43592589,36.49
31/05/2016,-49200,-1654559000,31.6(6.40 %),79200,2369590000,128400,4024149000,43641789,36.48
01/06/2016,139500,4410627000,31.6(0.00 %),153740,4861041000,14240,450414000,44389769,36.26
02/06/2016,140,4998000,32(1.27 %),30300,962478000,30160,957480000,44389629,36.26
03/06/2016,77380,2548870000,32.5(1.56 %),86900,2861250000,9520,312380000,44418519,36.25
06/06/2016,-24400,-789780000,32(-1.54 %),8300,264030000,32700,1053810000,44424459,36.25
07/06/2016,31600,1024920000,32.9(2.81 %),60440,1969410000,28840,944490000,44394179,36.26
08/06/2016,72280,2472480000,33.7(2.43 %),72880,2493020000,600,20540000,44330819,36.28
09/06/2016,279900,9692160000,34.7(2.97 %),328100,11369320000,48200,1677160000,44035419,36.36
10/06/2016,136560,4693450000,34(-2.02 %),189560,6488450000,53000,1795000000,43874699,36.41
13/06/2016,-91670,-2956810000,32(-5.88 %),67280,2160260000,158950,5117070000,43808019,36.43
14/06/2016,-83690,-2645620000,32.3(0.94 %),22900,724080000,106590,3369700000,43833319,36.42
15/06/2016,-156900,-4955440000,32.3(0.00 %),44280,1402350000,201180,6357790000,43842039,36.42
16/06/2016,-57620,-1831880000,31.1(-3.72 %),17780,564380000,75400,2396260000,43983209,36.38
17/06/2016,-1163440,-34949960000,30(-3.54 %),543820,16320520000,1707260,51270480000,43545979,36.5
20/06/2016,76760,2417670000,32.1(7.00 %),134730,4254070000,57970,1836400000,43646975,36.47
21/06/2016,635030,20737200000,32(-0.31 %),654020,21348700000,18990,611500000,43068355,36.64
22/06/2016,132920,4358260000,32.4(1.25 %),210920,6905550000,78000,2547290000,44564695,36.21
23/06/2016,32010,1028440000,32(-1.23 %),36020,1157960000,4010,129520000,44552105,36.21
24/06/2016,-470440,-14857850000,30.3(-5.31 %),830310,24943710000,1300750,39801560000,43740785,36.45
27/06/2016,404620,12228810000,31(2.31 %),522420,15775960000,117800,3547150000,43296371,36.58
28/06/2016,284330,8779080000,30.8(-0.65 %),299900,9259970000,15570,480890000,43000481,36.66
29/06/2016,-94120,-2943730000,31.3(1.62 %),46500,1455010000,140620,4398740000,44254736,36.3
30/06/2016,6900,214360000,31(-0.96 %),11000,345200000,4100,130840000,44361536,36.27
01/07/2016,-221830,-6920340000,31.2(0.65 %),35000,1094000000,256830,8014340000,44342146,36.28
04/07/2016,-433730,-13690300000,31.5(0.96 %),22400,707940000,456130,14398240000,44460366,36.24
05/07/2016,-294640,-9164130000,31(-1.59 %),12480,388010000,307120,9552140000,44451986,36.24
06/07/2016,-94520,-2874460000,30.4(-1.94 %),170,5120000,94690,2879580000,44708646,36.17
07/07/2016,-40220,-1251500000,30.8(1.32 %),179160,5507900000,219380,6759400000,44985616,36.09
08/07/2016,-411970,-12352490000,30.1(-2.27 %),7900,237000000,419870,12589490000,45284836,36.0
11/07/2016,-107150,-3156120000,28.8(-4.32 %),20700,608150000,127850,3764270000,45284836,36.0
12/07/2016,-138490,-4094660000,29.5(2.43 %),563100,16457630000,701590,20552290000,45015106,36.08
13/07/2016,-135600,-4062320000,30.2(2.37 %),851660,25826470000,987260,29888790000,44583316,36.21
14/07/2016,-146420,-4338130000,29.5(-2.32 %),203750,6083310000,350170,10421440000,44507416,36.23
15/07/2016,-247350,-7182860000,29(-1.69 %),50480,1482440000,297830,8665300000,45158526,36.04
18/07/2016,-197000,-5745300000,29.1(0.34 %),40220,1163510000,237220,6908810000,46105566,35.77
19/07/2016,-257590,-7385220000,28.4(-2.41 %),2000,57600000,259590,7442820000,46453736,35.67
20/07/2016,-152540,-4271310000,27.4(-3.52 %),36340,1022950000,188880,5294260000,46715230,35.59
21/07/2016,9000,255160000,27.7(1.09 %),43070,1202240000,34070,947080000,46909380,35.54
22/07/2016,64250,1742230000,27(-2.53 %),69550,1885000000,5300,142770000,47099420,35.48
25/07/2016,34160,911510000,26.3(-2.59 %),42550,1138040000,8390,226530000,47245750,35.44
26/07/2016,-10590,-267150000,25.7(-2.28 %),8840,228560000,19430,495710000,47270980,35.43
27/07/2016,-46950,-1226220000,26.1(1.56 %),20170,528470000,67120,1754690000,47256110,35.44
28/07/2016,-154810,-3976760000,25.7(-1.53 %),49030,1268790000,203840,5245550000,47215470,35.45
29/07/2016,-13500,-344690000,25.6(-0.39 %),18880,484600000,32380,829290000,47216020,35.45
01/08/2016,-116740,-3070160000,26.3(2.73 %),89430,2346260000,206170,5416420000,47193710,35.46
02/08/2016,-587840,-14991000000,25.3(-3.80 %),133050,3407330000,720890,18398330000,47364500,35.41
03/08/2016,15800,390850000,24.6(-2.77 %),15900,393330000,100,2480000,47380980,35.4
04/08/2016,-74260,-1884710000,25.2(2.44 %),59900,1534140000,134160,3418850000,47527250,35.36
05/08/2016,-99980,-2508710000,24.9(-1.19 %),32600,824290000,132580,3333000000,48115540,35.19
08/08/2016,-75850,-1898880000,25.3(1.61 %),40550,1022900000,116400,2921780000,48075090,35.2
09/08/2016,26270,687620000,26.2(3.56 %),27280,713880000,1010,26260000,48181970,35.17
10/08/2016,361180,9580930000,26.9(2.67 %),361640,9592890000,460,11960000,47952910,35.24
11/08/2016,309400,8288590000,27.2(1.12 %),311700,8350490000,2300,61900000,47757610,35.29
12/08/2016,84740,2409810000,27.9(2.57 %),255800,7189960000,171060,4780150000,47502820,35.37
15/08/2016,3240,78940000,28.8(3.23 %),264570,7592590000,261330,7513650000,47238710,35.44
16/08/2016,-1006250,-28226050000,28.1(-2.43 %),127930,3630460000,1134180,31856510000,47113080,35.48
17/08/2016,-58830,-1660200000,28.1(0.00 %),677750,19124850000,736580,20785050000,46606390,35.63
18/08/2016,-634940,-17717140000,27.9(-0.71 %),230000,6410250000,864940,24127390000,46837729,35.56
19/08/2016,-747390,-21175830000,28(0.36 %),18310,517340000,765700,21693170000,47953599,35.24
22/08/2016,-440950,-12265170000,27.1(-3.21 %),200,5580000,441150,12270750000,48689979,35.03
23/08/2016,-1401090,-36884490000,26.3(-2.95 %),9150,240530000,1410240,37125020000,49345769,34.84
24/08/2016,-486670,-12789950000,26(-1.14 %),3200,83240000,489870,12873190000,50108269,34.62
25/08/2016,-1216280,-32135080000,26.2(0.77 %),20230,529790000,1236510,32664870000,50529189,34.5
26/08/2016,-514190,-13594240000,26.3(0.38 %),800,21120000,514990,13615360000,51938634,34.1
29/08/2016,-664280,-17208740000,25.4(-3.42 %),6500,169100000,670780,17377840000,52422004,33.96
30/08/2016,-656560,-16776360000,25.5(0.39 %),45310,1158840000,701870,17935200000,53613204,33.61
31/08/2016,-471210,-11937440000,25.3(-0.78 %),3020,76400000,474230,12013840000,54125174,33.47
01/09/2016,-415930,-10683300000,25.7(1.58 %),102500,2643600000,518430,13326900000,54693454,33.3
05/09/2016,-1647280,-42802650000,26.1(1.56 %),80740,2090360000,1728020,44893010000,55314584,33.13
06/09/2016,-944170,-25272530000,27.1(3.83 %),70,1870000,944240,25274400000,55788744,32.99
07/09/2016,-572790,-15326620000,26.7(-1.48 %),164560,4400170000,737350,19726790000,56142614,32.89
08/09/2016,-600950,-16080030000,26.7(0.00 %),60940,1621290000,661890,17701320000,57809694,32.41
09/09/2016,-437200,-11858280000,26.8(0.37 %),164310,4446930000,601510,16305210000,58589624,32.19
12/09/2016,-277420,-7224530000,25.8(-3.73 %),43920,1141140000,321340,8365670000,59283054,31.99
13/09/2016,-354830,-9118170000,25.55(-0.97 %),22820,585560000,377650,9703730000,59922124,31.8
14/09/2016,-195240,-4964830000,25.4(-0.59 %),10,250000,195250,4965080000,60523624,31.63
15/09/2016,-89230,-2250270000,25.2(-0.79 %),100,2540000,89330,2252810000,60844864,31.54
16/09/2016,-2239810,-56442350000,25.2(0.00 %),450670,11356710000,2690480,67799060000,60771844,31.56
19/09/2016,-55160,-1411940000,25.6(1.59 %),56990,1461640000,112150,2873580000,60910104,31.52
20/09/2016,-205370,-5206900000,25.35(-0.98 %),800,20270000,206170,5227170000,60998634,31.5
21/09/2016,-300700,-7768500000,26(2.56 %),3880,98790000,304580,7867290000,63685234,30.72
22/09/2016,-224640,-5914240000,25.9(-0.38 %),46850,1232410000,271490,7146650000,63750535,30.71
23/09/2016,-187570,-4848180000,25.6(-1.16 %),11400,295470000,198970,5143650000,63945305,30.65
26/09/2016,-294140,-7407440000,25(-2.34 %),12450,315030000,306590,7722470000,64237435,30.57
27/09/2016,135890,3481430000,25.7(2.80 %),161200,4127130000,25310,645700000,64347725,30.53
28/09/2016,-39210,-994380000,25.4(-1.17 %),40900,1035480000,80110,2029860000,64505795,30.49
29/09/2016,173430,4705010000,27.15(6.89 %),210140,5701680000,36710,996670000,64602245,30.46
30/09/2016,330440,8878040000,26.6(-2.03 %),360080,9672780000,29640,794740000,64267475,30.56
03/10/2016,18390,488230000,26.7(0.38 %),115000,3066400000,96610,2578170000,64232585,30.57
04/10/2016,163210,4320790000,26.1(-2.25 %),193050,5121420000,29840,800630000,64076245,30.61
05/10/2016,225230,5923940000,26.2(0.38 %),239270,6292230000,14040,368290000,63866618,30.67
06/10/2016,776230,20845200000,27.2(3.82 %),781850,20996070000,5620,150870000,63181378,30.87
07/10/2016,845730,23508420000,28.05(3.12 %),865930,24074770000,20200,566350000,62345288,31.11
10/10/2016,94230,2613020000,27.2(-3.03 %),293600,8063280000,199370,5450260000,62065729,31.19
11/10/2016,74600,2080470000,28.1(3.31 %),136100,3795040000,61500,1714570000,61935249,31.23
12/10/2016,35850,1000330000,27.9(-0.71 %),44410,1238290000,8560,237960000,61911039,31.23
13/10/2016,-84340,-2312830000,27.5(-1.43 %),31070,851300000,115410,3164130000,62079339,31.19
14/10/2016,-360390,-9914520000,27.4(-0.36 %),23000,635750000,383390,10550270000,62117839,31.17
17/10/2016,-130440,-3517060000,26.8(-2.19 %),120240,3226640000,250680,6743700000,62006159,31.21
18/10/2016,289360,7775630000,26.95(0.56 %),351300,9437370000,61940,1661740000,61770279,31.27
19/10/2016,18600,503910000,26.9(-0.19 %),35330,955410000,16730,451500000,62118206,31.17
20/10/2016,65990,1773890000,26.75(-0.56 %),94720,2543310000,28730,769420000,62274166,31.13
21/10/2016,154500,4083910000,26.4(-1.31 %),267160,7067140000,112660,2983230000,62068946,31.19
24/10/2016,123300,3225410000,26(-1.52 %),167720,4394560000,44420,1169150000,61917956,31.23
25/10/2016,204630,5325540000,26.1(0.38 %),210800,5486170000,6170,160630000,61735886,31.28
26/10/2016,122050,3150330000,25.8(-1.15 %),132050,3408330000,10000,258000000,61716496,31.29
27/10/2016,133270,3445190000,25.8(0.00 %),134300,3471760000,1030,26570000,61626616,31.31
28/10/2016,101960,2646570000,25.9(0.39 %),101970,2646830000,10,260000,61530816,31.34
31/10/2016,-477810,-11784880000,24.25(-6.37 %),179690,4457060000,657500,16241940000,61361126,31.39
01/11/2016,151050,3608860000,24.1(-0.62 %),151380,3616780000,330,7920000,61210776,31.43
02/11/2016,78440,1857480000,23.8(-1.24 %),134150,3181580000,55710,1324100000,61076636,31.47
03/11/2016,93290,2163930000,24.3(2.10 %),124600,2923700000,31310,759770000,61609536,31.32
04/11/2016,63530,1512390000,23.55(-3.09 %),124110,2957750000,60580,1445360000,61485756,31.36
07/11/2016,49210,1173290000,23.8(1.06 %),140280,3340760000,91070,2167470000,61401186,31.38
08/11/2016,-190260,-4268230000,22.45(3.74 %),19830,445030000,210090,4713260000,61412669,31.38
09/11/2016,-6650,-177540000,21.95(-2.23 %),155920,3386280000,162570,3563820000,61317343,31.4
10/11/2016,-579470,-12885310000,22.1(0.68 %),10530,235440000,590000,13120750000,61397888,31.38
11/11/2016,-27750,-608810000,21.75(-1.58 %),714350,15582140000,742100,16190950000,61193628,31.44
14/11/2016,244400,5247220000,21.5(-1.15 %),470850,10110090000,226450,4862870000,60995588,31.5
15/11/2016,-98200,-2123880000,21.6(0.47 %),15000,325500000,113200,2449380000,61570597,31.33
16/11/2016,-28900,-642300000,22.3(3.24 %),3010,66830000,31910,709130000,62009687,31.21
17/11/2016,-225360,-4924290000,21.7(-2.69 %),12000,262800000,237360,5187090000,62113897,31.18
18/11/2016,-155470,-3341960000,21.5(-0.92 %),7520,162080000,162990,3504040000,62219577,31.14
21/11/2016,262860,5785830000,22.1(2.79 %),295320,6503950000,32460,718120000,61956172,31.22
22/11/2016,8090,184870000,22.85(3.39 %),13200,302140000,5110,117270000,62180332,31.16
23/11/2016,306850,6979660000,22.75(-0.44 %),306850,6979660000,0,0,62036472,31.2
24/11/2016,263540,6097580000,23.2(1.98 %),543540,12581310000,280000,6483730000,61525392,31.34
25/11/2016,54790,1252710000,22.8(-1.72 %),179790,4102580000,125000,2849870000,61350712,31.39
28/11/2016,-446710,-9844360000,21.9(-3.95 %),8640,189480000,455350,10033840000,61342072,31.4
29/11/2016,-210040,-4624710000,21.9(0.00 %),15000,329000000,225040,4953710000,61607072,31.32
30/11/2016,-211240,-4578700000,21.9(0.00 %),80860,1756910000,292100,6335610000,61651212,31.31
01/12/2016,-655930,-15347970000,23.4(6.85 %),1059460,24790910000,1715390,40138880000,61447102,31.37
02/12/2016,-291870,-6837080000,23.2(-0.85 %),53970,1272330000,345840,8109410000,61618176,31.32
05/12/2016,-558190,-12685240000,22.3(-3.88 %),169240,3855280000,727430,16540520000,61894026,31.24
06/12/2016,-524720,-11586320000,21.85(-2.02 %),174280,3881710000,699000,15468030000,63035136,30.91
07/12/2016,-140020,-3044530000,21.6(-1.14 %),20680,448280000,160700,3492810000,63360296,30.82
08/12/2016,-106280,-2288290000,21.6(0.00 %),26190,565940000,132470,2854230000,63908546,30.66
09/12/2016,23210,510420000,21.7(0.46 %),94980,2069460000,71770,1559040000,70648684,30.57
12/12/2016,-336960,-7476990000,22.2(2.30 %),46800,1041310000,383760,8518300000,70762584,30.54
13/12/2016,-432540,-9417030000,21.6(-2.70 %),160400,3503840000,592940,12920870000,70734657,30.54
14/12/2016,-358520,-7690210000,21.55(-0.23 %),17400,374780000,375920,8064990000,70789027,30.53
15/12/2016,-73550,-1570300000,21.3(-1.16 %),10,210000,73560,1570510000,71172777,30.43
16/12/2016,-512530,-10992870000,21.45(0.70 %),406850,8725250000,919380,19718120000,71522701,30.34
19/12/2016,-248410,-5380280000,21.5(0.23 %),50,1090000,248460,5381370000,71639132,30.31
20/12/2016,224970,4827240000,21.5(0.00 %),335590,7215420000,110620,2388180000,71377111,30.38
21/12/2016,102020,2220790000,21.85(1.63 %),180000,3919450000,77980,1698660000,72116491,30.18
22/12/2016,-39140,-844010000,21.45(-1.83 %),29300,635280000,68440,1479290000,72335651,30.13
23/12/2016,-5050,-107460000,21.35(-0.47 %),26050,556930000,31100,664390000,72420221,30.1
26/12/2016,0,0,21.2(-0.70 %),0,0,0,0,72593641,30.06
27/12/2016,3020,63320000,20.6(-2.83 %),4100,85950000,1080,22630000,72593641,30.06
28/12/2016,-123190,-2521680000,20.1(-2.43 %),10880,219870000,134070,2741550000,72582761,30.06
29/12/2016,-32510,-653410000,20.2(0.50 %),10620,212050000,43130,865460000,72572141,30.06
30/12/2016,115420,2352960000,20.7(2.48 %),115420,2352960000,0,0,72457805,30.09
03/01/2017,-146590,-3057870000,20.8(0.48 %),393950,8201100000,540540,11258970000,72197925,30.16
04/01/2017,210960,4515450000,21.4(2.88 %),334130,7145620000,123170,2630170000,71906935,30.24
05/01/2017,-295790,-6310480000,21.35(-0.23 %),165000,3524250000,460790,9834730000,71741935,30.28
06/01/2017,-4580,-97400000,21.3(-0.23 %),145700,3107290000,150280,3204690000,72136775,30.18
09/01/2017,-25480,-547340000,21.5(0.94 %),34800,747680000,60280,1295020000,72259945,30.15
10/01/2017,-35230,-749530000,21.2(-1.40 %),108470,2299780000,143700,3049310000,72635465,30.05
11/01/2017,115480,2420560000,21.3(0.47 %),300150,6316040000,184670,3895480000,72544595,30.07
12/01/2017,279440,6040600000,21.6(1.41 %),325800,7044530000,46360,1003930000,72244275,30.15
13/01/2017,-3870,-87460000,21.3(-1.39 %),460710,9979590000,464580,10067050000,72254065,30.15
16/01/2017,-96980,-2048860000,21(-1.41 %),102000,2151100000,198980,4199960000,72277735,30.14
17/01/2017,-214840,-4501170000,20.85(-0.71 %),144360,3021270000,359200,7522440000,72179735,30.17
18/01/2017,-646630,-13399220000,20.4(-2.16 %),610,12630000,647240,13411850000,72293705,30.14
19/01/2017,-708790,-14325310000,20.1(-1.47 %),100010,2031700000,808800,16357010000,72392682,30.11
20/01/2017,-170430,-3456160000,20.2(0.50 %),11600,236110000,182030,3692270000,72740282,30.02
23/01/2017,-614890,-12472720000,20.05(-0.74 %),0,0,614890,12472720000,73387522,29.85
24/01/2017,-127180,-2617890000,20.75(3.49 %),8160,167000000,135340,2784890000,74188162,29.64
25/01/2017,-152010,-3177890000,21(1.20 %),10020,208970000,162030,3386860000,74360172,29.6
02/02/2017,-83600,-1744060000,20.9(-0.48 %),17090,357700000,100690,2101760000,74957972,29.44
03/02/2017,-174210,-3654060000,20.95(0.24 %),35020,735110000,209230,4389170000,75058292,29.42
06/02/2017,-145700,-3093220000,21.4(2.15 %),45100,952450000,190800,4045670000,75175222,29.39
07/02/2017,253350,5422200000,21.4(0.00 %),268250,5741840000,14900,319640000,75007668,29.43
08/02/2017,-148760,-3158360000,21.2(-0.93 %),24500,521230000,173260,3679590000,75192398,29.38
09/02/2017,-289220,-6129900000,20.95(-1.18 %),68510,1447110000,357730,7577010000,75314713,29.35
10/02/2017,-249400,-5306410000,21.3(1.67 %),5310,113230000,254710,5419640000,75324312,29.35
13/02/2017,7970,149870000,22.7(6.57 %),204450,4493450000,196480,4343580000,75293122,29.35
14/02/2017,-58260,-1334130000,22.8(0.44 %),17900,400620000,76160,1734750000,75632952,29.27
15/02/2017,-224660,-5093860000,22.45(-1.54 %),1500,33680000,226160,5127540000,75886162,29.2
16/02/2017,-539930,-12083690000,22(-2.00 %),29770,670600000,569700,12754290000,76052872,29.16
17/02/2017,-955710,-21143590000,22.2(0.91 %),78040,1726360000,1033750,22869950000,76050992,29.16
20/02/2017,188410,4308030000,23.05(3.83 %),241000,5497830000,52590,1189800000,76036152,29.16
21/02/2017,57900,1378560000,23(-0.22 %),322940,7511480000,265040,6132920000,76282920,29.1
22/02/2017,-219270,-5125010000,23.3(1.30 %),162370,3790030000,381640,8915040000,77154300,28.87
23/02/2017,-398650,-9188550000,22.85(-1.93 %),64390,1481220000,463040,10669770000,77142500,28.87
24/02/2017,-90630,-2095780000,23.05(0.88 %),100,2300000,90730,2098080000,77407440,28.8
27/02/2017,-1127980,-25539170000,22.65(-1.74 %),11930,270180000,1139910,25809350000,78112509,28.62
28/02/2017,-162850,-3688280000,22.2(-1.99 %),23400,519750000,186250,4208030000,78216799,28.59
01/03/2017,-19030,-392150000,22.2(0.00 %),195020,4358650000,214050,4750800000,78112509,28.62
02/03/2017,28370,626650000,22(-0.90 %),938780,20728210000,910410,20101560000,78813639,28.44
03/03/2017,-1522910,-32724560000,21.5(-2.27 %),91180,1961550000,1614090,34686110000,78908713,28.41
06/03/2017,-300250,-6434250000,21.3(-0.93 %),110910,2367000000,411160,8801250000,79011853,28.38
07/03/2017,61290,1311640000,21.75(2.11 %),331100,7098700000,269810,5787060000,79308383,28.31
08/03/2017,167390,3627380000,21.65(-0.46 %),259550,5628490000,92160,2001110000,80735085,27.94
09/03/2017,-154960,-3290000000,21.15(-2.31 %),30100,638620000,185060,3928620000,81116153,27.84
10/03/2017,68740,1442000000,21.15(0.00 %),96050,2017970000,27310,575970000,81072693,27.85
13/03/2017,-198780,-4138190000,20.8(-1.65 %),186460,3885150000,385240,8023340000,80906233,27.89
14/03/2017,-318010,-6669140000,20.9(0.48 %),10010,209960000,328020,6879100000,81081283,27.84
15/03/2017,-57560,-1202730000,20.65(-1.20 %),72510,1494850000,130070,2697580000,81036083,27.86
16/03/2017,-19090,-398460000,21.05(1.94 %),700,14770000,19790,413230000,81420627,27.76
17/03/2017,-699410,-14547500000,20.8(-1.19 %),211320,4396260000,910730,18943760000,81420627,27.76
20/03/2017,7960,164730000,20.8(0.00 %),57810,1204190000,49850,1039460000,81420627,27.76
21/03/2017,-136930,-2834250000,20.65(-0.72 %),31200,648360000,168130,3482610000,81420627,27.76
22/03/2017,-64910,-1338500000,20.3(-1.69 %),199800,4077540000,264710,5416040000,81420627,27.76
23/03/2017,-188490,-3840470000,20.4(0.49 %),166950,3421790000,355440,7262260000,81420627,27.76
24/03/2017,-1144230,-23215250000,20.5(0.49 %),122380,2481630000,1266610,25696880000,81420627,27.76
27/03/2017,-322870,-6541530000,20.15(-1.71 %),194470,3941130000,517340,10482660000,81420627,27.76
28/03/2017,-835050,-16799380000,20.3(0.74 %),59380,1191920000,894430,17991300000,81420627,27.76
29/03/2017,-440410,-8992010000,20.35(0.25 %),104740,2143320000,545150,11135330000,81420627,27.76
30/03/2017,-389870,-7996800000,20.4(0.25 %),0,0,389870,7996800000,81420627,27.76
31/03/2017,-1475780,-29747840000,20.05(-1.72 %),109910,2204880000,1585690,31952720000,81420627,27.76
03/04/2017,-901430,-17837040000,19.7(-1.75 %),79220,1561420000,980650,19398460000,85615090,26.66
04/04/2017,-136850,-2676350000,19.7(0.00 %),66390,1300030000,203240,3976380000,85938570,26.58
05/04/2017,-112240,-2220250000,19.65(-0.25 %),89210,1769190000,201450,3989440000,87353691,26.21
07/04/2017,86690,1732230000,20.05(2.04 %),89340,1784970000,2650,52740000,88245013,25.98
10/04/2017,201800,4012320000,19.85(-1.00 %),744250,14799630000,542450,10787310000,88061453,26.02
11/04/2017,-2180,-42540000,20.05(1.01 %),7590,153460000,9770,196000000,88255313,25.97
12/04/2017,665390,13474800000,20.25(1.00 %),723810,14657510000,58420,1182710000,87534153,26.16
13/04/2017,80750,1615000000,20(-1.23 %),80750,1615000000,0,0,87638403,26.13
14/04/2017,97070,1907100000,19.65(-1.75 %),108070,2124170000,11000,217070000,87540103,26.16
17/04/2017,66350,1291290000,19.2(-2.29 %),68810,1339630000,2460,48340000,87529713,26.16
18/04/2017,-113420,-2140720000,19.25(0.26 %),118300,2271690000,231720,4412410000,87411413,26.19
19/04/2017,-25160,-479900000,18.95(-1.56 %),98550,1872440000,123710,2352340000,87323863,26.22
20/04/2017,19820,368090000,18.6(-1.85 %),25050,466210000,5230,98120000,87301273,26.22
21/04/2017,54810,1046700000,18.6(0.00 %),162540,3041880000,107730,1995180000,87370453,26.2
24/04/2017,131450,2466720000,18.8(1.08 %),179740,3350040000,48290,883320000,87314423,26.22
25/04/2017,86620,1606550000,18.5(-1.60 %),86620,1606550000,0,0,87233034,26.24
26/04/2017,224870,4187010000,18.6(0.54 %),227010,4226600000,2140,39590000,87113754,26.27
27/04/2017,-222480,-4126670000,18.55(-0.27 %),104260,1960580000,326740,6087250000,87057784,26.29
28/04/2017,-371480,-6677030000,17.7(-4.58 %),8930,161020000,380410,6838050000,87048854,26.29
03/05/2017,-705960,-11890190000,16.5(-6.78 %),172550,2912090000,878510,14802280000,86878455,26.33
04/05/2017,-3124430,-48601810000,15.4(-6.67 %),379200,5986290000,3503630,54588100000,86825995,26.35
05/05/2017,128900,1967860000,16.45(6.82 %),192440,3008960000,63540,1041100000,87013965,26.3
08/05/2017,-15340,-262190000,16.3(-0.91 %),236560,3943460000,251900,4205650000,87655915,26.13
09/05/2017,51300,826430000,16.15(-0.92 %),51320,826760000,20,330000,91108226,25.23
10/05/2017,-13850,-230530000,16.3(0.93 %),47520,768570000,61370,999100000,91124246,25.22
11/05/2017,-486850,-7855720000,16(-1.84 %),13250,215590000,500100,8071310000,91362896,25.16
12/05/2017,-12820,-198250000,16(0.00 %),33630,541430000,46450,739680000,91329286,25.17
15/05/2017,-247880,-3947490000,16(0.00 %),30000,481960000,277880,4429450000,91360656,25.16
16/05/2017,-14310,-231470000,16.15(0.94 %),15890,259360000,30200,490830000,91844866,25.04
17/05/2017,-121750,-1943840000,16(-0.93 %),1850,29460000,123600,1973300000,91889466,25.02
18/05/2017,-98060,-1554360000,15.75(-1.56 %),22000,349820000,120060,1904180000,92145346,24.96
19/05/2017,14380,228150000,15.8(0.32 %),20580,327240000,6200,99090000,92154966,24.96
22/05/2017,-5720,-92600000,16.2(2.53 %),270,4380000,5990,96980000,92278296,24.92
23/05/2017,-282790,-4544890000,15.9(-1.85 %),87570,1399240000,370360,5944130000,92310790,24.91
24/05/2017,-401400,-6430700000,16.05(0.94 %),1370,21940000,402770,6452640000,92315620,24.91
25/05/2017,-111230,-1863880000,16.75(4.36 %),15130,253540000,126360,2117420000,92306480,24.92
26/05/2017,93150,1518940000,16.35(-2.39 %),188100,3066390000,94950,1547450000,92488755,24.87
29/05/2017,43900,711580000,16.3(-0.31 %),57270,930180000,13370,218600000,92834255,24.78
30/05/2017,-1460,-22780000,15.9(-2.45 %),4360,70340000,5820,93120000,92956263,24.75
31/05/2017,9360,148070000,15.6(-1.89 %),122100,1924630000,112740,1776560000,92929116,24.75
01/06/2017,-555860,-8611180000,15.45(-0.96 %),16410,254940000,572270,8866120000,92926076,24.75
02/06/2017,-307380,-4717550000,15.4(-0.32 %),0,0,307380,4717550000,92931896,24.75
05/06/2017,-218910,-3367060000,15.3(-0.65 %),35100,539180000,254010,3906240000,93043406,24.72
06/06/2017,-9930,-151190000,15.15(-0.98 %),3000,45750000,12930,196940000,93612676,24.58
07/06/2017,-296000,-4521100000,15.2(0.33 %),13080,200770000,309080,4721870000,93906976,24.5
08/06/2017,-1357330,-19874500000,14.5(-4.61 %),157700,2310450000,1515030,22184950000,93969416,24.48
09/06/2017,-28490,-416180000,14.55(0.34 %),5130,74600000,33620,490780000,93977216,24.48
12/06/2017,-200870,-2831690000,13.95(-4.12 %),3430,48540000,204300,2880230000,94282868,24.4
13/06/2017,-313040,-4417100000,14.3(2.51 %),1020,14230000,314060,4431330000,95796878,24.01
14/06/2017,-910460,-13096780000,14.5(1.40 %),1050,15070000,911510,13111850000,95829448,24.0
15/06/2017,-314360,-4485970000,14.3(-1.38 %),36640,521460000,351000,5007430000,95997108,23.95
16/06/2017,-4854830,-69234390000,14.25(-0.35 %),606910,8648470000,5461740,77882860000,95704258,24.03
19/06/2017,-205360,-2944950000,14.35(0.70 %),53520,769420000,258880,3714370000,96562248,23.81
20/06/2017,-135220,-1903450000,14.05(-2.09 %),177710,2534910000,312930,4438360000,96735538,23.76
21/06/2017,-445900,-6072740000,13.35(-4.98 %),9430,127910000,455330,6200650000,102187849,22.34
22/06/2017,22260,286250000,13(-2.62 %),150610,1979500000,128350,1693250000,102296119,22.31
23/06/2017,-112860,-1490850000,13.1(0.77 %),5000,66250000,117860,1557100000,102604054,22.23
26/06/2017,-1784980,-25012500000,14(6.87 %),225490,3126980000,2010470,28139480000,102833894,22.17
27/06/2017,-256920,-3546000000,13.7(-2.14 %),148180,2023380000,405100,5569380000,102866424,22.16
28/06/2017,48500,682250000,14.05(2.55 %),65500,919750000,17000,237500000,102866424,22.16
29/06/2017,-339290,-4817270000,14(-0.36 %),92750,1320490000,432040,6137760000,104784145,21.66
30/06/2017,29270,406810000,13.85(-1.07 %),29270,406810000,0,0,105159975,21.56
03/07/2017,50140,704480000,14.05(1.44 %),50440,708710000,300,4230000,105126535,21.57
04/07/2017,-124390,-1740780000,14.05(0.00 %),51180,729900000,175570,2470680000,105507401,21.47
05/07/2017,-221450,-3111150000,14(-0.36 %),10580,148180000,232030,3259330000,105496821,21.47
06/07/2017,-98660,-1381260000,13.85(-1.07 %),60000,832000000,158660,2213260000,105437121,21.49
07/07/2017,-582890,-7910250000,13.4(-3.25 %),3650,49620000,586540,7959870000,105609041,21.45
10/07/2017,-48730,-653030000,13.5(0.75 %),10500,140500000,59230,793530000,106375221,21.25
11/07/2017,180250,2421970000,13.5(0.00 %),611920,8246500000,431670,5824530000,105788681,21.4
12/07/2017,-383100,-5211100000,13.65(1.11 %),2120,28840000,385220,5239940000,106373101,21.25
13/07/2017,-21640,-293820000,13.55(-0.73 %),3360,45680000,25000,339500000,106428971,21.23
14/07/2017,-69200,-932860000,13.5(-0.37 %),1500,20200000,70700,953060000,106447779,21.23
17/07/2017,-39860,-532700000,13.2(-2.22 %),426160,5628240000,466020,6160940000,106816469,21.13
18/07/2017,4450,58140000,13(-1.52 %),414050,5382960000,409600,5324820000,106836229,21.12
19/07/2017,65710,862800000,13.25(1.92 %),486290,6434560000,420580,5571760000,106835089,21.13
20/07/2017,-193780,-2626780000,13.5(1.89 %),250,3380000,194030,2630160000,106891236,21.11
21/07/2017,-42060,-560080000,13.2(-2.22 %),206040,2766290000,248100,3326370000,106685986,21.16
24/07/2017,-103200,-1350150000,13.05(-1.14 %),11800,154450000,115000,1504600000,106680316,21.17
25/07/2017,-136750,-1782350000,13.1(0.38 %),88500,1160690000,225250,2943040000,106785846,21.14
26/07/2017,-85460,-1137080000,13.2(0.76 %),216100,2880790000,301560,4017870000,106927416,21.1
27/07/2017,-76390,-1002600000,13.15(-0.38 %),5430,71260000,81820,1073860000,106927416,21.1
28/07/2017,-914650,-12200110000,13.2(0.38 %),0,0,914650,12200110000,107152668,21.04
31/07/2017,-503000,-6691650000,13.3(0.76 %),224550,2986520000,727550,9678170000,107452228,20.96
01/08/2017,-1078650,-15165930000,14.2(6.77 %),151430,2150310000,1230080,17316240000,107382618,20.98
02/08/2017,-116940,-1724820000,14.5(2.11 %),240220,3473870000,357160,5198690000,108057048,20.81
03/08/2017,-338090,-4952860000,14.7(1.38 %),11980,173670000,350070,5126530000,108550074,20.68
04/08/2017,-173270,-2673820000,15.55(5.78 %),199410,3032300000,372680,5706120000,109580744,20.41
07/08/2017,-412990,-6483550000,15.9(2.25 %),38660,604750000,451650,7088300000,109899244,20.33
08/08/2017,-137500,-2122890000,15.2(-4.40 %),15530,241030000,153030,2363920000,110233792,20.24
09/08/2017,-149920,-2254280000,14.75(-2.96 %),1900,28260000,151820,2282540000,110604572,20.14
10/08/2017,-301160,-4543490000,15.35(4.07 %),150,2250000,301310,4545740000,111056072,20.02
11/08/2017,-84290,-1291000000,15.1(-1.63 %),12100,184820000,96390,1475820000,111197006,19.99
14/08/2017,-76440,-1146880000,15(-0.66 %),7620,114430000,84060,1261310000,111341206,19.95
15/08/2017,-264770,-3919310000,15(0.00 %),2000,29500000,266770,3948810000,111640516,19.87
16/08/2017,-166390,-2538000000,15.6(4.00 %),108100,1657070000,274490,4195070000,111628806,19.87
17/08/2017,-88670,-1382010000,15.2(-2.56 %),67330,1054250000,156000,2436260000,111645536,19.87
18/08/2017,-15850,-240850000,14.95(-1.64 %),7430,112450000,23280,353300000,111904876,19.8
21/08/2017,-62770,-944370000,14.75(-1.34 %),7230,107380000,70000,1051750000,112172146,19.73
22/08/2017,-4640,-66130000,14.5(-1.69 %),7360,107570000,12000,173700000,112320786,19.69
23/08/2017,29530,422470000,14.2(-2.07 %),30730,439510000,1200,17040000,112313336,19.7
24/08/2017,-28570,-407020000,14.25(0.35 %),2000,28600000,30570,435620000,112381336,19.68
25/08/2017,-55200,-826810000,14.6(2.46 %),178300,2546140000,233500,3372950000,112215036,19.72
28/08/2017,6850,100690000,14.55(-0.34 %),7000,102900000,150,2210000,112209236,19.72
29/08/2017,29950,422290000,14.1(-3.09 %),50100,706430000,20150,284140000,112189706,19.73
30/08/2017,16300,223030000,13.8(-2.13 %),16300,223030000,0,0,112406906,19.67
31/08/2017,1100,14870000,13.8(0.00 %),1600,21600000,500,6730000,112405459,19.67
01/09/2017,-169130,-2310180000,13.5(-2.17 %),33870,476270000,203000,2786450000,112391739,19.68
05/09/2017,190710,2599130000,13.6(0.74 %),210830,2872500000,20120,273370000,112180909,19.73
06/09/2017,2050,27930000,13.65(0.37 %),16700,229430000,14650,201500000,112164709,19.73
07/09/2017,-6700,-93120000,13.8(1.10 %),300,4170000,7000,97290000,112367409,19.68
08/09/2017,7030,96280000,13.6(-1.45 %),7530,103160000,500,6880000,112379999,19.68
11/09/2017,129730,1757660000,13.4(-1.47 %),820080,11080100000,690350,9322440000,111874574,19.81
12/09/2017,-887740,-11850970000,13.35(-0.37 %),59630,796670000,947370,12647640000,111821944,19.82
13/09/2017,-724470,-9722880000,13.65(2.25 %),5850,78210000,730320,9801090000,111816594,19.83
14/09/2017,-697860,-9571700000,13.7(0.37 %),12790,175860000,710650,9747560000,112194165,19.73
15/09/2017,-614830,-8351520000,13.55(-1.09 %),38520,522150000,653350,8873670000,113103015,19.49
18/09/2017,-61830,-891070000,13.95(2.95 %),842260,11719290000,904090,12610360000,112991075,19.52
19/09/2017,-1409203,-19933850000,14.05(0.72 %),412000,5839350000,1821203,25773200000,113689725,19.34
20/09/2017,-550400,-7676280000,13.9(-1.07 %),300,4200000,550700,7680480000,114342795,19.17
21/09/2017,-536590,-7528560000,13.9(0.00 %),3500,49000000,540090,7577560000,115243380,18.93
22/09/2017,-414950,-5727300000,13.7(-1.44 %),4400,60570000,419350,5787870000,116660185,18.56
25/09/2017,6800,93600000,13.85(1.09 %),6800,93600000,0,0,117204085,18.42
26/09/2017,1863220,27347010000,14.8(6.86 %),1863370,27349200000,150,2190000,115880810,18.76
27/09/2017,41440,609240000,14.5(-2.03 %),51840,765100000,10400,155860000,116248320,18.67
28/09/2017,1199960,17567820000,14.6(0.69 %),1201360,17588400000,1400,20580000,115046978,18.98
29/09/2017,99080,1430430000,14.15(-3.08 %),100010,1443900000,930,13470000,114947118,19.01
02/10/2017,-36020,-513300000,14.25(0.71 %),6980,100690000,43000,613990000,114950538,19.01
03/10/2017,5070,71830000,13.9(-2.46 %),17860,248330000,12790,176500000,114934085,19.01
04/10/2017,145280,2021430000,13.95(0.36 %),149300,2077330000,4020,55900000,114785715,19.05
05/10/2017,43190,597450000,13.95(0.00 %),43190,597450000,0,0,114785525,19.05
06/10/2017,57560,814210000,14(0.36 %),57560,814210000,0,0,114740755,19.06
09/10/2017,9270,128400000,13.85(-1.07 %),9520,131850000,250,3450000,114735255,19.06
10/10/2017,231350,3227330000,13.9(0.36 %),231500,3229430000,150,2100000,114503755,19.12
11/10/2017,522650,7406810000,14.25(2.52 %),524400,7431490000,1750,24680000,113979355,19.26
12/10/2017,7440,107340000,14.1(-1.05 %),18340,261030000,10900,153690000,113961265,19.27
13/10/2017,501090,7115280000,14.4(2.13 %),511220,7257780000,10130,142500000,113450196,19.4
16/10/2017,258130,3779710000,14.7(2.08 %),279130,4089910000,21000,310200000,113172816,19.47
17/10/2017,122310,1790240000,14.6(-0.68 %),172310,2520240000,50000,730000000,113011406,19.51
18/10/2017,13150,196200000,14.8(1.37 %),44680,660380000,31530,464180000,112976865,19.52
19/10/2017,518860,7756420000,15.1(2.03 %),530010,7924100000,11150,167680000,112467855,19.66
20/10/2017,703300,10549460000,14.85(-1.66 %),703300,10549460000,0,0,111814561,19.83
23/10/2017,10440,154470000,14.3(-3.70 %),41380,604650000,30940,450180000,111804714,19.83
24/10/2017,-7740,-111750000,14.3(0.00 %),37020,529390000,44760,641140000,111778844,19.84
25/10/2017,-4460,-65020000,14.35(0.35 %),1800,26190000,6260,91210000,111777044,19.84
26/10/2017,154810,2231220000,14.45(0.70 %),181080,2610030000,26270,378810000,111626904,19.87
27/10/2017,13420,196560000,14.8(2.42 %),14920,218660000,1500,22100000,111656744,19.87
30/10/2017,-267440,-4064520000,14.85(0.34 %),834250,12512300000,1101690,16576820000,111658754,19.87
31/10/2017,97490,1456820000,14.9(0.34 %),195470,2922270000,97980,1465450000,111489554,19.91
01/11/2017,-14400,-230510000,15.65(5.03 %),54450,838140000,68850,1068650000,111436604,19.92
02/11/2017,221190,3412320000,15.4(-1.60 %),252840,3898200000,31650,485880000,111455454,19.92
03/11/2017,622730,9875900000,16(3.90 %),692790,10988320000,70060,1112420000,110860651,20.07
06/11/2017,-1286170,-20880370000,16.1(0.62 %),94670,1550660000,1380840,22431030000,110834832,20.08
07/11/2017,398140,6693020000,16.9(4.97 %),835000,14016830000,436860,7323810000,110031392,20.29
08/11/2017,60760,1022640000,16.8(-0.59 %),65360,1100200000,4600,77560000,110036092,20.29
09/11/2017,302880,5047620000,16.8(0.00 %),325880,5430770000,23000,383150000,111091052,20.01
10/11/2017,30010,501390000,17.1(1.79 %),145110,2478650000,115100,1977260000,111382802,19.94
13/11/2017,431530,7346940000,17.8(4.09 %),682630,11782750000,251100,4435810000,110704772,20.12
14/11/2017,14250,172700000,17.5(-1.69 %),621870,10919360000,607620,10746660000,110105902,20.27
15/11/2017,415500,7118930000,17.2(-1.71 %),508290,8714750000,92790,1595820000,109712712,20.37
16/11/2017,403210,7091900000,17.85(3.78 %),419360,7375990000,16150,284090000,109544452,20.42
17/11/2017,191720,3397370000,17.4(-2.52 %),534890,9425070000,343170,6027700000,109747992,20.37
20/11/2017,-187820,-3317770000,17.65(1.44 %),54980,971680000,242800,4289450000,109785807,20.36
21/11/2017,-135350,-2392280000,17.2(-2.55 %),57700,1000920000,193050,3393200000,109744257,20.37
22/11/2017,-137430,-2395050000,17.7(2.91 %),18740,329930000,156170,2724980000,109937877,20.32
23/11/2017,-279560,-5121730000,18.2(2.82 %),72680,1313030000,352240,6434760000,110108002,20.27
24/11/2017,-32730,-612320000,19.15(5.22 %),121200,2300550000,153930,2912870000,110179852,20.25
27/11/2017,380190,7361440000,19.1(-0.26 %),702690,13581840000,322500,6220400000,109633332,20.4
28/11/2017,224140,4183190000,18.6(-2.62 %),236410,4411000000,12270,227810000,109749162,20.36
29/11/2017,-336670,-6249380000,19(2.15 %),27330,515610000,364000,6764990000,109875765,20.33
30/11/2017,282900,5324970000,18.75(-1.32 %),464490,8756300000,181590,3431330000,109733775,20.37
01/12/2017,-118320,-2255580000,18.9(0.80 %),110140,2119660000,228460,4375240000,109635905,20.39
04/12/2017,957050,18698020000,20.2(6.88 %),1374570,26812770000,417520,8114750000,108625336,20.66
05/12/2017,443180,8847120000,19.45(-3.71 %),512490,10221730000,69310,1374610000,108294436,20.74
06/12/2017,615380,12030790000,20(2.83 %),788690,15438540000,173310,3407750000,107734206,20.89
07/12/2017,-29370,-556310000,19.3(-3.50 %),175750,3428710000,205120,3985020000,107975976,20.83
08/12/2017,-226640,-4398740000,19.45(0.78 %),43260,841090000,269900,5239830000,108002026,20.82
11/12/2017,-22860,-448610000,19.45(0.00 %),41000,788480000,63860,1237090000,108134336,20.79
12/12/2017,10260,207840000,20.75(6.68 %),63860,1278060000,53600,1070220000,108275596,20.75
13/12/2017,107210,2275610000,21.4(3.13 %),125560,2668540000,18350,392930000,108419936,20.71
14/12/2017,-11110,-236730000,21.2(-0.93 %),26460,560500000,37570,797230000,108457336,20.7
15/12/2017,221410,4848250000,22(3.77 %),490060,10681290000,268650,5833040000,108020876,20.82
18/12/2017,-46910,-1048850000,22.1(0.45 %),19790,444450000,66700,1493300000,108019436,20.82
19/12/2017,197310,4524670000,23.1(4.52 %),477980,10742410000,280670,6217740000,107579026,20.93
20/12/2017,322640,7772610000,23.7(2.60 %),446020,10732880000,123380,2960270000,107401656,20.98
21/12/2017,-15730,-376300000,22.8(-3.80 %),25620,603030000,41350,979330000,107442736,20.97
22/12/2017,76170,1762600000,23.05(1.10 %),85670,1981630000,9500,219030000,107637736,20.92
25/12/2017,-5080,-119190000,23.35(1.30 %),7640,178660000,12720,297850000,107753477,20.89
26/12/2017,1050,25080000,23.85(2.14 %),2550,60560000,1500,35480000,107792291,20.88
27/12/2017,3380,88690000,24(0.63 %),31630,774580000,28250,685890000,107770161,20.88
28/12/2017,19580,468490000,24(0.00 %),26240,629060000,6660,160570000,107756641,20.88
29/12/2017,123520,2906540000,23.35(-2.71 %),170680,4018900000,47160,1112360000,107587461,20.93
02/01/2018,342210,7849760000,23(-1.50 %),604610,13887040000,262400,6037280000,107011101,21.08
03/01/2018,-25210,-596100000,24.4(6.09 %),15230,368680000,40440,964780000,107002531,21.08
04/01/2018,-235660,-5923310000,25(2.46 %),31960,799620000,267620,6722930000,107017731,21.08
05/01/2018,-46130,-1168640000,24.95(-0.20 %),35760,886610000,81890,2055250000,107244371,21.02
08/01/2018,-288180,-7147570000,25(0.20 %),48710,1210990000,336890,8358560000,107236101,21.02
09/01/2018,-100640,-2621250000,26.5(6.00 %),29030,758370000,129670,3379620000,107474691,20.96
10/01/2018,837620,23531420000,28.35(6.98 %),904380,25411780000,66760,1880360000,106652201,21.17
11/01/2018,135590,3794690000,28.1(-0.88 %),562680,15802330000,427090,12007640000,106426411,21.23
12/01/2018,664290,18784350000,27.7(-1.42 %),797550,22551440000,133260,3767090000,105878531,21.37
15/01/2018,216370,6044910000,27.9(0.72 %),277380,7735690000,61010,1690780000,105667911,21.43
16/01/2018,719700,20258270000,28.3(1.43 %),741460,20869430000,21760,611160000,105353541,21.51
17/01/2018,227740,6417280000,27(-4.59 %),269800,7601340000,42060,1184060000,105097001,21.58
18/01/2018,76020,1983430000,27.2(0.74 %),118620,3130970000,42600,1147540000,105039391,21.59
19/01/2018,206020,5409290000,26.2(-3.68 %),383600,10160240000,177580,4750950000,104677551,21.69
22/01/2018,1199610,32613910000,27.7(5.73 %),1318040,35781570000,118430,3167660000,103401571,22.02
25/01/2018,1085190,32349590000,29.6(6.86 %),1965180,56670350000,879990,24320760000,102366521,22.29
26/01/2018,-73940,-2253920000,29.6(0.00 %),394390,11632090000,468330,13886010000,101972142,22.39
29/01/2018,621630,18806740000,30.6(3.38 %),678790,20529790000,57160,1723050000,101293352,22.57
30/01/2018,785860,23318370000,29.5(-3.59 %),822750,24418490000,36890,1100120000,100759076,22.71
31/01/2018,-688800,-19318170000,27.45(-6.95 %),103760,2907400000,792560,22225570000,101123649,22.62
01/02/2018,-34030,-862740000,25.55(-6.92 %),55240,1474820000,89270,2337560000,101125569,22.61
02/02/2018,1496400,38612140000,26.5(3.72 %),1532910,39532780000,36510,920640000,99629549,23.01
05/02/2018,-179400,-4424600000,24.65(-6.98 %),133080,3280670000,312480,7705270000,100289029,22.83
06/02/2018,11640,267140000,22.95(-6.90 %),41640,955640000,30000,688500000,100336659,22.82
07/02/2018,53600,1262430000,22(-4.14 %),132010,3046460000,78410,1784030000,100241165,22.85
08/02/2018,397510,8154090000,20.5(-6.82 %),439020,9007150000,41510,853060000,100114625,22.88
09/02/2018,-275370,-5304130000,19.9(-2.93 %),10150,194170000,285520,5498300000,100134476,22.87
12/02/2018,100530,2100620000,21.25(6.78 %),208510,4261170000,107980,2160550000,100004384,22.91
13/02/2018,2880,76850000,21.5(1.18 %),86320,1881820000,83440,1804970000,99959574,22.92
21/02/2018,99500,2132240000,20.7(-3.72 %),134040,2878020000,34540,745780000,100111054,22.88
22/02/2018,680800,13303170000,19.4(-6.28 %),697770,13638110000,16970,334940000,99521264,23.03
23/02/2018,144350,2910260000,20.75(6.96 %),163380,3305110000,19030,394850000,99441332,23.05
26/02/2018,-17230,-375180000,21.2(2.17 %),9670,208620000,26900,583800000,99466202,23.05
27/02/2018,639460,13732030000,22(3.77 %),648080,13916270000,8620,184240000,98835096,23.21
28/02/2018,703170,15748920000,23(4.55 %),861200,19269450000,158030,3520530000,97992926,23.43
01/03/2018,107050,2409380000,22(-4.35 %),113610,2557810000,6560,148430000,97906216,23.45
02/03/2018,-30610,-669330000,22.2(0.91 %),16110,347110000,46720,1016440000,97898726,23.46
05/03/2018,995860,22125640000,22(-0.90 %),1006500,22361610000,10640,235970000,97050256,23.68
06/03/2018,-3800,-83900000,22(0.00 %),10190,223410000,13990,307310000,97046626,23.68
07/03/2018,862440,19147570000,22.3(1.36 %),885490,19658440000,23050,510870000,96207856,23.9
08/03/2018,182990,4071310000,22.2(-0.45 %),191010,4250150000,8020,178840000,96027486,23.94
09/03/2018,36960,796990000,21.4(-3.60 %),46010,994270000,9050,197280000,95995466,23.95
12/03/2018,-47570,-1027390000,21.5(0.47 %),6250,136090000,53820,1163480000,96012266,23.95
13/03/2018,-283780,-5811300000,20.7(-3.72 %),35510,734640000,319290,6545940000,95984776,23.96
14/03/2018,885040,18404520000,21.1(1.93 %),886870,18442160000,1830,37640000,95106956,24.19
15/03/2018,9380,195340000,20.8(-1.42 %),19380,404400000,10000,209060000,95141396,24.18
16/03/2018,-929880,-19342000000,20.8(0.00 %),2500,52300000,932380,19394300000,95458186,24.09
19/03/2018,87770,1870130000,21.45(3.12 %),353650,7575390000,265880,5705260000,95106366,24.19
20/03/2018,-93570,-1964930000,21(-2.10 %),2790,58940000,96360,2023870000,95113576,24.18
21/03/2018,765350,16860470000,22.1(5.24 %),778640,17152110000,13290,291640000,95267316,24.14
22/03/2018,809270,18526830000,22.65(2.49 %),827420,18945070000,18150,418240000,94705776,24.29
23/03/2018,223670,4911730000,22.3(-1.55 %),233290,5122830000,9620,211100000,94568846,24.33
26/03/2018,-275720,-5919230000,20.75(-6.95 %),146030,3041420000,421750,8960650000,94436106,24.36
27/03/2018,5160,79310000,19.4(-6.51 %),74360,1468370000,69200,1389060000,94379896,24.37
28/03/2018,63820,1213740000,19.1(-1.55 %),63870,1214710000,50,970000,94325646,24.39
29/03/2018,159990,3085150000,19(-0.52 %),230590,4433380000,70600,1348230000,94516806,24.34
30/03/2018,254890,4864030000,19.1(0.53 %),259370,4948750000,4480,84720000,94326636,24.39
02/04/2018,15580,294050000,19(-0.52 %),22930,432290000,7350,138240000,94303756,24.39
03/04/2018,403310,7395950000,18.55(-2.37 %),409450,7509030000,6140,113080000,93964906,24.48
04/04/2018,325470,5933540000,18.1(-2.43 %),405160,7387310000,79690,1453770000,93564226,24.59
05/04/2018,308890,5558240000,18.5(2.21 %),327890,5903240000,19000,345000000,93243686,24.67
06/04/2018,168390,3076180000,18.4(-0.54 %),169040,3088210000,650,12030000,93080786,24.71
09/04/2018,418150,7593850000,18.3(-0.54 %),440890,8008860000,22740,415010000,92719586,24.81
10/04/2018,118920,2165250000,18.3(0.00 %),203690,3710780000,84770,1545530000,92534896,24.86
11/04/2018,449330,8444900000,18.65(1.91 %),547560,10286040000,98230,1841140000,91987986,25.0
12/04/2018,1003910,19538170000,19.95(6.97 %),1017660,19801420000,13750,263250000,90993066,25.26
13/04/2018,157830,3262000000,19.5(-2.26 %),390960,7856190000,233130,4594190000,90686876,25.34
16/04/2018,-293070,-5716970000,19.5(0.00 %),160,3110000,293230,5720080000,90784946,25.31
17/04/2018,-204800,-3904350000,18.75(-3.85 %),423720,7831090000,628520,11735440000,90631366,25.35
18/04/2018,-251260,-4664100000,18.35(-2.13 %),4000,73500000,255260,4737600000,90860496,25.29
19/04/2018,-368230,-6826740000,18.3(-0.27 %),5500,100650000,373730,6927390000,91148226,25.22
20/04/2018,-790360,-14431850000,18.25(-0.27 %),26400,481550000,816760,14913400000,91493956,25.13
23/04/2018,269390,4927490000,18(-1.37 %),324990,5946220000,55600,1018730000,91424226,25.15
24/04/2018,436690,8066180000,18.45(2.50 %),437420,8079470000,730,13290000,91360536,25.16
26/04/2018,46230,823700000,17.6(-4.61 %),175080,3176870000,128850,2353170000,92002216,25.0
27/04/2018,104980,1799950000,17(-3.41 %),104980,1799950000,0,0,91952844,25.01
02/05/2018,1309560,20768990000,15.85(-6.76 %),1309610,20769790000,50,800000,90643969,25.35
03/05/2018,-210460,-3111790000,14.8(-6.62 %),14040,207160000,224500,3318950000,90758779,25.32
04/05/2018,-173360,-2581490000,14.75(-0.34 %),210200,3163060000,383560,5744550000,90548592,25.37
07/05/2018,-205070,-3109980000,15.45(4.75 %),0,0,205070,3109980000,90548645,25.37
08/05/2018,-712410,-11126000000,15.4(-0.32 %),2066186,32337440000,2778596,43463440000,90765605,25.32
09/05/2018,-151000,-2367320000,15.6(1.30 %),3000,47040000,154000,2414360000,91146165,25.22
10/05/2018,-215840,-3431740000,15.5(-0.64 %),22340,354310000,238180,3786050000,91328895,25.17
11/05/2018,-142840,-2167090000,15.1(-2.58 %),64470,978150000,207310,3145240000,91984375,25.0
14/05/2018,131310,2013200000,15.45(2.32 %),763310,11702390000,632000,9689190000,92007065,24.99
15/05/2018,70210,1108950000,15.75(1.94 %),307000,4845350000,236790,3736400000,91938245,25.01
16/05/2018,-173590,-2837210000,16.4(4.13 %),74290,1194580000,247880,4031790000,92071261,24.98
17/05/2018,-439040,-7549430000,17.1(4.27 %),401400,6838510000,840440,14387940000,91969861,25.0
18/05/2018,-286100,-4868860000,16.9(-1.17 %),202950,3478270000,489050,8347130000,92003701,24.99
21/05/2018,-159320,-2637650000,16.3(-3.55 %),10600,177660000,169920,2815310000,92240981,24.93
22/05/2018,-226000,-3594720000,15.35(-5.83 %),26100,413790000,252100,4008510000,92755321,24.8
23/05/2018,-265280,-4033740000,15.35(0.00 %),6730,103540000,272010,4137280000,93237641,24.67
24/05/2018,-50430,-764030000,15(-2.28 %),42570,640450000,93000,1404480000,93364991,24.64
25/05/2018,-110830,-1634530000,13.95(-7.00 %),15170,212550000,126000,1847080000,93601924,24.58
28/05/2018,22560,293840000,13(-6.81 %),31490,411880000,8930,118040000,93842444,24.52
29/05/2018,-103070,-1347830000,13.5(3.85 %),96950,1284320000,200020,2632150000,93838494,24.52
30/05/2018,167330,2266600000,13.5(0.00 %),168740,2285700000,1410,19100000,93795754,24.53
31/05/2018,-60490,-824020000,13.45(-0.37 %),2000,27050000,62490,851070000,93802684,24.53
01/06/2018,-337650,-4486870000,13.4(-0.37 %),41550,556080000,379200,5042950000,93961154,24.48
04/06/2018,-231860,-3179790000,13.7(2.24 %),434910,5970990000,666770,9150780000,93527654,24.6
05/06/2018,35630,515890000,14.65(6.93 %),36740,531430000,1110,15540000,93553404,24.59
06/06/2018,85830,1283280000,15.2(3.75 %),86050,1286570000,220,3290000,93846554,24.51
07/06/2018,194720,2908820000,14.8(-2.63 %),408710,6085690000,213990,3176870000,94104621,24.45
08/06/2018,48320,712820000,14.75(-0.34 %),260030,3804890000,211710,3092070000,93845708,24.51
11/06/2018,-152090,-2179460000,14.25(-3.39 %),13080,188180000,165170,2367640000,93832848,24.52
12/06/2018,-168580,-2318400000,13.75(-3.51 %),10090,138220000,178670,2456620000,94036748,24.46
13/06/2018,59020,841020000,14.4(4.73 %),61650,877600000,2630,36580000,94186808,24.43
14/06/2018,-236170,-3309830000,13.95(-3.12 %),101350,1445340000,337520,4755170000,94250628,24.41
15/06/2018,169560,2378090000,14(0.36 %),270220,3782680000,100660,1404590000,94159085,24.43
18/06/2018,-692080,-9356820000,13.4(-4.29 %),20470,277640000,712550,9634460000,94141245,24.44
19/06/2018,-314880,-4084930000,12.9(-3.73 %),21380,284420000,336260,4369350000,94457391,24.35
20/06/2018,-823510,-10722170000,13.3(3.10 %),2500,32500000,826010,10754670000,94555551,24.33
21/06/2018,-408780,-5286770000,12.85(-3.38 %),26370,342250000,435150,5629020000,95241731,24.15
22/06/2018,-1100,-14300000,13.2(2.72 %),1500,19500000,2600,33800000,95576491,24.06
25/06/2018,238790,3349400000,13.8(4.55 %),249000,3489760000,10210,140360000,96153501,23.91
26/06/2018,8990,122260000,13.5(-2.17 %),8990,122260000,0,0,96579663,23.8
27/06/2018,-99980,-1385070000,13.65(1.11 %),20,280000,100000,1385350000,96582243,23.8
28/06/2018,-140770,-1908620000,13.45(-1.47 %),10440,142590000,151210,2051210000,96582013,23.8
29/06/2018,-1870,-25965500,13.65(1.49 %),65090,888560500,66960,914526000,96583883,23.8
02/07/2018,-105980,-1410560000,13.25(-2.93 %),50,670000,106030,1411230000,96681553,23.77
03/07/2018,-218110,-2897640000,13(-1.89 %),524700,6952780000,742810,9850420000,96818063,23.74
04/07/2018,-479940,-6143100000,12.75(-1.92 %),28360,362270000,508300,6505370000,96791983,23.75
05/07/2018,21530,273250000,12.7(-0.39 %),23830,302460000,2300,29210000,96874183,23.72
06/07/2018,-53430,-689350000,12.9(1.57 %),2000,25700000,55430,715050000,97104993,23.66
09/07/2018,-249650,-3273120000,12.9(0.00 %),5000,66000000,254650,3339120000,97608293,23.53
10/07/2018,-419250,-5382310000,12.8(-0.78 %),39120,504010000,458370,5886320000,97571473,23.54
11/07/2018,9450,118700000,12.6(-1.56 %),9450,118700000,0,0,97617453,23.53
12/07/2018,12920,159016000,12.3(-2.38 %),24500,301450000,11580,142434000,97604533,23.53
13/07/2018,-500000,-6142290000,12.3(0.00 %),500,6150000,500500,6148440000,98305473,23.35
16/07/2018,-27860,-345000000,12.3(0.00 %),5500,69150000,33360,414150000,98299973,23.35
17/07/2018,-46240,-571720000,12.2(-0.81 %),201100,2450570000,247340,3022290000,98110453,23.4
18/07/2018,-310800,-3730184500,13.05(6.97 %),519680,6647706000,830480,10377890500,98421253,23.32
19/07/2018,-195160,-2523560000,12.7(-2.68 %),14140,182830000,209300,2706390000,98110493,23.4
20/07/2018,-431040,-5462070000,12.65(-0.39 %),7000,89600000,438040,5551670000,98350833,23.34
23/07/2018,-16670,-213829000,12.7(0.40 %),0,0,16670,213829000,98367503,23.33
24/07/2018,-1033820,-13347150000,13(2.36 %),17660,227000000,1051480,13574150000,99372953,23.07
25/07/2018,-1434360,-19490390000,13.5(3.85 %),36000,492530000,1470360,19982920000,99774993,22.97
26/07/2018,-175260,-2319110000,13(-3.70 %),31270,418100000,206530,2737210000,99760393,22.97
27/07/2018,-233650,-3065290000,12.95(-0.38 %),9660,126860000,243310,3192150000,100802213,22.7
30/07/2018,-256620,-3330540000,13.05(0.77 %),220,2820000,256840,3333360000,102272358,22.32
31/07/2018,-328770,-4318105500,13.15(0.77 %),123660,1625913000,452430,5944018500,102601128,22.23
01/08/2018,-2958370,-41383720000,13.95(6.08 %),48110,673010000,3006480,42056730000,102662858,22.21
02/08/2018,-1054580,-14669620000,14.1(1.08 %),2960,40550000,1057540,14710170000,102916738,22.15
03/08/2018,-1399810,-20971820000,15(6.38 %),420200,6301200000,1820010,27273020000,102836538,22.17
06/08/2018,-550580,-8406077000,14.8(-1.33 %),440000,6594132000,990580,15000209000,103387118,22.02
07/08/2018,-983170,-14455850000,14.55(-1.69 %),20390,300750000,1003560,14756600000,106440168,21.23
08/08/2018,-94630,-1449500000,15.55(6.87 %),20000,298750000,114630,1748250000,108240178,20.76
09/08/2018,-1117130,-17581630000,15.5(-0.32 %),34900,547090000,1152030,18128720000,109195858,20.51
10/08/2018,-268780,-4193260000,16.35(5.48 %),6810,110090000,275590,4303350000,110192608,20.25
13/08/2018,-540140,-8863500000,16.45(0.61 %),7600,124560000,547740,8988060000,110299638,20.22
14/08/2018,-324650,-5257980000,16.2(-1.52 %),31190,503780000,355840,5761760000,111420478,19.93
15/08/2018,-551530,-8369710000,15.1(-6.79 %),430,6630000,551960,8376340000,111695638,19.86
16/08/2018,-133720,-1896170000,14.75(-2.32 %),138370,1965760000,272090,3861930000,112105008,19.75
17/08/2018,-32280,-449211000,14(-5.08 %),115210,1630453500,147490,2079664500,112137288,19.74
20/08/2018,-378900,-5365480000,14.1(0.71 %),2250,31830000,381150,5397310000,112895357,19.54
21/08/2018,-372880,-5364340000,14.6(3.55 %),2380,34050000,375260,5398390000,113165067,19.47
22/08/2018,-368130,-5327600000,14.35(-1.71 %),18380,270020000,386510,5597620000,113294177,19.44
23/08/2018,175620,2562020000,14.8(3.14 %),355440,5219940000,179820,2657920000,113475887,19.39
24/08/2018,-406680,-6120329000,15.55(5.07 %),462510,7065974500,869190,13186303500,113882567,19.29
27/08/2018,95410,1479920000,15.2(-2.25 %),171510,2674600000,76100,1194680000,113603637,19.36
28/08/2018,174000,2678790000,15.5(1.97 %),215260,3317000000,41260,638210000,113412197,19.41
29/08/2018,-163330,-2462570000,15.25(-1.61 %),174030,2691230000,337360,5153800000,114107362,19.23
30/08/2018,-176330,-2778210000,15.75(3.28 %),15060,237420000,191390,3015630000,114168402,19.21
31/08/2018,-272430,-4295880000,15.45(-1.90 %),14930,236290000,287360,4532170000,114194732,19.2
04/09/2018,-311390,-4678049000,15.1(-2.27 %),132980,2014346500,444370,6692395500,81420627,27.76
05/09/2018,117800,1748170000,14.4(-4.64 %),123060,1825960000,5260,77790000,114467442,19.13
06/09/2018,-7580,-107924500,14.45(0.35 %),37010,536144000,44590,644068500,114475022,19.13
07/09/2018,4660,66690000,14.7(1.73 %),11000,159050000,6340,92360000,114470362,19.13
10/09/2018,-130480,-1938990000,14.8(0.68 %),0,0,130480,1938990000,115156422,18.95
11/09/2018,74730,1127280000,15.2(2.70 %),77270,1165280000,2540,38000000,115123742,18.96
12/09/2018,162360,2484600000,15.9(4.61 %),392340,6160700000,229980,3676100000,114737742,19.06
13/09/2018,-73900,-1217100000,16.15(1.57 %),1000,16450000,74900,1233550000,114867222,19.03
14/09/2018,-16650,-263790000,16.35(1.24 %),130900,2152030000,147550,2415820000,114738878,19.06
17/09/2018,391690,6696500000,17.25(5.50 %),530660,9033610000,138970,2337110000,114438198,19.14
18/09/2018,-207790,-3613090000,17.55(1.74 %),6000,104200000,213790,3717290000,114507107,19.12
19/09/2018,-1167890,-20746430000,17.5(-0.28 %),291840,5115910000,1459730,25862340000,114362822,19.16
20/09/2018,205640,3668370000,18.2(4.00 %),299170,5333720000,93530,1665350000,114202622,19.2
21/09/2018,5310,292970000,17.8(-2.20 %),1055080,19059690000,1049770,18766720000,113361282,19.42
24/09/2018,128620,2290067500,18.95(6.46 %),265140,4827045000,136520,2536977500,113232662,19.46
25/09/2018,102120,1996956600,19.9(5.01 %),314410,6148287550,212290,4151330950,113130542,19.48
26/09/2018,-61740,-1221950000,19.55(-1.76 %),45330,891080000,107070,2113030000,115322655,18.91
27/09/2018,311680,6483870000,20.9(6.91 %),447410,9230260000,135730,2746390000,115011765,18.99
28/09/2018,632680,13419686000,20.7(-0.96 %),933970,19722179000,301290,6302493000,114379085,19.16
01/10/2018,14390,288810000,21.7(4.83 %),313800,6857460000,299410,6568650000,114374271,19.16
02/10/2018,-909680,-20087942500,21(-3.23 %),17900,387297500,927580,20475240000,115283951,18.92
03/10/2018,-1186450,-24870360000,21(0.00 %),41010,853180000,1227460,25723540000,114576511,19.11
04/10/2018,-758580,-16601170000,21.9(4.29 %),38050,832030000,796630,17433200000,114837871,19.04
05/10/2018,-2386400,-50461050000,20.4(-6.85 %),244190,5176720000,2630590,55637770000,115521261,18.86
08/10/2018,166210,3240550000,19.5(-4.41 %),206220,4022010000,40010,781460000,116542510,18.59
09/10/2018,9160,184580000,20.35(4.36 %),16160,324930000,7000,140350000,117322980,18.39
10/10/2018,-566930,-11298593000,19.5(-4.18 %),329640,6468383000,896570,17766976000,117889910,18.24
11/10/2018,458800,8359921000,18.15(-6.92 %),640210,11662526500,181410,3302605500,117431110,18.36
12/10/2018,668430,11999564000,18.25(0.55 %),705490,12659354500,37060,659790500,116762680,18.53
15/10/2018,-100650,-1844080000,17.8(-2.47 %),147470,2698000000,248120,4542080000,119193950,17.9
16/10/2018,30940,560070000,18.5(3.93 %),31000,561150000,60,1080000,119344360,17.86
17/10/2018,-5590,-106140500,19.35(4.59 %),10870,207330000,16460,313470500,119349950,17.86
18/10/2018,65200,1243300000,19(-1.81 %),95200,1820050000,30000,576750000,119403863,17.85
19/10/2018,-1706100,-30944216500,18.7(-1.58 %),14670,265505000,1720770,31209721500,121109963,17.4
22/10/2018,-25240,-480650000,18.4(-1.60 %),5000,94000000,30240,574650000,119400713,17.85
23/10/2018,-164190,-3011113000,17.55(-4.62 %),191290,3303975000,355480,6315088000,119564903,17.8
24/10/2018,-6120,-156540000,16.35(-6.84 %),149460,2482250000,155580,2638790000,120810733,17.48
25/10/2018,-345340,-5326650000,16.2(-0.92 %),151550,2359660000,496890,7686310000,120689423,17.51
26/10/2018,-26400,-428630000,15.1(-6.79 %),25160,394200000,51560,822830000,121019743,17.42
29/10/2018,-34360,-516920000,15.3(1.32 %),83400,1283410000,117760,1800330000,121091923,17.41
30/10/2018,-40190,-624679500,15.6(1.96 %),17600,276240000,57790,900919500,121132113,17.39
31/10/2018,-164310,-2733410500,16.65(6.73 %),44200,724645000,208510,3458055500,121296423,17.35
01/11/2018,125540,1488190000,15.95(-4.20 %),909240,14102450000,783700,12614260000,120787093,17.48
02/11/2018,-804810,-12898855000,16.3(2.19 %),5310,84619000,810120,12983474000,121591903,17.27
05/11/2018,499820,8230540000,16.95(3.99 %),512800,8442640000,12980,212100000,120535283,17.55
06/11/2018,-25500,-437409000,16.65(-1.77 %),4230,73210500,29730,510619500,120560783,17.54
07/11/2018,-3400,-56360000,16.6(-0.30 %),5000,83000000,8400,139360000,122119873,17.14
08/11/2018,131400,1999260000,16.45(-0.90 %),157700,2445320000,26300,446060000,121975153,17.17
09/11/2018,801360,12653840000,15.7(-4.56 %),804000,12696290000,2640,42450000,121200883,17.38
12/11/2018,-961200,-15259460000,16.3(3.82 %),3000,47100000,964200,15306560000,121206283,17.38
13/11/2018,-327730,-5148103500,15.9(-2.45 %),400800,6362852000,728530,11510955500,121534013,17.29
14/11/2018,-55570,-853878000,15.3(-3.77 %),10010,151854000,65580,1005732000,121589583,17.28
15/11/2018,293140,4561840000,15.65(2.29 %),299150,4655550000,6010,93710000,121489463,17.3
16/11/2018,474850,7705320000,16.15(3.19 %),500000,8111220000,25150,405900000,121717993,17.24
19/11/2018,703920,11615570000,16.45(1.86 %),1019170,16823560000,315250,5207990000,120764403,17.49
20/11/2018,-7220,-126110000,16.5(0.30 %),148080,2408800000,155300,2534910000,120622333,17.53
21/11/2018,-10000,-160500000,16.25(-1.52 %),5000,80250000,15000,240750000,120642483,17.52
22/11/2018,-6490,-105620000,15.7(-3.38 %),0,0,6490,105620000,120957733,17.44
23/11/2018,-454230,-7092801450,15.5(-1.27 %),103000,1608345000,557230,8701146450,121411963,17.32
26/11/2018,-178000,-2732478000,15.3(-1.29 %),3000,46053000,181000,2778531000,121589963,17.28
27/11/2018,-538230,-8288170000,15.45(0.98 %),46000,709500000,584230,8997670000,122128193,17.13
28/11/2018,132410,2053520000,15.8(2.27 %),481410,7504110000,349000,5450590000,121116393,17.4
29/11/2018,-206470,-3208070000,15.4(-2.53 %),161100,2506840000,367570,5714910000,121274693,17.36
30/11/2018,858380,13495080000,15.85(2.92 %),860950,13535500000,2570,40420000,120997973,17.43
03/12/2018,344820,5746458000,16.8(5.99 %),571360,9443772000,226540,3697314000,120775613,17.49
04/12/2018,255040,4276540000,16.7(-0.60 %),504620,8455200000,249580,4178660000,120579563,17.54
05/12/2018,353450,5847417500,16.5(-1.20 %),637000,10519789000,283550,4672371500,120226113,17.63
06/12/2018,-345210,-5715533500,16.55(0.30 %),7000,115350000,352210,5830883500,120571323,17.54
07/12/2018,-1444260,-23534770000,16.2(-2.11 %),88000,1438700000,1532260,24973470000,120326253,17.61
10/12/2018,-27830,-462700000,16.65(2.78 %),0,0,27830,462700000,120609803,17.53
11/12/2018,948790,15793530000,16.7(0.30 %),1000000,16648120000,51210,854590000,119962013,17.7
12/12/2018,-198880,-3449604000,17.4(4.19 %),131220,2252626000,330100,5702230000,120160893,17.65
13/12/2018,-61430,-1071454500,17.3(-0.57 %),175690,3066493260,237120,4137947760,120222323,17.63
14/12/2018,-27510,-481120000,17.2(-0.58 %),2000,34800000,29510,515920000,121440093,17.31
17/12/2018,1836830,30902950000,16.85(-2.03 %),1863000,31343420000,26170,440470000,119907193,17.71
18/12/2018,2177100,35716680000,16.55(-1.78 %),2210340,36261980000,33240,545300000,117758283,18.28
19/12/2018,741490,11762190000,15.8(-4.53 %),798640,12667190000,57150,905000000,116989153,18.48
20/12/2018,-153080,-2400650000,16(1.27 %),300000,4770190000,453080,7170840000,116715332,18.55
21/12/2018,28750,461750000,15.95(-0.31 %),43000,685850000,14250,224100000,116705572,18.55
24/12/2018,127130,1951890000,15(-5.96 %),152330,2346750000,25200,394860000,116610392,18.57
25/12/2018,-9290,-131900000,14.15(-5.67 %),4570,64280000,13860,196180000,117058909,18.46
26/12/2018,570210,8126989000,14.3(1.06 %),570770,8135025000,560,8036000,116488699,18.61
27/12/2018,208000,3109900000,15(4.90 %),210000,3139900000,2000,30000000,116317589,18.65
28/12/2018,40750,603840000,14.6(-2.67 %),40750,603840000,0,0,116290699,18.66
02/01/2019,39930,594584000,14.2(-2.74 %),43400,644877500,3470,50293500,116249859,18.67
03/01/2019,220890,3075107000,13.9(-2.11 %),221900,3089460000,1010,14353000,116028969,18.73
04/01/2019,83760,1148180000,14.3(2.88 %),156120,2188110000,72360,1039930000,115871839,18.77
07/01/2019,50510,737635000,14.7(2.80 %),57000,832350000,6490,94715000,115821329,18.78
08/01/2019,1282530,19402080000,15.2(3.40 %),1339490,20248720000,56960,846640000,114479829,19.13
09/01/2019,458570,7155290000,15.5(1.97 %),476900,7440100000,18330,284810000,114075289,19.24
10/01/2019,-35110,-558460000,15.35(-0.97 %),20000,311000000,55110,869460000,114061779,19.24
11/01/2019,-43530,-670751000,15.2(-0.98 %),8710,133697000,52240,804448000,114105309,19.23
14/01/2019,-21410,-322500000,14.85(-2.30 %),7070,105700000,28480,428200000,114121289,19.22
15/01/2019,16480,250370000,15.25(2.69 %),16480,250370000,0,0,114159919,19.21
16/01/2019,-30570,-470943000,15.45(1.31 %),1200,18310000,31770,489253000,114190489,19.21
17/01/2019,364830,5694770000,15.5(0.32 %),393290,6138710000,28460,443940000,113846153,19.3
18/01/2019,-405590,-6171030000,15.15(-2.26 %),20,310000,405610,6171340000,113846133,19.3
21/01/2019,-4670,-72770000,15.5(2.31 %),330,5030000,5000,77800000,113877573,19.29
22/01/2019,8710,137060000,15.6(0.65 %),8770,138010000,60,950000,113897263,19.28
23/01/2019,6030,93780000,15.6(0.00 %),6030,93780000,0,0,114296846,19.18
24/01/2019,252860,4008579500,15.85(1.60 %),256690,4068910500,3830,60331000,113638373,19.35
25/01/2019,80100,1265344000,15.8(-0.32 %),81100,1281194000,1000,15850000,113558273,19.37
28/01/2019,240360,3874058000,16.25(2.85 %),384720,6224504000,144360,2350446000,113317913,19.43
29/01/2019,4110,67545500,16.2(-0.31 %),30630,494691500,26520,427146000,113313803,19.43
30/01/2019,333500,5484884000,16.3(0.62 %),351500,5779634000,18000,294750000,112980303,19.52
31/01/2019,119120,1993731500,16.3(0.00 %),119620,2002181500,500,8450000,112861183,19.55
01/02/2019,-200900,-3260422500,16.3(0.00 %),0,0,200900,3260422500,0,0.0
11/02/2019,300920,5004362500,16.65(2.15 %),332520,5529751000,31600,525388500,112952436,19.53
12/02/2019,-1216300,-20051150000,16.4(-1.50 %),850200,14192750000,2066500,34243900000,112589136,19.62
13/02/2019,775010,13096180000,17.15(4.57 %),862750,14584390000,87740,1488210000,111927286,19.8
14/02/2019,35150,593963500,16.85(-1.75 %),52630,892251500,17480,298288000,113358576,19.42
15/02/2019,1523150,26105532000,17.05(1.19 %),1523150,26105532000,0,0,111835426,19.82
18/02/2019,967780,16998948000,17.85(4.69 %),1037590,18228224800,69810,1229276800,110867646,20.07
19/02/2019,60930,1077561500,17.35(-2.80 %),62080,1098271500,1150,20710000,110806716,20.09
20/02/2019,-33310,-580850000,17.4(0.29 %),16770,292570000,50080,873420000,110981986,20.04
21/02/2019,1075040,18935650000,17.6(1.15 %),1075040,18935650000,0,0,109933153,20.32
22/02/2019,-4690,-82500000,17.65(0.28 %),0,0,4690,82500000,109934303,20.32
25/02/2019,-113670,-2005834500,17.6(-0.28 %),10680,189321500,124350,2195156000,109883346,20.33
26/02/2019,-915000,-15677770000,17.3(-1.70 %),9200,158600000,924200,15836370000,109964503,20.31
27/02/2019,199510,3493950000,17.2(-0.58 %),2256110,39368740000,2056600,35874790000,109358083,20.47
28/02/2019,24100,415604000,17(-1.16 %),24300,419104000,200,3500000,110574736,20.15
01/03/2019,10760,191060000,17.45(2.65 %),47590,824540000,36830,633480000,110334743,20.21
04/03/2019,-110750,-2017803500,18.4(5.44 %),500,9150000,111250,2026953500,110493083,20.17
05/03/2019,1030280,19046242500,18.3(-0.54 %),1030390,19048294000,110,2051500,109462803,20.44
06/03/2019,669520,12232130400,19.2(4.92 %),707800,12931506000,38280,699375600,108793283,20.61
07/03/2019,-15500,-301220000,18.9(-1.56 %),84500,1618780000,100000,1920000000,109071437,20.54
08/03/2019,-2390,-45073500,18.5(-2.12 %),2000,36800000,4390,81873500,108811173,20.61
11/03/2019,-321740,-5855500000,18.4(-0.54 %),2060,37600000,323800,5893100000,109178727,20.51
12/03/2019,219360,4095220000,18.8(2.17 %),260670,4867280000,41310,772060000,109018057,20.56
13/03/2019,-309550,-5747670000,18.5(-1.60 %),150,2810000,309700,5750480000,109022297,20.55
14/03/2019,4000,75040000,18.45(-0.27 %),4300,80590000,300,5550000,109341797,20.47
15/03/2019,120360,2244110000,18.65(1.08 %),122460,2282930000,2100,38820000,109260654,20.49
18/03/2019,-19070,-360360000,18.85(1.07 %),1000,18800000,20070,379160000,109569354,20.41
19/03/2019,62440,1196559000,18.9(0.27 %),64990,1245382000,2550,48823000,109217284,20.5
20/03/2019,-5600,-105100000,18.6(-1.59 %),1100,20630000,6700,125730000,109505664,20.43
21/03/2019,6060,112560000,17.3(-6.99 %),10060,187760000,4000,75200000,109515674,20.43
22/03/2019,801820,14053860000,17.6(1.73 %),802690,14069180000,870,15320000,108715534,20.63
25/03/2019,1857880,31281435000,16.9(-3.98 %),1873370,31542441500,15490,261006500,106557124,21.2
26/03/2019,-10900,-184933000,17.55(3.85 %),500,8550000,11400,193483000,106568024,21.19
27/03/2019,-7740,-136663000,17.55(0.00 %),0,0,7740,136663000,106575764,21.19
28/03/2019,265990,4670450500,17.7(0.85 %),272520,4786031500,6530,115581000,106309774,21.26
29/03/2019,183500,3297600000,17.9(1.13 %),206000,3703730000,22500,406130000,106401604,21.24
01/04/2019,5650,103960000,18.4(2.79 %),244150,4373110000,238500,4269150000,106403702,21.24
02/04/2019,332250,6190150000,18.6(1.09 %),389000,7254050000,56750,1063900000,106077102,21.32
03/04/2019,618050,11909170000,19.2(3.23 %),1324610,25300520000,706560,13391350000,104719122,21.68
04/04/2019,1288240,24999100000,19.2(0.00 %),1299170,25212330000,10930,213230000,103419952,22.02
05/04/2019,63630,1224730000,19.5(1.56 %),196500,3813030000,132870,2588300000,103280202,22.05
08/04/2019,928480,18751266000,20.3(4.10 %),1739300,35055880000,810820,16304614000,103178702,22.08
09/04/2019,-287360,-5792725500,19.7(-2.96 %),854000,17126972500,1141360,22919698000,103466062,22.0
10/04/2019,-446290,-8878467000,19.7(0.00 %),287610,5673803000,733900,14552270000,103912352,21.89
11/04/2019,9680,189090000,19.15(-2.79 %),9680,189090000,0,0,103902672,21.89
12/04/2019,58590,1118930000,19.35(1.04 %),67500,1291070000,8910,172140000,103124652,22.09
16/04/2019,208840,4006151000,19.35(0.00 %),247740,4746782500,38900,740631500,103635242,21.96
17/04/2019,559160,11001681000,19.2(-0.78 %),773220,15205214000,214060,4203533000,103076082,22.11
18/04/2019,427680,8008170000,18.8(-2.08 %),449680,8417130000,22000,408960000,102396822,22.28
19/04/2019,112910,2125250000,18.8(0.00 %),122910,2313750000,10000,188500000,102535492,22.25
22/04/2019,119790,2270020000,19.1(1.60 %),140000,2655720000,20210,385700000,102386871,22.29
23/04/2019,95020,1834690000,19.1(0.00 %),174000,3359350000,78980,1524660000,102234871,22.33
24/04/2019,399300,7590450000,19(-0.52 %),410400,7802690000,11100,212240000,101834471,22.43
25/04/2019,300010,5682313000,19.05(0.26 %),300020,5682503000,10,190000,101621372,22.49
26/04/2019,-79990,-1516500000,18.95(-0.52 %),270010,5104540000,350000,6621040000,101363631,22.55
02/05/2019,311020,5961737000,19.5(2.90 %),393220,7540012500,82200,1578275500,101374731,22.55
03/05/2019,35940,698875500,19.2(-1.54 %),164710,3172412500,128770,2473537000,101338791,22.56
06/05/2019,358510,6669601000,18.55(-3.39 %),358510,6669601000,0,0,100980281,22.65
07/05/2019,280860,5243410000,19.25(3.77 %),321500,6007730000,40640,764320000,100569001,22.76
08/05/2019,167440,3105060000,19.85(3.12 %),376020,7281340000,208580,4176280000,100321753,22.82
09/05/2019,103690,2058250000,19.8(-0.25 %),147200,2924310000,43510,866060000,100174553,22.86
10/05/2019,-306390,-6165850000,20.25(2.27 %),11220,225100000,317610,6390950000,100203986,22.86
13/05/2019,-453480,-9221245000,20.1(-0.74 %),66830,1355061500,520310,10576306500,101188161,22.6
14/05/2019,-268820,-5549410000,21.2(5.47 %),27810,565170000,296630,6114580000,100361444,22.81
15/05/2019,-943240,-19773640000,20.7(-2.36 %),43230,913620000,986470,20687260000,100635824,22.74
16/05/2019,-328240,-6841270000,20.65(-0.24 %),64200,1344420000,392440,8185690000,101091934,22.62
17/05/2019,-451180,-9418790000,20.85(0.97 %),680220,14150800000,1131400,23569590000,100708346,22.72
20/05/2019,-1755990,-37418610000,21.4(2.64 %),435710,9258120000,2191700,46676730000,101259106,22.58
21/05/2019,23040,490230000,21.2(-0.93 %),39170,834610000,16130,344380000,101612376,22.49
22/05/2019,71200,1509050000,20.8(-1.89 %),72710,1541090000,1510,32040000,102671066,22.21
23/05/2019,-1696010,-34572670000,20.6(-0.96 %),7090,143480000,1703100,34716150000,104855676,21.64
24/05/2019,-1778020,-35785190000,19.65(-4.61 %),4640,92680000,1782660,35877870000,104867166,21.64
27/05/2019,-765470,-15031850000,19.55(-0.51 %),5830,114560000,771300,15146410000,104862846,21.64
28/05/2019,288130,5855846500,20.3(3.84 %),321390,6517674500,33260,661828000,105344506,21.51
29/05/2019,-333710,-6641900000,19.7(-2.96 %),5290,105440000,339000,6747340000,108021935,20.82
30/05/2019,-285360,-5670140500,19.7(0.00 %),0,0,285360,5670140500,105963576,21.35
31/05/2019,338200,6411070000,18.7(-5.08 %),463760,8797860000,125560,2386790000,108387575,20.72
03/06/2019,-658720,-11909380000,17.75(-5.08 %),707380,12804620000,1366100,24714000000,108019196,20.82
04/06/2019,271530,4916960000,18.15(2.25 %),281630,5098270000,10100,181310000,108022926,20.82
05/06/2019,308170,5666510000,18.2(0.28 %),408470,7508630000,100300,1842120000,107715176,20.9
06/06/2019,167450,3033010000,18.4(1.10 %),217480,3937560000,50030,904550000,108863796,20.6
07/06/2019,-588800,-11016050000,18.85(2.45 %),200050,3742980000,788850,14759030000,108673854,20.65
10/06/2019,-1650,-31370000,18.85(0.00 %),250,4730000,1900,36100000,108773904,20.62
11/06/2019,18750,353133500,18.75(-0.53 %),22030,414633500,3280,61500000,107843746,20.86
12/06/2019,-1840,-33445500,18.2(-2.93 %),950,17472000,2790,50917500,108803744,20.61
13/06/2019,-9570,-173234500,18.3(0.55 %),430,7783000,10000,181017500,108813314,20.61
14/06/2019,-10920,-200370000,18.1(-1.09 %),5080,93370000,16000,293740000,109589474,20.41
17/06/2019,-1040,-18830000,18(-0.55 %),10,180000,1050,19010000,109592254,20.41
18/06/2019,-65230,-1160110000,17.7(-1.67 %),3020,53610000,68250,1213720000,109599207,20.4
19/06/2019,10150,184370000,18.15(2.54 %),10150,184370000,0,0,109605057,20.4
20/06/2019,209850,3881614000,18.65(2.75 %),209850,3881614000,0,0,108670504,20.65
21/06/2019,343890,6477826000,18.8(0.80 %),390100,7346624000,46210,868798000,108326614,20.74
24/06/2019,666820,12587690000,18.95(0.80 %),669850,12644970000,3030,57280000,108404557,20.72
25/06/2019,667340,12626939000,18.85(-0.53 %),670010,12677413500,2670,50474500,106992454,21.08
26/06/2019,493760,9458780000,19.2(1.86 %),494210,9467470000,450,8690000,107286548,21.01
27/06/2019,161590,3089520000,18.6(-3.12 %),201020,3822934500,39430,733414500,106337104,21.26
28/06/2019,422210,7882601500,18.65(0.27 %),461860,8621653000,39650,739051500,105914894,21.37
01/07/2019,139670,2655637500,19(1.88 %),226200,4304034000,86530,1648396500,106664108,21.17
02/07/2019,246900,4671280000,18.9(-0.53 %),246900,4671280000,0,0,106230438,21.28
03/07/2019,211150,3935692000,18.6(-1.59 %),211150,3935692000,0,0,106206058,21.29
04/07/2019,248740,4659070000,18.65(0.27 %),254440,4765860000,5700,106790000,105856748,21.38
05/07/2019,184120,3463606500,18.65(0.00 %),434160,8152710000,250040,4689103500,105773198,21.4
08/07/2019,-427650,-7948610000,18.5(-0.80 %),280900,5255830000,708550,13204440000,105141688,21.57
09/07/2019,-113390,-2087031000,18.45(-0.27 %),8010,146734000,121400,2233765000,106314238,21.26
10/07/2019,221930,4148286000,18.8(1.90 %),245000,4579742000,23070,431456000,106092308,21.32
11/07/2019,204700,3896899000,19(1.06 %),276200,5258950000,71500,1362051000,105887608,21.37
12/07/2019,253920,4817068000,18.85(-0.79 %),255470,4846454000,1550,29386000,105633688,21.44
15/07/2019,525150,9854980000,18.8(-0.27 %),527040,9890510000,1890,35530000,105138733,21.57
16/07/2019,-1010,-18790000,18.65(-0.80 %),0,0,1010,18790000,105210233,21.55
17/07/2019,-17900,-335510000,18.75(0.54 %),0,0,17900,335510000,105211783,21.55
18/07/2019,-261830,-4894421000,18.65(-0.53 %),6500,121700000,268330,5016121000,105389278,21.5
19/07/2019,-255510,-4726451000,18.5(-0.80 %),1930,35991000,257440,4762442000,105644788,21.44
22/07/2019,-71540,-1318910000,18.3(-1.08 %),100,1830000,71640,1320740000,105224053,21.55
23/07/2019,-439220,-8054922500,18.05(-1.37 %),2010,36682000,441230,8091604500,106155548,21.3
24/07/2019,194990,3557997000,18.35(1.66 %),201000,3666780500,6010,108783500,105960558,21.35
25/07/2019,-59630,-1077380000,18.2(-0.82 %),253130,4608390000,312760,5685770000,105365324,21.51
26/07/2019,238390,4422350000,18.45(1.37 %),250500,4646250000,12110,223900000,105556054,21.46
29/07/2019,205920,3501667500,16.9(-8.40 %),255920,4348692000,50000,847024500,105575878,21.45
30/07/2019,250870,4250244000,16.85(-0.30 %),251480,4260614000,610,10370000,105325008,21.52
31/07/2019,-391240,-6599350000,16.85(0.00 %),52580,885730000,443820,7485080000,105326954,21.52
01/08/2019,10010,166870000,16.6(-1.48 %),10010,166870000,0,0,105366952,21.51
02/08/2019,-88410,-1436880000,16.2(-2.41 %),123400,1987980000,211810,3424860000,105244162,21.54
05/08/2019,55030,885330000,16.1(-0.62 %),100000,1610000000,44970,724670000,105587982,21.45
06/08/2019,319200,4947798500,15.5(-3.73 %),319350,4950153500,150,2355000,105091142,21.58
07/08/2019,428290,6632180000,15.45(-0.32 %),460000,7124280000,31710,492100000,105020442,21.6
08/08/2019,250550,3962650000,16.2(4.85 %),264170,4172990000,13620,210340000,104801242,21.66
09/08/2019,374500,6067155000,16.1(-0.62 %),400120,6480944000,25620,413789000,104037802,21.85
12/08/2019,-132320,-2124746000,16.1(0.00 %),167680,2705434000,300000,4830180000,104170122,21.82
13/08/2019,146730,2320901000,15.75(-2.17 %),152110,2406443000,5380,85542000,104023392,21.86
14/08/2019,-39530,-622640000,15.7(-0.32 %),2500,39630000,42030,662270000,104149932,21.83
15/08/2019,4700,71700000,15.65(-0.32 %),4700,71700000,0,0,104445232,21.75
16/08/2019,599200,9583330000,16.05(2.56 %),630200,10074430000,31000,491100000,103820412,21.91
19/08/2019,4390,70429000,16(-0.31 %),5000,80250000,610,9821000,103454632,22.01
20/08/2019,37910,620287500,16.35(2.19 %),81370,1327262500,43460,706975000,103416722,22.02
21/08/2019,423180,7298753500,17.45(6.73 %),627114,10775741900,203934,3476988400,102993542,22.13
22/08/2019,901000,16366490000,17.9(2.58 %),914000,16600140000,13000,233650000,102293683,22.31
23/08/2019,521400,9380620000,18.1(1.12 %),579910,10433750000,58510,1053130000,101757233,22.45
26/08/2019,214790,3791380000,17.95(-0.83 %),424320,7513960000,209530,3722580000,101509733,22.51
27/08/2019,1242290,22847380000,18.4(2.51 %),1418410,26111010000,176120,3263630000,100104323,22.88
28/08/2019,530790,9809447500,18.5(0.54 %),532540,9841972500,1750,32525000,99583272,23.02
29/08/2019,715590,13319713000,18.55(0.27 %),716590,13338263000,1000,18550000,98867682,23.2
30/08/2019,23080,421217500,18.65(0.54 %),127840,2387212500,104760,1965995000,98844602,28.1
03/09/2019,215100,3886510000,17.7(-5.09 %),215600,3895690000,500,9180000,109523901,23.02
04/09/2019,-264990,-4715820000,17.95(1.41 %),10,180000,265000,4716000000,109524891,23.02
05/09/2019,-93680,-1698358000,17.85(-0.56 %),1320,23392000,95000,1721750000,110098171,22.88
06/09/2019,3000,53250000,17.85(0.00 %),5000,89250000,2000,36000000,110095171,22.88
09/09/2019,-126000,-2276800000,17.8(-0.28 %),29000,517650000,155000,2794450000,110221171,22.85
10/09/2019,-110620,-2013550000,17.1(-3.93 %),172060,3008010000,282680,5021560000,109782783,22.96
11/09/2019,-94680,-1629230000,17.25(0.88 %),50000,862500000,144680,2491730000,110426471,22.8
12/09/2019,-46390,-825050000,17.7(2.61 %),0,0,46390,825050000,109889783,22.93
13/09/2019,84130,1484390000,17.6(-0.56 %),84130,1484390000,0,0,110088333,22.88
16/09/2019,-327620,-5965142500,18.05(2.56 %),37580,685814000,365200,6650956500,110716351,22.74
17/09/2019,-26430,-461274500,18.5(2.49 %),411300,7593834500,437730,8055109000,110742781,22.73
18/09/2019,21980,401940000,18.25(-1.35 %),205720,3770280000,183740,3368340000,109624805,22.99
19/09/2019,-290470,-5285362500,18.1(-0.82 %),0,0,290470,5285362500,111011271,22.67
20/09/2019,-289300,-5277520000,18.2(0.55 %),242670,4436660000,531970,9714180000,110185061,22.86
23/09/2019,176000,3186190000,18.1(-0.55 %),401000,7290300000,225000,4104110000,109967812,22.91
24/09/2019,248450,4399700000,17.75(-1.93 %),321870,5729600000,73420,1329900000,109936421,22.92
25/09/2019,-172830,-3098458500,18(1.41 %),2880,51231500,175710,3149690000,111048951,22.66
26/09/2019,142250,2545811000,17.8(-1.11 %),190350,3402822500,48100,857011500,110906701,22.69
27/09/2019,-130590,-2351661000,18.2(2.25 %),660,11814000,131250,2363475000,111037291,22.66
30/09/2019,-107260,-1969780000,18.15(-0.27 %),0,0,107260,1969780000,110748641,22.73
01/10/2019,127700,2252350000,17.8(-1.93 %),220200,3917100000,92500,1664750000,110708351,22.74
02/10/2019,-211610,-3726621500,17.4(-2.25 %),2690,47370500,214300,3773992000,110919961,22.69
03/10/2019,254200,4396061500,17.5(0.57 %),354430,6150494500,100230,1754433000,110665761,22.75
04/10/2019,-90960,-1573070000,17(-2.86 %),9790,167590000,100750,1740660000,110541193,22.78
07/10/2019,19940,339071500,16.8(-1.18 %),19940,339071500,0,0,110716781,22.74
08/10/2019,18990,317603000,16.6(-1.19 %),18990,317603000,0,0,110697791,22.74
09/10/2019,7940,132500000,16.8(1.20 %),8940,149150000,1000,16650000,110908603,22.69
10/10/2019,2510,42544500,16.9(0.60 %),2510,42544500,0,0,110687341,22.74
11/10/2019,10890,185680000,17.05(0.89 %),43530,742190000,32640,556510000,110862564,22.7
14/10/2019,2710,46054000,16.75(-1.76 %),2710,46054000,0,0,110673741,22.75
15/10/2019,4730,79130000,16.7(-0.30 %),4730,79130000,0,0,110856139,22.7
16/10/2019,-1000,-16474500,16.75(0.30 %),22000,368800000,23000,385274500,110670011,22.75
17/10/2019,2850,47758500,16.65(-0.60 %),22100,368820000,19250,321061500,110667161,22.75
18/10/2019,1010,16720000,16.55(-0.60 %),23010,382380000,22000,365660000,110863657,22.7
21/10/2019,120000,1974000000,16.35(-1.21 %),120000,1974000000,0,0,110746657,22.73
22/10/2019,59950,992160000,16.3(-0.31 %),311950,5064010000,252000,4071850000,110453957,22.8
23/10/2019,-1343400,-21517306500,15.9(-2.45 %),30,483500,1343430,21517790000,111919601,22.45
24/10/2019,-271200,-4423440000,16.2(1.89 %),0,0,271200,4423440000,112190801,22.39
25/10/2019,-106550,-1740950000,16.4(1.23 %),2700,44240000,109250,1785190000,110703227,22.74
28/10/2019,15130,248146000,16.4(0.00 %),24230,397841000,9100,149695000,112282221,22.36
29/10/2019,106440,1740294000,16.35(-0.30 %),130260,2129751000,23820,389457000,112175781,22.39
30/10/2019,-57160,-941830000,16.55(1.22 %),39780,661740000,96940,1603570000,112232837,22.38
31/10/2019,-141940,-2330245500,16.4(-0.91 %),39000,646392000,180940,2976637500,112374881,22.34
01/11/2019,-27150,-438260000,16.4(0.00 %),120340,1976576000,147490,2414836000,112226757,22.38
04/11/2019,-648640,-10670900000,16.35(-0.30 %),15950,261840000,664590,10932740000,112207407,22.38
05/11/2019,102820,1745933000,16.95(3.67 %),109860,1862062000,7040,116129000,112772577,22.25
06/11/2019,32320,546070000,16.8(-0.88 %),32470,548620000,150,2550000,112373504,22.34
07/11/2019,131030,2190110000,16.75(-0.30 %),152910,2556690000,21880,366580000,112905184,22.22
08/11/2019,-13080,-219840000,16.6(-0.90 %),2600,43580000,15680,263420000,112909624,22.22
11/11/2019,-58300,-963940000,16.5(-0.60 %),2530,41800000,60830,1005740000,112907244,22.22
12/11/2019,-97090,-1628194000,16.6(0.61 %),37310,616346000,134400,2244540000,112777697,22.25
13/11/2019,-406910,-6680670000,16.25(-2.11 %),6540,107390000,413450,6788060000,112900956,22.22
14/11/2019,-582310,-9524000000,16.3(0.31 %),505000,8252210000,1087310,17776210000,112876786,22.22
15/11/2019,2640,43470000,16.4(0.61 %),2640,43470000,0,0,112988557,22.2
18/11/2019,-79020,-1298710000,16.45(0.30 %),202700,3351160000,281720,4649870000,113304307,22.12
19/11/2019,-36460,-599644500,16.4(-0.30 %),10,164500,36470,599809000,113879757,21.99
20/11/2019,-207280,-3374858000,16.15(-1.52 %),2660,43304500,209940,3418162500,114087037,21.94
21/11/2019,-617650,-9946531500,16.05(-0.62 %),2900,46700000,620550,9993231500,114704687,21.79
22/11/2019,-428130,-6812434500,15.65(-2.49 %),10000,160000000,438130,6972434500,115132817,21.69
25/11/2019,-148430,-2322070000,15.5(-0.96 %),2000,31300000,150430,2353370000,114377757,21.87
26/11/2019,-964750,-14969860000,15.5(0.00 %),3200,49620000,967950,15019480000,114995107,21.72
27/11/2019,-615950,-9585790000,15.5(0.00 %),17160,265990000,633110,9851780000,115416077,21.62
28/11/2019,-5610,-85920000,15.45(-0.32 %),4100,62850000,9710,148770000,115562407,21.59
29/11/2019,5430,84680000,15.45(0.00 %),5490,85600000,60,920000,116524867,21.36
02/12/2019,-107780,-1633430000,15.05(-2.59 %),2090,31260000,109870,1664690000,117155887,21.21
03/12/2019,-551590,-8278280000,14.85(-1.33 %),300350,4500780000,851940,12779060000,117165247,21.21
04/12/2019,-760220,-11307660000,15.2(2.36 %),1000,14850000,761220,11322510000,117164307,21.21
05/12/2019,-398550,-6059540000,15(-1.32 %),0,0,398550,6059540000,117274467,21.18
06/12/2019,-362520,-5460200000,15(0.00 %),4710,70930000,367230,5531130000,117821697,21.05
09/12/2019,-694270,-10357580000,14.9(-0.67 %),2870,42860000,697140,10400440000,118580047,20.87
10/12/2019,-382350,-5601960000,14.65(-1.68 %),4800,70400000,387150,5672360000,118974087,20.78
11/12/2019,-1040660,-14946495000,14.45(-1.37 %),2790,40204000,1043450,14986699000,121348137,20.21
12/12/2019,-570210,-8291640000,14.65(1.38 %),14790,218660000,585000,8510300000,120020877,20.53
13/12/2019,-228590,-3372970000,14.85(1.37 %),338950,5017770000,567540,8390740000,120069077,20.52
16/12/2019,16740,258130000,15.05(1.35 %),316740,4781630000,300000,4523500000,120795786,20.34
17/12/2019,21640,323530000,14.9(-1.00 %),324300,4859990000,302660,4536460000,121056486,20.28
18/12/2019,277400,4212910000,15.15(1.68 %),352190,5349660000,74790,1136750000,121271838,20.23
19/12/2019,250930,3832130000,15.2(0.33 %),330000,5040210000,79070,1208080000,121241838,20.24
20/12/2019,-94760,-1435990000,15.15(-0.33 %),266590,4055370000,361350,5491360000,121308328,20.22
23/12/2019,-215420,-3223817500,14.9(-1.65 %),211000,3161911000,426420,6385728500,121890407,20.08
24/12/2019,-99000,-1468190000,14.9(0.00 %),201000,2982790000,300000,4450980000,121050188,20.28
25/12/2019,-39070,-588230000,14.85(-0.34 %),18510,275650000,57580,863880000,121362608,20.21
26/12/2019,-398550,-5970200000,14.9(0.34 %),212500,3176610000,611050,9146810000,121576528,20.16
27/12/2019,21680,319014000,15(0.67 %),212220,3176560500,190540,2857546500,122405347,19.96
30/12/2019,-312560,-4751130000,15.2(1.33 %),211140,3209110000,523700,7960240000,121510748,20.17
31/12/2019,128000,1931630000,15.05(-0.99 %),201170,3036700000,73170,1105070000,121920628,20.08
02/01/2020,-235010,-3538800000,15.05(0.00 %),66170,993660000,301180,4532460000,122044998,20.05
03/01/2020,-1584750,-24341890000,15.2(1.00 %),44690,692420000,1629440,25034310000,122524008,19.93
06/01/2020,-513140,-8130500000,15.85(4.28 %),894940,14187710000,1408080,22318210000,121702238,20.13
07/01/2020,-6300,-98468500,15.65(-1.26 %),3130,49111000,9430,147579500,124215358,19.53
08/01/2020,-527670,-8338380000,15.65(0.00 %),3150,50320000,530820,8388700000,123626578,19.67
09/01/2020,-288860,-4398250000,15.2(-2.88 %),18610,284600000,307470,4682850000,125016050,19.34
10/01/2020,-185390,-2815620000,15.15(-0.33 %),12610,190510000,198000,3006130000,125012870,19.34
13/01/2020,-165850,-2487610000,14.95(-1.32 %),15460,231880000,181310,2719490000,125528230,19.22
14/01/2020,-586360,-8614080000,14.7(-1.67 %),313640,4623680000,900000,13237760000,125822060,19.15
15/01/2020,14460,212110000,14.6(-0.68 %),14470,212260000,10,150000,126005590,19.11
16/01/2020,-743300,-10931600000,14.7(0.68 %),18240,270610000,761540,11202210000,126168672,19.07
17/01/2020,-146610,-2173240000,14.65(-0.34 %),101140,1493460000,247750,3666700000,126667534,18.95
20/01/2020,-746930,-10831140000,14.5(-1.02 %),23290,337710000,770220,11168850000,126644259,18.96
21/01/2020,17110,250310000,14.8(2.07 %),19110,279610000,2000,29300000,127386689,18.78
22/01/2020,225920,3382890000,14.95(1.01 %),226120,3385870000,200,2980000,127408319,18.78
30/01/2020,76540,1097580000,14.25(-4.68 %),152550,2193000000,76010,1095420000,128025989,18.63
31/01/2020,-18160,-271770000,13.3(-6.67 %),100300,1348750000,118460,1620520000,127996149,18.64
03/02/2020,-140180,-1743034000,12.5(-6.02 %),263850,3303170000,404030,5046204000,127996349,18.64
04/02/2020,-530210,-6494702000,12.2(-2.40 %),7950,97830500,538160,6592532500,128526559,18.51
05/02/2020,-35260,-436090000,12.5(2.46 %),6550,81270000,41810,517360000,127844014,18.67
06/02/2020,-17030,-211730000,13.35(6.80 %),30280,397970000,47310,609700000,128217764,18.58
07/02/2020,162910,2194250000,13.25(-0.75 %),173190,2330970000,10280,136720000,128582734,18.5
10/02/2020,576400,7551740000,13(-1.89 %),576400,7551740000,0,0,128048144,18.62
11/02/2020,600360,7937593500,13.35(2.69 %),600360,7937593500,0,0,127239179,18.82
12/02/2020,169920,2302830000,13.55(1.50 %),171540,2324720000,1620,21890000,127333834,18.79
13/02/2020,107070,1450080000,13.5(-0.37 %),108790,1473470000,1720,23390000,127225041,18.82
14/02/2020,-564900,-7534920000,13.35(-1.11 %),235150,3141980000,800050,10676900000,126989891,18.88
17/02/2020,573140,7742640000,13.45(0.75 %),1074870,14480483500,501730,6737843500,126953949,18.88
18/02/2020,3100,41700000,13.35(-0.74 %),3100,41700000,0,0,125915261,19.13
19/02/2020,-1113270,-14838150000,13.3(-0.37 %),0,0,1113270,14838150000,126715311,18.94
20/02/2020,-1486290,-19895110000,13.35(0.38 %),28120,377340000,1514410,20272450000,127188921,18.83
21/02/2020,-1161510,-15493816000,13.2(-1.12 %),87010,1166081500,1248520,16659897500,130711919,17.99
24/02/2020,-612910,-7678780000,12.3(-6.82 %),80120,996840000,693030,8675620000,128135070,18.6
25/02/2020,6340,77510000,12.55(2.03 %),9860,121570000,3520,44060000,129639620,18.25
26/02/2020,-134240,-1637800000,12.2(-2.79 %),400,4880000,134640,1642680000,130887740,17.95
27/02/2020,12000,147450000,12.4(1.64 %),12000,147450000,0,0,131568770,17.79
28/02/2020,-1294720,-15420030000,11.75(-5.24 %),160020,1895240000,1454740,17315270000,131412270,17.83
02/03/2020,-1355720,-16129348000,11.85(0.85 %),42510,505744000,1398230,16635092000,131504400,17.8
03/03/2020,-697950,-8497624500,12.1(2.11 %),0,0,697950,8497624500,132202350,17.64
04/03/2020,-422770,-5193960000,12.55(3.72 %),534500,6529900000,957270,11723860000,132424635,17.59
05/03/2020,18700,236560000,12.4(-1.20 %),22700,287160000,4000,50600000,133800165,17.26
06/03/2020,-25540,-312724000,12.25(-1.21 %),0,0,25540,312724000,132631960,17.54
09/03/2020,-1090,-12430000,11.4(-6.94 %),500,5700000,1590,18130000,135454885,16.87
10/03/2020,-727620,-7836459000,10.8(-5.26 %),53870,575692000,781490,8412151000,133360670,17.36
11/03/2020,-1103650,-11510360000,10.05(-6.94 %),13600,142710000,1117250,11653070000,135416947,16.88
12/03/2020,-884070,-8304680000,9.35(-6.97 %),14500,135810000,898570,8440490000,135404039,16.88
13/03/2020,-560250,-4910065400,9.3(-0.53 %),166870,1498580400,727120,6408645800,135908640,16.76
16/03/2020,324820,3015152600,9.22(-0.86 %),877360,8096463500,552540,5081310900,135583820,16.84
17/03/2020,-470870,-4308111600,9.3(0.87 %),10110,90912600,480980,4399024200,136054690,16.72
18/03/2020,-1517990,-13614740000,8.7(-6.45 %),85510,787710000,1603500,14402450000,137788619,16.31
19/03/2020,-1517990,-13614747900,8.2(-5.75 %),85510,787705000,1603500,14402452900,139090670,16.0
20/03/2020,-184350,-1564438300,8.77(6.95 %),76000,644702600,260350,2209140900,139275020,15.96
23/03/2020,-226830,-1854723900,8.16(-6.96 %),197700,1613551000,424530,3468274900,139501850,15.91
24/03/2020,-238440,-1940490000,8.18(0.25 %),49070,409100000,287510,2349590000,141764050,15.37
25/03/2020,-149980,-1264022200,8.46(3.42 %),51030,436703800,201010,1700726000,139890270,15.81
26/03/2020,77920,669890000,8.15(-3.66 %),157920,1326170000,80000,656280000,142239980,15.26
27/03/2020,-494510,-3960596700,7.76(-4.79 %),5490,44024700,500000,4004621400,140306860,15.72
30/03/2020,17040,123033800,7.22(-6.96 %),17300,124911000,260,1877200,140289820,15.72
31/03/2020,-1880490,-13148740000,6.75(-6.51 %),107240,730540000,1987730,13879280000,142678470,15.15
01/04/2020,-108200,-770317200,7.05(4.44 %),435930,3071340800,544130,3841658000,143178470,15.03
03/04/2020,-2630,-19830200,7.54(6.95 %),0,0,2630,19830200,143181100,15.03
06/04/2020,-2190,-17651400,8.06(6.90 %),182240,1468854400,184430,1486505800,143183290,15.03
07/04/2020,-257710,-2221460200,8.62(6.95 %),79090,681755800,336800,2903216000,143441000,14.97
08/04/2020,40110,359349300,9.14(6.03 %),69110,612014800,29000,252665500,143400890,14.98
09/04/2020,-127010,-1214670100,9.57(4.70 %),61670,588461100,188680,1803131200,143527900,14.95
10/04/2020,344700,3216051000,9.33(-2.51 %),347970,3246560100,3270,30509100,143183200,15.03
13/04/2020,480140,4759992200,9.9(6.11 %),480250,4761080200,110,1088000,142703060,15.15
14/04/2020,-183620,-1742489200,9.7(-2.02 %),9580,92134600,193200,1834623800,142886680,15.1
15/04/2020,-574680,-5459086600,9.47(-2.37 %),137980,1320510300,712660,6779596900,143461360,14.97
16/04/2020,40680,431187700,9.6(1.37 %),302870,2857014900,262190,2425827200,143420680,14.98
17/04/2020,-611400,-5988630000,9.8(2.08 %),37650,369390000,649050,6358020000,144504379,14.72
20/04/2020,15420,195644900,10.45(6.63 %),136000,1392081900,120580,1196437000,144016660,14.84
21/04/2020,-240070,-2349625000,9.72(-6.99 %),19100,186051000,259170,2535676000,144256730,14.78
22/04/2020,26700,247190000,9.39(-3.40 %),43670,402500000,16970,155310000,145929509,14.38
23/04/2020,-176110,-1675500000,9.59(2.13 %),5490,52900000,181600,1728400000,146044599,14.35
24/04/2020,-1689630,-16017970000,9.39(-2.09 %),240,2300000,1689870,16020270000,146303529,14.29
27/04/2020,-1479890,-13525937600,9.02(-3.94 %),2800,25444000,1482690,13551381600,147575660,13.99
28/04/2020,-290300,-2531625400,8.76(-2.88 %),223950,1950204600,514250,4481830000,147865960,13.92
29/04/2020,-329800,-3018412300,9.15(4.45 %),367200,3341090800,697000,6359503100,148195760,13.84
04/05/2020,-1428400,-13416530000,9.23(0.87 %),7730,73450000,1436130,13489980000,149072986,13.64
05/05/2020,-177960,-1660340000,9.51(3.03 %),0,0,177960,1660340000,149587236,13.51
06/05/2020,-803450,-7793050000,9.71(2.10 %),2200,21320000,805650,7814370000,150282036,13.35
07/05/2020,-736870,-7054542000,9.57(-1.44 %),26690,255882300,763560,7310424300,150798996,13.23
08/05/2020,-197600,-1911609000,9.69(1.25 %),94620,920574500,292220,2832183500,150996596,13.18
11/05/2020,-200850,-2013060000,10.35(6.81 %),104960,1067110000,305810,3080170000,152475506,12.83
12/05/2020,-20510,-214040000,10.5(1.45 %),11190,116580000,31700,330620000,153227876,12.65
13/05/2020,-78060,-824580000,10.65(1.43 %),29230,312150000,107290,1136730000,153490866,12.59
14/05/2020,65960,696017000,10.35(-2.82 %),113250,1188381500,47290,492364500,151230056,13.12
15/05/2020,-46210,-496440000,10.45(0.97 %),60090,618940000,106300,1115380000,153655036,12.55
18/05/2020,-9410,-104400000,10.9(4.31 %),25310,272830000,34720,377230000,153737016,12.53
19/05/2020,-56670,-636970000,11.15(2.29 %),34000,381350500,90670,1018320500,151342346,13.1
20/05/2020,27630,302260000,10.95(-1.79 %),31620,345950000,3990,43690000,153824986,12.51
21/05/2020,-990,-10592000,10.8(-1.37 %),1000,10900000,1990,21492000,151315706,13.1
22/05/2020,155210,1685207000,10.75(-0.46 %),160830,1745622000,5620,60415000,151160496,13.14
25/05/2020,8620,93151000,10.95(1.86 %),26620,288701000,18000,195550000,151151876,13.14
26/05/2020,-21760,-241250000,11.15(1.83 %),1450,16122500,23210,257372500,151173636,13.14
27/05/2020,-650,-3540000,10.8(-3.14 %),13100,147460000,13750,151000000,153758976,12.52
28/05/2020,-630,-6220000,10.7(-0.93 %),7690,83280000,8320,89500000,153769286,12.52
29/05/2020,-313090,-3319985000,10.6(-0.93 %),7820,83171000,320910,3403156000,151488006,13.06
01/06/2020,-24420,-266234500,10.9(2.83 %),3200,34560000,27620,300794500,153798426,12.52
02/06/2020,-1298070,-14312500000,11.2(2.75 %),50750,580590000,1348820,14893090000,153752796,12.53
03/06/2020,-7910,-90051500,11.4(1.79 %),5000,56750000,12910,146801500,155104406,12.21
04/06/2020,-2820,-31420000,11.2(-1.75 %),1500,17050000,4320,48470000,154094826,12.45
05/06/2020,176320,1980600000,11.35(1.34 %),180070,2023160000,3750,42560000,155263581,12.17
08/06/2020,267160,3152570000,12(5.73 %),291010,3435740000,23850,283170000,154985481,12.23
09/06/2020,93880,1119310000,11.75(-2.08 %),93890,1119430000,10,120000,154895911,12.26
10/06/2020,179950,2115560000,11.7(-0.43 %),265450,3116400000,85500,1000840000,154634211,12.32
11/06/2020,-512510,-5868954500,10.9(-6.84 %),103940,1193790000,616450,7062744500,155172626,12.19
12/06/2020,134480,1409580000,10.75(-1.38 %),159880,1679400000,25400,269820000,154394251,12.37
15/06/2020,-166490,-1694179500,10.15(-5.58 %),121640,1266032000,288130,2960211500,155204636,12.18
16/06/2020,-28630,-297390000,10.6(4.43 %),51730,539330000,80360,836720000,154922831,12.25
17/06/2020,-120710,-1165563000,10.55(-0.47 %),10100,106777200,130810,1272340200,155353976,12.15
18/06/2020,11450,120545500,10.45(-0.95 %),21540,224522500,10090,103977000,155342526,12.15
19/06/2020,65220,703468500,10.7(2.39 %),115220,1232254000,50000,528785500,155277306,12.16
22/06/2020,-109500,-1170770000,10.7(0.00 %),9170,99440000,118670,1270210000,155291501,12.16
23/06/2020,-140460,-1517380000,10.9(1.87 %),5230,56980000,145690,1574360000,155296361,12.16
24/06/2020,-55910,-605501000,10.65(-2.29 %),13000,139650000,68910,745151000,155583176,12.09
25/06/2020,-77830,-812710000,10.45(-1.88 %),5190,54500000,83020,867210000,155452091,12.12
26/06/2020,-8030,-83913500,10.45(0.00 %),0,0,8030,83913500,155669036,12.07
29/06/2020,57540,574830000,10.1(-3.35 %),60300,603120000,2760,28290000,155606391,12.09
30/06/2020,-2830,328099420,9.98(-1.19 %),40980,412012920,43810,83913500,155619596,12.08
01/07/2020,2790,28060000,10.3(3.21 %),2790,28060000,0,0,155689451,12.07
02/07/2020,-229990,-2352040000,10.2(-0.97 %),3500,35350000,233490,2387390000,155688711,12.07
03/07/2020,-397100,-4065663500,10.2(0.00 %),0,0,397100,4065663500,156319331,11.92
06/07/2020,-421860,-4321243000,10.2(0.00 %),10780,111034000,432640,4432277000,156741191,11.82
07/07/2020,-400,-4140000,10.35(1.47 %),0,0,400,4140000,156741591,11.82
08/07/2020,55500,571900000,10.3(-0.48 %),55500,571900000,0,0,156686091,11.83
09/07/2020,-62790,-664791000,10.6(2.91 %),0,0,62790,664791000,156748881,11.82
10/07/2020,3610,37550000,10.4(-1.89 %),10100,105050000,6490,67500000,156874541,11.79
13/07/2020,82370,865120000,10.55(1.44 %),82370,865120000,0,0,156792171,11.81
14/07/2020,10670,111726500,10.5(-0.47 %),10770,112771500,100,1045000,156652231,11.84
15/07/2020,-10130,-106370000,10.5(0.00 %),0,0,10130,106370000,156850681,11.79
16/07/2020,-14960,-160472000,10.6(0.95 %),0,0,14960,160472000,156677321,11.83
17/07/2020,-50,-530000,10.5(-0.94 %),0,0,50,530000,156850781,11.79
20/07/2020,-7440,-77400000,10.3(-1.90 %),200,2060000,7640,79460000,156860711,11.79
21/07/2020,12760,131655500,10.35(0.49 %),13060,134740500,300,3085000,156672051,11.83
22/07/2020,390,4100000,10.3(-0.48 %),390,4100000,0,0,156862271,11.79
23/07/2020,-11000,-113300000,10.4(0.97 %),0,0,11000,113300000,156869911,11.79
24/07/2020,25990,254643000,9.7(-6.73 %),26590,260543000,600,5900000,156656671,11.84
27/07/2020,92140,843603500,9.03(-6.91 %),92740,849022500,600,5419000,156564531,11.86
28/07/2020,9310,82510000,9.39(3.99 %),50210,462900000,40900,380390000,156711670,11.82
29/07/2020,-37180,-329210000,8.9(-5.22 %),2100,18440000,39280,347650000,156710170,11.82
30/07/2020,-37180,-329212600,9.09(2.13 %),2100,18435000,39280,347647600,156629581,11.84
31/07/2020,-221110,-1984722800,8.99(-1.10 %),6000,54120000,227110,2038842800,156850691,11.79
03/08/2020,17650,172260700,9.41(4.67 %),70930,669594500,53280,497333800,156784950,11.81
04/08/2020,-251330,-2390540000,9.46(0.53 %),53010,505020000,304340,2895560000,156661010,11.84
05/08/2020,15110,146660000,9.8(3.59 %),15110,146660000,0,0,156873010,11.79
06/08/2020,122640,1269600000,10.2(4.08 %),1216700,12344870000,1094060,11075270000,155709592,12.06
07/08/2020,767020,7771120000,10.1(-0.98 %),818240,8291550000,51220,520430000,155195692,12.18
10/08/2020,402620,4171488000,10.35(2.48 %),405380,4200192000,2760,28704000,155728890,12.06
11/08/2020,-13830,-141770000,10.3(-0.48 %),0,0,13830,141770000,155884372,12.02
12/08/2020,-10000,-106500000,10.7(3.88 %),0,0,10000,106500000,155935592,12.01
13/08/2020,24480,265070000,10.7(0.00 %),47360,510290000,22880,245220000,155890992,12.02
14/08/2020,-350440,-3680481500,10.35(-3.27 %),0,0,350440,3680481500,156078680,11.97
17/08/2020,-1790,-26120000,10.85(4.83 %),51400,548000000,53190,574120000,155863422,12.03
18/08/2020,-25440,-273680000,10.7(-1.38 %),2100,22590000,27540,296270000,155884202,12.02
19/08/2020,1000,10650000,10.7(0.00 %),1000,10650000,0,0,156233642,11.94
20/08/2020,-173730,-1816230000,10.45(-2.34 %),9850,103920000,183580,1920150000,156276982,11.93
21/08/2020,42030,442035500,10.45(0.00 %),48650,511214500,6620,69179000,156236610,11.94
24/08/2020,121410,1304034000,10.75(2.87 %),121410,1304034000,0,0,156115200,11.97
25/08/2020,115570,1255283500,10.7(-0.47 %),136090,1476173500,20520,220890000,155999630,11.99
26/08/2020,453600,5100540000,11.4(6.54 %),461490,5188870000,7890,88330000,155727082,12.06
27/08/2020,49950,567990000,11.35(-0.44 %),90390,1025310000,40440,457320000,155636692,12.08
28/08/2020,-112010,-1265705500,11.15(-1.76 %),8540,96502000,120550,1362207500,155608090,12.09
31/08/2020,-318200,-3558530000,11.25(0.90 %),427630,4811860000,745830,8370390000,155228932,12.18
01/09/2020,109010,1255150000,11.45(1.78 %),110410,1270970000,1400,15820000,155158962,12.19
03/09/2020,-638190,-7243039000,11.3(-1.31 %),750,8512500,638940,7251551500,155907562,12.02
04/09/2020,-47020,-506740000,11.2(-0.88 %),151300,1687460000,198320,2194200000,155873292,12.02
07/09/2020,112510,1257411000,10.8(-3.57 %),179330,1989781500,66820,732370500,155842072,12.03
08/09/2020,177310,1942750000,11(1.85 %),201850,2208840000,24540,266090000,156132702,11.96
09/09/2020,27040,290680000,10.9(-0.91 %),27040,290680000,0,0,156303982,11.92
10/09/2020,-177900,-1940481000,10.85(-0.46 %),60000,656500000,237900,2596981000,155815622,12.04
11/09/2020,42620,462300500,10.9(0.46 %),42730,463494000,110,1193500,155773002,12.05
14/09/2020,134290,1490977500,11.15(2.29 %),137640,1527660000,3350,36682500,155638712,12.08
15/09/2020,16870,184512500,11.1(-0.45 %),62380,690374000,45510,505861500,155621842,12.08
16/09/2020,-23140,-262820000,11.35(2.25 %),0,0,23140,262820000,156330859,11.91
17/09/2020,-170780,-1918060000,11.2(-1.32 %),21000,240450000,191780,2158510000,156313209,11.92
18/09/2020,-4570,-50110000,11.25(0.45 %),28170,318310000,32740,368420000,156330549,11.91
21/09/2020,-58460,-664032500,11.25(0.00 %),810,9271500,59270,673304000,155878792,12.02
22/09/2020,-120890,-1356168000,11.45(1.78 %),110,1232000,121000,1357400000,155999682,11.99
23/09/2020,-99360,-1149950000,11.5(0.44 %),19200,222720000,118560,1372670000,156559343,11.86
24/09/2020,-658600,-7532680000,11.4(-0.87 %),5850,66890000,664450,7599570000,156613513,11.85
25/09/2020,-49000,-556200000,11.6(1.75 %),48620,561770000,97620,1117970000,156685893,11.83
28/09/2020,63560,744821500,11.75(1.29 %),93340,1095661500,29780,350840000,156743082,11.82
29/09/2020,-272510,-3236110000,11.5(-2.13 %),25300,301190000,297810,3537300000,157350263,11.67
30/09/2020,-22500,-258060000,11.55(0.43 %),110480,1270240000,132980,1528300000,157371743,11.67
01/10/2020,-984230,-11443450000,11.65(0.87 %),41490,483080000,1025720,11926530000,157360033,11.67
02/10/2020,-1458350,-16786243500,11.55(-0.86 %),500,5800000,1458850,16792043500,158859873,11.31
05/10/2020,-596470,-7126690000,12.3(6.49 %),354810,4293450000,951280,11420140000,157401173,11.66
06/10/2020,-1172320,-14361270000,12.25(-0.41 %),1500,18280000,1173820,14379550000,158425393,11.42
07/10/2020,-1013930,-12320332500,12(-2.04 %),5700,69280000,1019630,12389612500,161642593,10.65
08/10/2020,-1034280,-12474414000,12.1(0.83 %),0,0,1034280,12474414000,162676873,10.41
09/10/2020,-230470,-2818172500,12.1(0.00 %),18020,219844000,248490,3038016500,162907343,10.35
12/10/2020,-497840,-5978431000,11.65(-3.72 %),3000,35700000,500840,6014131000,163405183,10.24
13/10/2020,-348400,-4049160000,11.55(-0.86 %),3600,41760000,352000,4090920000,164032933,10.09
14/10/2020,-340880,-3946600000,11.5(-0.43 %),9890,114400000,350770,4061000000,164271533,10.03
15/10/2020,-210100,-2437170000,11.55(0.43 %),41900,481930000,252000,2919100000,164730473,9.92
16/10/2020,-419200,-4865910000,11.55(0.00 %),15800,182010000,435000,5047920000,165066668,9.84
19/10/2020,-441870,-5084150000,11.4(-1.30 %),20600,237130000,462470,5321280000,165396838,9.76
20/10/2020,-499900,-5760100000,11.55(1.32 %),100,1150000,500000,5761250000,165665533,9.7
21/10/2020,-437870,-5040894000,11.4(-1.30 %),14780,168642000,452650,5209536000,166103403,9.6
22/10/2020,-355390,-4027569500,11.4(0.00 %),6940,78172000,362330,4105741500,166458793,9.51
23/10/2020,2300,26290000,11.4(0.00 %),2300,26290000,0,0,167022188,9.38
26/10/2020,-200,-2370000,11(-3.51 %),2000,22600000,2200,24970000,167472838,9.27
27/10/2020,2000,21650000,10.8(-1.82 %),2000,21650000,0,0,167833168,9.19
28/10/2020,71020,761099000,10.75(-0.46 %),71520,766524000,500,5425000,166383673,9.53
29/10/2020,-4820,-51080000,10.75(0.00 %),180,1920000,5000,53000000,167763168,9.2
30/10/2020,-208790,-2257814000,10.85(0.93 %),0,0,208790,2257814000,166597283,9.48
02/11/2020,0,0,10.75(-0.92 %),0,0,0,0,167763668,9.2
03/11/2020,-236270,-2571102000,10.9(1.40 %),20980,228032000,257250,2799134000,167999938,9.15
04/11/2020,-16910,-183202000,11.2(2.75 %),12190,136883000,29100,320085000,168016848,9.14
05/11/2020,-16290,-183690000,11(-1.79 %),3780,42050000,20070,225740000,167940508,9.16
06/11/2020,0,0,11(0.00 %),0,0,0,0,168197758,9.1
09/11/2020,228340,2550816000,11.35(3.18 %),234240,2616601000,5900,65785000,167804798,9.19
10/11/2020,638350,7522530000,11.65(2.64 %),651810,7681310000,13460,158780000,167360872,9.3
11/11/2020,607000,7180112000,12.05(3.43 %),632610,7484061500,25610,303949500,166559448,9.49
12/11/2020,-584900,-7034230000,11.9(-1.24 %),108590,1297250000,693490,8331480000,166625572,9.47
13/11/2020,-68840,-816010000,11.85(-0.42 %),3000,35550000,71840,851560000,166636034,9.47
16/11/2020,27750,328260000,11.65(-1.69 %),45900,542920000,18150,214660000,166615747,9.48
17/11/2020,-3238690,-39086049000,12.3(5.58 %),791620,9495571000,4030310,48581620000,170424128,8.57
18/11/2020,34970,424650000,12.55(2.03 %),141900,1762780000,106930,1338130000,166447557,9.51
19/11/2020,574910,7376289000,12.7(1.20 %),663640,8500600000,88730,1124311000,169814248,8.72
20/11/2020,218390,2752161500,12.65(-0.39 %),220390,2777161500,2000,25000000,169595858,8.77
23/11/2020,-174060,-2178220000,12.6(-0.40 %),100650,1271920000,274710,3450140000,169618281,8.76
24/11/2020,241900,3122551000,13(3.17 %),382540,4913553500,140640,1791002500,169528018,8.78
25/11/2020,371130,4984240000,13.25(1.92 %),635320,8507380000,264190,3523140000,168691151,8.98
26/11/2020,-198340,-2605820000,13.25(0.00 %),90620,1211770000,288960,3817590000,168875243,8.94
27/11/2020,140650,1857330000,13.2(-0.38 %),151820,2003800000,11170,146470000,168864063,8.94
30/11/2020,287930,3755770000,12.95(-1.89 %),431930,5636090000,144000,1880320000,168696323,8.98
01/12/2020,962050,12367760000,13.15(1.54 %),965490,12411990000,3440,44230000,168019793,9.14
02/12/2020,-317520,-4136080000,13(-1.14 %),118530,1552241000,436050,5688321000,169302803,8.84
03/12/2020,128330,1692661500,13.25(1.92 %),274140,3619771000,145810,1927109500,169174473,8.87
04/12/2020,1018910,13826110000,13.5(1.89 %),1069070,14504390000,50160,678280000,166716919,9.45
07/12/2020,409070,5535780000,13.55(0.37 %),412280,5579600000,3210,43820000,166740689,9.45
08/12/2020,175980,2373580000,13.4(-1.11 %),215100,2899900000,39120,526320000,166671399,9.46
09/12/2020,453210,6176750000,13.5(0.75 %),454760,6197860000,1550,21110000,166266799,9.56
10/12/2020,202810,2736690000,13.15(-2.59 %),203580,2746970000,770,10280000,166066429,9.61
11/12/2020,206980,2796680000,13.55(3.04 %),207810,2807930000,830,11250000,165897739,9.65
14/12/2020,571750,7878410000,13.8(1.85 %),608980,8391530000,37230,513120000,165290309,9.79
15/12/2020,-11590,-148640000,13.65(-1.09 %),95140,1304230000,106730,1452870000,165195939,9.81
16/12/2020,151350,2129150000,14.2(4.03 %),187550,2632200000,36200,503050000,165009219,9.86
17/12/2020,117890,1706760000,14.2(0.00 %),192100,2755172000,74210,1048412000,165878113,9.65
18/12/2020,170,6410000,14.35(1.06 %),222510,3188390000,222340,3181980000,164738569,9.92
21/12/2020,-103130,-1512962500,14.7(2.44 %),69880,1026630500,173010,2539593000,165981073,9.63
22/12/2020,-197390,-2871430000,14.65(-0.34 %),3020,43940000,200410,2915370000,164776079,9.91
23/12/2020,-160790,-2336810000,14.5(-1.02 %),37030,538530000,197820,2875340000,164961302,9.87
24/12/2020,-458100,-6495660000,14.3(-1.38 %),21920,315440000,480020,6811100000,165112392,9.83
25/12/2020,-54480,-759741500,14.4(0.70 %),84160,1206670000,138640,1966411500,166851833,9.42
28/12/2020,163120,2445852500,15.4(6.94 %),174300,2616440500,11180,170588000,166688713,9.46
29/12/2020,-378210,-5982362000,15.8(2.60 %),133100,2104580000,511310,8086942000,167066923,9.37
30/12/2020,41150,1376411190,15.9(0.63 %),182470,2886492930,141320,1510081740,167025773,9.38
31/12/2020,-13770,-191941500,16.2(1.89 %),50210,815508500,63980,1007450000,165569042,9.72
04/01/2021,201100,3416220000,17.3(6.79 %),278700,4721995000,77600,1305775000,165748852,9.68
05/01/2021,-1005000,-17679115000,17.4(0.58 %),36200,634150000,1041200,18313265000,166753852,9.44
06/01/2021,-258200,-4620620000,17.55(0.86 %),64900,1171110000,323100,5791730000,167012052,9.38
07/01/2021,143500,2594810000,18.75(6.84 %),217600,3944950000,74100,1350140000,166868552,9.42
08/01/2021,-481900,-9453985000,19.65(4.80 %),169700,3300105000,651600,12754090000,167350452,9.3
11/01/2021,-192800,-3959470000,21(6.87 %),106100,2227060000,298900,6186530000,167543252,9.26
12/01/2021,-396900,-8402910000,21.4(1.90 %),2400,50325000,399300,8453235000,167940152,9.16
13/01/2021,-310200,-6610070000,21(-1.87 %),149400,3164490000,459600,9774560000,168250352,9.09
14/01/2021,-23300,-483865000,21.35(1.67 %),273200,5768485000,296500,6252350000,168273652,9.08
15/01/2021,-830500,-18686920000,22.8(6.79 %),39300,892930000,869800,19579850000,169104152,8.88
18/01/2021,70900,1504825000,23.15(1.54 %),175200,3983830000,104300,2479005000,169033252,8.9
19/01/2021,-608100,-14030880000,21.55(-6.91 %),94700,2097280000,702800,16128160000,169641352,8.76
20/01/2021,-664900,-14060540000,21.35(-0.93 %),654800,13452310000,1319700,27512850000,170306252,8.6
21/01/2021,303100,6676175000,22.2(3.98 %),318900,7016065000,15800,339890000,170003152,8.67
22/01/2021,-1023300,-22196650000,21.3(-4.05 %),156100,3449650000,1179400,25646300000,171026452,8.43
25/01/2021,206800,4338450000,20.8(-2.35 %),226300,4741725000,19500,403275000,170819652,8.48
26/01/2021,149300,2932030000,19.35(-6.97 %),190800,3738450000,41500,806420000,170670352,8.51
27/01/2021,1157200,21943885000,18.25(-5.68 %),1208300,22904075000,51100,960190000,169513152,8.79
28/01/2021,1155900,20028110000,17(-6.85 %),1192700,20656900000,36800,628790000,168357252,9.06
29/01/2021,910700,15747340000,17.7(4.12 %),1261400,21831655000,350700,6084315000,167446552,9.28
01/02/2021,373900,6400380000,16.5(-6.78 %),548600,9372715000,174700,2972335000,167341558,9.3
02/02/2021,412500,6919170000,17.5(6.06 %),601100,10122250000,188600,3203080000,166929058,9.4
03/02/2021,-229700,-4183130000,18.7(6.86 %),192400,3595620000,422100,7778750000,167158758,9.35
04/02/2021,-1370800,-26912010000,19.6(4.81 %),1000,19585000,1371800,26931595000,168529558,9.02
05/02/2021,-518200,-10386535000,19.95(1.79 %),2100,41970000,520300,10428505000,169047758,8.9
08/02/2021,242400,5386305000,20.3(1.75 %),721600,15084870000,479200,9698565000,168805358,8.96
09/02/2021,79200,1684970000,21.2(4.43 %),165100,3485330000,85900,1800360000,168726158,8.97
17/02/2021,184900,4187435000,22.65(6.84 %),249300,5646095000,64400,1458660000,168541258,9.02
18/02/2021,-344000,-8096650000,23.4(3.31 %),25500,605495000,369500,8702145000,168885258,8.94
19/02/2021,-634900,-14500800000,22.65(-3.21 %),17000,389315000,651900,14890115000,169520158,8.79
22/02/2021,-394600,-9037910000,23.3(2.87 %),7100,163865000,401700,9201775000,169914758,8.69
23/02/2021,-449500,-10792610000,23.7(1.72 %),30700,740080000,480200,11532690000,170364258,8.59
24/02/2021,-968300,-22307225000,22.9(-3.38 %),6200,143140000,974500,22450365000,171332558,8.36
25/02/2021,132200,3170575000,23.45(2.40 %),268200,6332550000,136000,3161975000,171200358,8.39
26/02/2021,73100,1752080000,23.4(-0.21 %),266900,6188855000,193800,4436775000,171127258,8.4
01/03/2021,291900,6975325000,24.4(4.27 %),1286800,31241610000,994900,24266285000,170492840,8.56
02/03/2021,-1264000,-30237750000,23.95(-1.84 %),80500,1932125000,1344500,32169875000,171756840,8.26
03/03/2021,-736100,-17332310000,23.55(-1.67 %),48300,1138405000,784400,18470715000,172492940,8.08
04/03/2021,-592900,-13913435000,24.2(2.76 %),89200,2123395000,682100,16036830000,173085840,7.94
05/03/2021,-215700,-5353090000,25.25(4.34 %),118600,2989135000,334300,8342225000,173301540,7.89
08/03/2021,91700,2404970000,25.7(1.78 %),472800,12291625000,381100,9886655000,173209840,7.91
09/03/2021,-25000,-616470000,24.5(-4.67 %),48900,1212020000,73900,1828490000,173234840,7.9
10/03/2021,-261900,-6287370000,23.85(-2.65 %),107700,2566230000,369600,8853600000,173496740,7.84
11/03/2021,64500,1572725000,24.15(1.26 %),66100,1611465000,1600,38740000,173432240,7.86
12/03/2021,-276800,-6692135000,24(-0.62 %),3300,80045000,280100,6772180000,173709040,7.79
15/03/2021,-276000,-6634470000,23.95(-0.21 %),10300,247030000,286300,6881500000,173985040,7.73
16/03/2021,-411600,-9707990000,23.55(-1.67 %),50100,1178370000,461700,10886360000,174396640,7.63
17/03/2021,-130800,-2993715000,24.2(2.98 %),281100,6669410000,411900,9663125000,174527440,7.6
18/03/2021,-309000,-7415710000,23.9(-1.24 %),5000,120000000,314000,7535710000,174836440,7.52
19/03/2021,-1542200,-35776200000,23.3(-2.51 %),52600,1212590000,1594800,36988790000,176378640,7.16
22/03/2021,-16800,-385190000,23.45(0.64 %),70000,1646000000,86800,2031190000,176395440,7.16
23/03/2021,24300,579190000,23.1(-1.49 %),125000,2905395000,100700,2326205000,176371140,7.16
24/03/2021,335300,7451815000,21.85(-5.41 %),336400,7475775000,1100,23960000,176035840,7.24
25/03/2021,-15500,-337430000,21.7(-0.69 %),8000,177515000,23500,514945000,176051340,7.24
26/03/2021,136600,2897465000,21.8(0.46 %),138100,2929885000,1500,32420000,175914740,7.27
29/03/2021,21900,479100000,21.95(0.69 %),29900,656660000,8000,177560000,175892840,7.27
30/03/2021,273900,6025130000,22.55(2.73 %),277200,6097565000,3300,72435000,175618940,7.34
31/03/2021,-132300,-2984065000,22.6(0.22 %),21000,473975000,153300,3458040000,175751240,7.31
01/04/2021,5000,108700000,23.2(2.65 %),48800,1120765000,43800,1012065000,175950466,7.26
02/04/2021,-70600,-1643205000,23.05(-0.65 %),2200,50785000,72800,1693990000,176021066,7.24
05/04/2021,-317300,-7285260000,22.9(-0.65 %),77700,1776010000,395000,9061270000,176338366,7.17
06/04/2021,-28900,-651720000,23(0.44 %),22400,503150000,51300,1154870000,176367266,7.16
07/04/2021,-118100,-2735460000,23(0.00 %),8400,193405000,126500,2928865000,176485366,7.13
08/04/2021,78500,1802685000,22.9(-0.43 %),79400,1823430000,900,20745000,176406866,7.15
09/04/2021,40600,922700000,22.6(-1.31 %),83200,1889700000,42600,967000000,176366266,7.16
12/04/2021,9500,212675000,22.25(-1.55 %),36000,802800000,26500,590125000,176356766,7.16
13/04/2021,-117500,-2607550000,21.9(-1.57 %),33600,747145000,151100,3354695000,176474266,7.14
14/04/2021,-81000,-1821530000,22.4(2.28 %),56400,1229680000,137400,3051210000,176555266,7.12
15/04/2021,-25900,-585155000,22.3(-0.45 %),35500,800600000,61400,1385755000,176581166,7.12
16/04/2021,10500,227600000,21.85(-2.02 %),38800,851680000,28300,624080000,176570666,7.11
19/04/2021,-25000,-545900000,21.85(0.00 %),400,8640000,25400,554540000,176595666,7.11
20/04/2021,119800,2639705000,21.85(0.00 %),131600,2897890000,11800,258185000,176475866,7.14
22/04/2021,-144000,-3015320000,20.35(-6.86 %),33400,697260000,177400,3712580000,176619866,7.1
23/04/2021,188600,3806480000,20.5(0.74 %),299200,6052920000,110600,2246440000,176431266,7.15
26/04/2021,14000,265865000,19.15(-6.59 %),88500,1731425000,74500,1465560000,176417266,7.15
27/04/2021,128000,2439290000,18.7(-2.35 %),144400,2753970000,16400,314680000,176289266,7.18
28/04/2021,124000,2388690000,19.15(2.41 %),178300,3428965000,54300,1040275000,176165266,7.21
29/04/2021,-125000,-2415785000,19.15(0.00 %),0,0,125000,2415785000,176290266,7.18
04/05/2021,-146800,-2722935000,18.55(-3.13 %),38100,706245000,184900,3429180000,176262710,7.19
05/05/2021,231500,4466680000,19.8(6.74 %),451600,8782410000,220100,4315730000,176031210,7.24
06/05/2021,965800,19805125000,20.1(1.52 %),1095100,22444360000,129300,2639235000,175065410,7.47
07/05/2021,-75000,-1460965000,19.5(-2.99 %),24900,495410000,99900,1956375000,175140410,7.45
10/05/2021,87700,1756915000,20.2(3.59 %),128700,2582150000,41000,825235000,175052710,7.47
11/05/2021,191700,4041055000,20.55(1.73 %),302000,6294010000,110300,2252955000,174861010,7.52
12/05/2021,-96900,-2042030000,21.1(2.68 %),36100,761595000,133000,2803625000,174957910,7.5
13/05/2021,-440600,-9278870000,20.7(-1.90 %),1700,36405000,442300,9315275000,175398510,7.39
14/05/2021,-170000,-3456865000,20.1(-2.90 %),20100,408725000,190100,3865590000,175568510,7.35
17/05/2021,-41700,-827345000,19.8(-1.49 %),5700,115070000,47400,942415000,175610210,7.34
18/05/2021,46400,937950000,20.8(5.05 %),87900,1768020000,41500,830070000,175563810,7.35
19/05/2021,-31600,-636830000,20(-3.85 %),0,0,31600,636830000,175595410,7.34
20/05/2021,-63000,-1218720000,19.35(-3.25 %),24200,466605000,87200,1685325000,175658410,7.33
21/05/2021,69700,1352845000,19.5(0.78 %),120300,2337875000,50600,985030000,175588710,7.35
24/05/2021,202000,4069850000,20.1(3.08 %),202200,4073865000,200,4015000,175386710,7.39
25/05/2021,31900,662355000,20.6(2.49 %),78300,1626940000,46400,964585000,175354810,7.4
26/05/2021,-70600,-1428050000,20.3(-1.46 %),1000,20350000,71600,1448400000,175425410,7.39
27/05/2021,251000,4961550000,19.7(-2.96 %),289600,5736770000,38600,775220000,175174410,7.44
28/05/2021,-140700,-2821170000,20.65(4.82 %),43200,896065000,183900,3717235000,175315110,7.41
31/05/2021,99700,2096370000,21.8(5.57 %),172400,3642010000,72700,1545640000,175215410,7.44
01/06/2021,-172200,-3917810000,22.4(2.75 %),100,2270000,172300,3920080000,175285091,7.42
02/06/2021,-343700,-7826385000,22.6(0.89 %),4000,90000000,347700,7916385000,175628791,7.34
03/06/2021,-122700,-2830540000,22.7(0.44 %),0,0,122700,2830540000,175751491,7.31
04/06/2021,-313700,-7148550000,24.25(6.83 %),24000,556680000,337700,7705230000,176065191,7.23
07/06/2021,-139500,-3561180000,25.4(4.74 %),7600,193225000,147100,3754405000,176204691,7.2
08/06/2021,112300,2584600000,23.65(-6.89 %),250300,5997320000,138000,3412720000,176092391,7.23
09/06/2021,230500,5462395000,23.85(0.85 %),269100,6357850000,38600,895455000,175861891,7.28
10/06/2021,320700,7461855000,22.2(-6.92 %),422400,9767240000,101700,2305385000,175541191,7.36
11/06/2021,60600,1331935000,22.5(1.35 %),62000,1363265000,1400,31330000,175480591,7.37
14/06/2021,23300,554650000,22.9(1.78 %),79100,1840900000,55800,1286250000,175457291,7.38
15/06/2021,-162100,-3697680000,22.45(-1.97 %),13800,316270000,175900,4013950000,175619391,7.34
16/06/2021,458100,10685450000,22.9(2.00 %),489800,11425530000,31700,740080000,175161291,7.45
17/06/2021,-120300,-2882685000,23.6(3.06 %),21000,478140000,141300,3360825000,175281591,7.42
18/06/2021,51300,1200700000,23.15(-1.91 %),77200,1802480000,25900,601780000,175230291,7.43
21/06/2021,5500,129420000,23.25(0.43 %),7500,176150000,2000,46730000,175224791,7.43
22/06/2021,-295300,-7119200000,23.85(2.58 %),2200,53535000,297500,7172735000,175520091,7.36
23/06/2021,230900,5470865000,23.45(-1.68 %),231000,5473230000,100,2365000,175289191,7.42
24/06/2021,31900,731700000,23(-1.92 %),31900,731700000,0,0,175257291,7.43
25/06/2021,4900,109470000,23(0.00 %),11400,259070000,6500,149600000,175252391,7.43
28/06/2021,-32000,-746580000,23(0.00 %),400,9260000,32400,755840000,175284391,7.42
29/06/2021,-69500,-1547745000,22.15(-3.70 %),15600,350250000,85100,1897995000,175353891,7.4
30/06/2021,-4100,-98840000,22(-0.68 %),20000,440250000,24100,539090000,175357991,7.4
01/07/2021,92800,2046715000,22.25(1.14 %),137800,3045625000,45000,998910000,175677793,7.33
02/07/2021,-291100,-6541675000,22.25(0.00 %),15500,350985000,306600,6892660000,175968893,7.26
05/07/2021,286700,6175199800,21.55(-3.15 %),355200,7252722400,68500,1077522600,175682193,7.32
06/07/2021,-313500,-6796705000,20.05(-6.96 %),61000,1279935000,374500,8076640000,175995693,7.25
07/07/2021,571800,11155330000,19.6(-2.24 %),578000,11276770000,6200,121440000,175423893,7.39
08/07/2021,-27200,500332800,19.35(-1.28 %),49100,937382400,76300,437049600,175451093,7.38
09/07/2021,51100,955165000,18.5(-4.39 %),102900,1953010000,51800,997845000,175399993,7.39
12/07/2021,234400,4353790000,19(2.70 %),268100,4974060000,33700,620270000,175165593,7.45
13/07/2021,-179000,-3439800000,19.35(1.84 %),56000,1077475000,235000,4517275000,175344593,7.4
14/07/2021,-226300,-4465270000,19.4(0.26 %),200,3850000,226500,4469120000,175570893,7.35
15/07/2021,-55500,-1066565000,19.4(0.00 %),16800,325920000,72300,1392485000,175626393,7.34
16/07/2021,-68100,-1309570000,19.15(-1.29 %),1300,24885000,69400,1334455000,175694493,7.32
19/07/2021,-178200,-3236520000,17.85(-6.79 %),6100,108910000,184300,3345430000,175872693,7.28
20/07/2021,-82900,-1430720000,17.7(-0.84 %),217100,3708090000,300000,5138810000,175955593,7.26
21/07/2021,71700,1279680000,17.5(-1.13 %),90300,1608775000,18600,329095000,175883893,7.28
22/07/2021,60900,1092715000,17.9(2.29 %),80900,1448815000,20000,356100000,175822993,7.29
23/07/2021,-98900,-1745430000,17.2(-3.91 %),18800,333715000,117700,2079145000,175921893,7.27
26/07/2021,86100,1498675000,17.4(1.16 %),117400,2043295000,31300,544620000,175835793,7.29
27/07/2021,-25700,-479800000,18(3.45 %),54100,960340000,79800,1440140000,175861493,7.28
28/07/2021,-58100,-1054710000,17.85(-0.83 %),6000,108500000,64100,1163210000,175919593,7.27
29/07/2021,-117800,-2122825000,18.3(2.52 %),0,0,117800,2122825000,176037393,7.24
30/07/2021,-196600,-3583410000,18.15(-0.82 %),26900,488265000,223500,4071675000,176233993,7.19
02/08/2021,66500,1230685000,18.35(1.10 %),77000,1423725000,10500,193040000,175909309,7.27
03/08/2021,6000,109655000,18.25(-0.54 %),6000,109655000,0,0,175903309,7.27
04/08/2021,54100,1008640000,18.9(3.56 %),78700,1472020000,24600,463380000,175849209,7.28
05/08/2021,-508800,-9504975000,18.75(-0.79 %),3700,69460000,512500,9574435000,176358009,7.16
06/08/2021,100,2005000,18.6(-0.80 %),1700,32165000,1600,30160000,176357909,7.16
09/08/2021,87000,1596905000,18.4(-1.08 %),87800,1611585000,800,14680000,176270909,7.18
10/08/2021,-474500,-8705565000,19.6(6.52 %),114800,2205040000,589300,10910605000,176745409,7.07
11/08/2021,-145900,-2905015000,19.65(0.26 %),56400,1137780000,202300,4042795000,176891309,7.04
12/08/2021,-331500,-6532750000,19.65(0.00 %),6100,120265000,337600,6653015000,177222809,6.96
13/08/2021,-108400,-1827441600,19.5(-0.76 %),4100,24980800,112500,1852422400,177331209,6.93
16/08/2021,-38000,-733640000,19.4(-0.51 %),3000,58800000,41000,792440000,177369209,6.92
17/08/2021,-789600,-15490680000,19.8(2.06 %),0,0,789600,15490680000,178910409,6.56
18/08/2021,95900,1923705000,20(1.01 %),150000,2998145000,54100,1074440000,177273309,6.95
19/08/2021,-312100,-6109210000,19.5(-2.50 %),15300,299880000,327400,6409090000,177585409,6.87
20/08/2021,-1336200,-25418645000,18.3(-6.15 %),113700,2160330000,1449900,27578975000,178921609,6.56
23/08/2021,-12300,-211740000,17.2(-6.01 %),13500,243080000,25800,454820000,178933909,6.55
24/08/2021,1000,17500000,17.6(2.33 %),1000,17500000,0,0,178932909,6.55
25/08/2021,-64800,-1154425000,18(2.27 %),8200,147180000,73000,1301605000,178997709,6.54
26/08/2021,74400,1344490000,17.8(-1.11 %),74500,1346300000,100,1810000,178923309,6.56
27/08/2021,135500,2413870000,18.25(2.53 %),142600,2540995000,7100,127125000,178787809,6.59
30/08/2021,10500,195105000,18.8(3.01 %),39200,720990000,28700,525885000,178777309,6.59
31/08/2021,288400,5616525000,19.45(3.46 %),320800,6236180000,32400,619655000,178488909,6.66
01/09/2021,-54600,-1062955000,19.2(-1.29 %),200,3870000,54800,1066825000,179538277,6.41
06/09/2021,68700,1290395000,19.25(0.26 %),101500,1921300000,32800,630905000,179469577,6.43
07/09/2021,-21800,-401475000,18.5(-3.90 %),9000,169350000,30800,570825000,179491377,6.42
08/09/2021,47500,881685000,18.35(-0.81 %),81600,1507480000,34100,625795000,179443877,6.43
09/09/2021,23400,438085000,18.3(-0.27 %),100700,1855210000,77300,1417125000,179420477,6.44
10/09/2021,-33100,-602420000,18.2(-0.55 %),0,0,33100,602420000,179453577,6.43
13/09/2021,-80700,-1487420000,18.35(0.82 %),10000,185250000,90700,1672670000,179534277,6.41
14/09/2021,-158000,-2903820000,18.3(-0.27 %),200,3730000,158200,2907550000,179692277,6.37
15/09/2021,-200,-23840000,19.55(6.83 %),67500,1298115000,67700,1321955000,179692477,6.37
16/09/2021,-140300,-2817555000,19.95(2.05 %),0,0,140300,2817555000,179832777,6.34
17/09/2021,-41500,-841155000,20.35(2.01 %),52200,1068520000,93700,1909675000,179874277,6.33
20/09/2021,-473500,-9830560000,20.4(0.25 %),1700,34840000,475200,9865400000,180347777,6.22
21/09/2021,200000,4458680000,21.7(6.37 %),494700,10553805000,294700,6095125000,180147777,6.26
22/09/2021,-36000,-794140000,21.8(0.46 %),60000,1314750000,96000,2108890000,180183777,6.26
23/09/2021,76900,1691415000,21.75(-0.23 %),107000,2354400000,30100,662985000,180106877,6.27
24/09/2021,-269600,-5867010000,21.3(-2.07 %),45000,980885000,314600,6847895000,180376477,6.21
27/09/2021,3700,94385000,20.8(-2.35 %),31800,690040000,28100,595655000,180372777,6.21
28/09/2021,89300,1891165000,22.25(6.97 %),180800,3878830000,91500,1987665000,180283477,6.23
29/09/2021,-16400,-376590000,22.2(-0.22 %),88000,1996555000,104400,2373145000,180299877,6.23
30/09/2021,-135700,-3080520000,22.8(2.70 %),12800,285300000,148500,3365820000,180435577,6.2
01/10/2021,-203100,-4740200000,23.6(3.51 %),384584,8215830000,587684,12956030000,180252069,6.24
04/10/2021,-399200,-9560045000,23(-2.54 %),21400,501155000,420600,10061200000,180651269,6.15
05/10/2021,-500,-15170000,24(4.35 %),10900,255730000,11400,270900000,180651769,6.15
06/10/2021,-28500,-693905000,24.05(0.21 %),7300,177255000,35800,871160000,180680269,0.0
07/10/2021,27300,662750000,23.75(-1.25 %),59900,1438325000,32600,775575000,180652969,0.0
08/10/2021,-59300,-1412005000,23.6(-0.63 %),0,0,59300,1412005000,180712269,0.0
11/10/2021,300100,6502927600,23.85(1.06 %),301100,6527003600,1000,24076000,180412169,0.0
12/10/2021,126900,3160590000,24.75(3.77 %),151300,3756450000,24400,595860000,180285269,0.0
13/10/2021,56000,1377560000,24.6(-0.61 %),64900,1597180000,8900,219620000,180229269,0.0
14/10/2021,58600,1485550000,24.8(0.81 %),74300,1880950000,15700,395400000,180170669,0.0
15/10/2021,-160200,-3978920000,24.85(0.20 %),8400,209220000,168600,4188140000,180330869,0.0
18/10/2021,676600,17628620000,25.9(4.23 %),809800,21064925000,133200,3436305000,179654269,0.0
19/10/2021,-60400,-1555300000,25.7(-0.77 %),2600,67275000,63000,1622575000,179714669,0.0
20/10/2021,-50500,-1295500000,25.8(0.39 %),500,12910000,51000,1308410000,179765169,0.0
21/10/2021,-215200,-5558525000,26.7(3.49 %),18700,487580000,233900,6046105000,179929869,0.0
22/10/2021,-10600,-286080000,27.35(2.43 %),40800,1111240000,51400,1397320000,179940469,0.0
25/10/2021,-105900,-2985620000,27.2(-0.55 %),16800,459955000,122700,3445575000,180046369,0.0
26/10/2021,20100,557280000,27.9(2.57 %),25900,716040000,5800,158760000,180026269,0.0
27/10/2021,51100,1459075000,28.45(1.97 %),70800,2020840000,19700,561765000,179975169,0.0
28/10/2021,-48700,-1362435000,28(-1.58 %),6700,187775000,55400,1550210000,180023869,6.29
29/10/2021,-26400,-742375000,28.05(0.18 %),26700,750185000,53100,1492560000,180050269,6.29
01/11/2021,-28000,-802260000,27.5(-1.96 %),32600,903575000,60600,1705835000,180471530,6.19
02/11/2021,-96400,-2666850000,28.2(2.55 %),36900,1014040000,133300,3680890000,180567930,6.17
03/11/2021,20300,576745000,28.1(-0.35 %),29200,827700000,8900,250955000,180547630,0.0
04/11/2021,-35800,-1295397000,28.05(-0.18 %),54200,1211823000,90000,2507220000,180603730,0.0
05/11/2021,-38800,-1022075000,29.5(5.17 %),548600,16221380000,587400,17243455000,180606730,0.0
08/11/2021,77900,2371855000,30.4(3.05 %),92000,2797560000,14100,425705000,180490030,6.18
09/11/2021,-48300,-1515320000,31.2(2.63 %),17900,545080000,66200,2060400000,180538330,6.17
10/11/2021,-22900,-722953000,31.7(1.60 %),600,18942000,23500,741895000,180561230,0.0
11/11/2021,-302600,-9443450000,31.35(-1.10 %),16100,508735000,318700,9952185000,180840930,6.1
12/11/2021,-682000,-20956140000,30.7(-2.07 %),18100,565580000,700100,21521720000,181522930,5.94
15/11/2021,29300,912995000,31.05(1.14 %),116900,3606000000,87600,2693005000,181493630,5.95
16/11/2021,228900,7306510000,32.1(3.38 %),240700,7681780000,11800,375270000,181264730,6.0
17/11/2021,-24200,-776535000,32(-0.31 %),1600,51200000,25800,827735000,181288930,5.99
18/11/2021,-85600,-2677130000,30.6(-4.38 %),100,3115000,85700,2680245000,181374530,5.97
19/11/2021,-933800,-27625680000,28.5(-6.86 %),85000,2430660000,1018800,30056340000,182308330,5.75
22/11/2021,323500,8698525000,26.55(-6.84 %),326900,8792075000,3400,93550000,181984830,5.83
23/11/2021,-997700,-26981330000,27.6(3.95 %),33300,898785000,1031000,27880115000,182982530,5.59
24/11/2021,-28800,-812470000,27.75(0.54 %),20300,568020000,49100,1380490000,183011330,5.59
25/11/2021,-69400,-1931770000,27.75(0.00 %),0,0,69400,1931770000,183080730,5.57
26/11/2021,-130100,-3534630000,26.3(-5.23 %),90200,2422270000,220300,5956900000,183210830,0.0
29/11/2021,872300,20294855000,25.7(-2.28 %),1055500,24913510200,183200,4618655200,182338530,0.0
30/11/2021,946000,25707340000,27.2(5.84 %),948900,25785790000,2900,78450000,182264830,5.76
01/12/2021,37800,1011275000,27.75(2.02 %),56700,1536865000,18900,525590000,181427430,5.96
02/12/2021,-176900,-4892120000,27.7(-0.18 %),200,5490000,177100,4897610000,181604330,5.92
03/12/2021,-778100,-21235075000,26(-6.14 %),37000,1019500000,815100,22254575000,182382430,5.73
06/12/2021,175200,4595690000,26.45(1.73 %),216600,5686380000,41400,1090690000,182207230,5.78
07/12/2021,132000,3732780000,28.3(6.99 %),184200,5136760000,52200,1403980000,182075230,5.81
08/12/2021,110300,3159825000,28.5(0.71 %),136800,3929675000,26500,769850000,181964930,5.83
09/12/2021,35100,1028900000,29.2(2.46 %),70100,2040900000,35000,1012000000,181929830,0.0
10/12/2021,48400,1400805000,28.9(-1.03 %),74800,2167480000,26400,766675000,181881430,5.85
13/12/2021,-47400,-1384170000,29(0.35 %),47800,1389910000,95200,2774080000,181928830,5.84
14/12/2021,16400,480705000,28.7(-1.03 %),101100,2901015000,84700,2420310000,181912430,5.85
15/12/2021,35600,1030325000,27.9(-2.79 %),49100,1413070000,13500,382745000,181876830,5.86
16/12/2021,196700,5549415000,28.2(1.08 %),198700,5606095000,2000,56680000,181680130,5.91
17/12/2021,-434900,-12180675000,27.8(-1.42 %),800,22360000,435700,12203035000,182115030,5.8
20/12/2021,88400,2379260000,26.75(-3.78 %),88400,2379260000,0,0,182026630,5.82
21/12/2021,-21500,-598550000,27.4(2.43 %),22500,606075000,44000,1204625000,182048130,0.0
22/12/2021,-129100,-3508560000,26.7(-2.55 %),20000,534000000,149100,4042560000,182177230,5.79
23/12/2021,-14100,-414840000,28.55(6.93 %),37600,1011250000,51700,1426090000,182191330,0.0
24/12/2021,-1000,0,28.9(1.05 %),0,0,1000,0,182178230,0.0
27/12/2021,96700,2793265000,29.65(2.60 %),125600,3630650000,28900,837385000,182213923,5.77
28/12/2021,-16000,-487980000,29.65(-0.17 %),48400,1462020000,64400,1950000000,182229923,5.78
29/12/2021,-78900,-2370590000,30.1(1.35 %),41700,1242000000,120600,3612590000,182160847,5.79
30/12/2021,106600,3225765000,30.15(0.17 %),128600,3897985000,22000,672220000,182096610,5.8
31/12/2021,20000,592500000,29.65(-1.82 %),20000,592500000,0,0,182197210,5.78
04/01/2022,899100,27705050000,31.1(4.71 %),1026500,31662920000,127400,3957870000,181192706,6.02
05/01/2022,689400,21662110000,31.05(-0.16 %),712900,22403845000,23500,741735000,180479839,6.19
06/01/2022,-34400,-1067370000,31(-0.32 %),8800,272310000,43200,1339680000,180598439,6.16
07/01/2022,106900,3386260000,31.55(1.77 %),455700,14571015000,348800,11184755000,180166248,6.26
10/01/2022,-15600,-1025703000,29.4(-6.96 %),225200,6347111400,240800,7372814400,179984248,6.3
11/01/2022,-29700,-877385000,29.5(0.34 %),13000,383100000,42700,1260485000,180320048,6.22
12/01/2022,385000,12065845000,31.55(6.95 %),386000,12097080000,1000,31235000,180174848,6.26
13/01/2022,68300,2158050000,31.1(-1.58 %),215100,6950685000,146800,4792635000,180002448,6.3
14/01/2022,-189900,-5906885000,31.4(0.96 %),299300,9429890000,489200,15336775000,179704148,6.37
17/01/2022,58200,2049520000,32(1.91 %),503800,16610730000,445600,14561210000,179347148,6.45
18/01/2022,36600,1637965000,33.8(5.62 %),595100,19900315000,558500,18262350000,179241248,6.48
19/01/2022,-479500,-16069865000,32.55(-3.70 %),253200,8415765000,732700,24485630000,179433648,6.43
20/01/2022,-11500,-401160000,33.05(0.76 %),62700,2016965000,74200,2418125000,179929448,6.32
21/01/2022,-439200,-14572070000,33.85(1.65 %),32200,1088915000,471400,15660985000,180629898,6.15
24/01/2022,-212600,-7566675000,32.55(-3.98 %),474600,15696930000,687200,23263605000,180229498,6.25
25/01/2022,450200,14412630000,32.9(0.92 %),544000,17469465000,93800,3056835000,180156898,6.26
26/01/2022,-377900,-8274247200,32.5(-1.22 %),40000,1318080000,417900,9592327200,180804098,6.11
27/01/2022,-45800,-1508980000,32.75(0.77 %),24200,798915000,70000,2307895000,180873728,6.09
28/01/2022,-95400,-3172720000,30.5(-7.01 %),87900,2685940000,183300,5858660000,181203728,6.01
07/02/2022,5500,288470000,31.2(2.30 %),295000,9424410000,289500,9135940000,180978728,6.07
08/02/2022,-270400,-8485735000,30.7(-1.60 %),89600,2792605000,360000,11278340000,181072428,6.05
09/02/2022,-1025000,-31065270000,29.85(-2.77 %),129800,3932450000,1154800,34997720000,181232128,6.01
10/02/2022,-45900,-1394680000,30.7(2.68 %),54300,1662940000,100200,3057620000,181537828,5.94
11/02/2022,-371200,-11558090000,30.85(0.49 %),40200,1248180000,411400,12806270000,182652428,5.67
14/02/2022,-50700,-1606815000,31(0.32 %),37200,1178270000,87900,2785085000,182715428,5.66
15/02/2022,-5100,-156880000,30.6(-1.29 %),0,0,5100,156880000,183126836,5.56
16/02/2022,-344600,-10420665000,31.1(1.63 %),232600,6969180000,577200,17389845000,182982136,5.59
17/02/2022,275000,8571745000,31.05(-0.16 %),296700,9245650000,21700,673905000,182692536,5.66
18/02/2022,-483100,-14864135000,30.85(-0.80 %),117400,3630520000,600500,18494655000,183152336,5.55
21/02/2022,196000,6125125000,31.2(0.97 %),198000,6187525000,2000,62400000,182976036,5.59
22/02/2022,151100,4849220000,32.05(2.72 %),159900,5129925000,8800,280705000,183416636,5.49
23/02/2022,583400,19994195000,33.5(4.36 %),784900,26624120000,201500,6629925000,182633736,5.68
24/02/2022,857500,29889685000,35.6(6.27 %),913100,31808225000,55600,1918540000,181729436,5.89
25/02/2022,-677305,-23561351000,34.2(-3.93 %),143200,4996710000,820505,28558061000,181787736,5.88
28/02/2022,151600,5306580000,34.9(2.05 %),180900,6322630000,29300,1016050000,181662436,5.91
01/03/2022,-164100,-5591745000,34.9(0.00 %),121600,4239765000,285700,9831510000,182361341,5.74
02/03/2022,291900,10657385000,36.3(4.01 %),339000,12375180000,47100,1717795000,182051641,5.81
03/03/2022,-91400,-3369690000,36(-0.83 %),206000,7479840000,297400,10849530000,182131341,5.79
04/03/2022,151300,5372380000,35.1(-2.50 %),562900,19977350000,411600,14604970000,181615541,5.92
07/03/2022,253700,9416980000,37.55(6.98 %),270800,10050650000,17100,633670000,181643141,5.91
08/03/2022,-371900,-14137030000,37.7(0.27 %),400200,15045090000,772100,29182120000,181654552,5.91
09/03/2022,-136200,-5358855000,39.95(5.97 %),864800,33961180000,1001000,39320035000,180806852,6.11
10/03/2022,-63800,-2417775000,38.8(-3.00 %),111800,4326240000,175600,6744015000,181468152,5.95
11/03/2022,-282000,-10414895000,37.1(-4.38 %),177800,6615515000,459800,17030410000,182291352,5.76
14/03/2022,136458,4805881400,35.65(-3.91 %),933700,33630310000,797242,28824428600,181533252,5.94
15/03/2022,535900,18655580000,36(0.84 %),942300,32669085000,406400,14013505000,181050752,6.05
16/03/2022,-212200,-7504480000,35.45(-1.53 %),87700,3114310000,299900,10618790000,181760294,5.88
17/03/2022,-71000,-2469675000,34.4(-3.10 %),472700,16401685000,543700,18871360000,181693994,5.9
18/03/2022,995100,35303410000,35.5(3.20 %),1902800,67547240000,907700,32243830000,180091094,6.28
21/03/2022,641400,22987510000,36.3(2.25 %),753000,26933445000,111600,3945935000,179881794,6.33
22/03/2022,-54800,-1999180000,36.55(0.69 %),261300,9639080000,316100,11638260000,180528194,6.17
23/03/2022,-215300,-7812105000,35.9(-1.91 %),100,3600000,215400,7815705000,180639730,6.15
24/03/2022,-385800,-13953885000,35.7(-0.56 %),14200,514740000,400000,14468625000,180941610,6.08
25/03/2022,-51400,-1822095000,35.25(-1.26 %),20000,708925000,71400,2531020000,181137010,6.03
28/03/2022,-158200,-5624615000,35.9(1.70 %),49300,1747840000,207500,7372455000,181487710,5.95
29/03/2022,-321400,-11724440000,36.55(1.81 %),20100,729425000,341500,12453865000,181539010,5.93
30/03/2022,-319800,-11432700000,35.3(-3.55 %),35900,1275120000,355700,12707820000,181710610,5.89
31/03/2022,-566600,-19653065000,34.2(-3.12 %),170400,5934295000,737000,25587360000,181881710,5.85
01/04/2022,-23000,-766910000,33.3(-2.63 %),8400,275520000,31400,1042430000,182229010,5.77
04/04/2022,-36400,-1225585000,33.8(1.50 %),1100,36905000,37500,1262490000,182964910,5.6
05/04/2022,-97000,-3311040000,34.05(0.74 %),11900,408565000,108900,3719605000,182984419,5.59
06/04/2022,12500,430700000,33.85(-0.73 %),42800,1457265000,30300,1026565000,182979119,5.59
07/04/2022,-1978800,-66153545000,33.2(-2.06 %),176200,5851575000,2155000,72005120000,184957919,5.13
08/04/2022,-1233000,-39878240000,31.1(-6.33 %),300,9775000,1233300,39888015000,182941819,5.6
12/04/2022,-1643500,-49194660000,28.95(-6.91 %),27900,825015000,1671400,50019675000,184585319,3.95
13/04/2022,-35100,-1077335000,29.8(2.76 %),285000,8340515000,320100,9417850000,185068919,5.1
14/04/2022,70000,2118500000,30.3(1.68 %),70000,2118500000,0,0,187618619,4.49
15/04/2022,121400,3721605300,30.25(-0.17 %),171400,5255655300,50000,1534050000,187767319,4.46
18/04/2022,164200,4793650000,28.7(-5.28 %),321200,9500675000,157000,4707025000,187446119,4.53
19/04/2022,168900,4954020000,28.95(0.87 %),190200,5579880000,21300,625860000,187305919,4.57
20/04/2022,91800,2478525000,26.95(-6.91 %),129600,3564785000,37800,1086260000,187526819,4.52
21/04/2022,738200,19144860000,25.1(-7.04 %),1167500,30339060000,429300,11194200000,186188119,4.83
22/04/2022,457400,10859790000,23.35(-6.97 %),681800,16350795000,224400,5491005000,185545614,4.98
25/04/2022,1100800,24627945000,21.75(-7.05 %),1425300,32168110000,324500,7540165000,184549614,5.22
26/04/2022,1979800,42234450000,23.25(6.65 %),2094700,44794460000,114900,2560010000,182679314,5.66
27/04/2022,-211200,-4887990000,23.25(-0.21 %),171700,4023965000,382900,8911955000,182832115,5.63
28/04/2022,-51000,-1025380000,19.5(0.52 %),817500,16428930000,868500,17454310000,182129515,5.79
29/04/2022,276500,5617750000,20.3(4.10 %),483200,9804240000,206700,4186490000,182029215,5.82
04/05/2022,-388900,-7864890000,20.5(0.99 %),81000,1678625000,469900,9543515000,182816715,5.63
05/05/2022,-296600,-6139095000,20.5(0.00 %),5200,106980000,301800,6246075000,183113315,4.64
06/05/2022,-335700,-6411870000,19.1(-6.83 %),91800,1753380000,427500,8165250000,183396315,5.49
09/05/2022,-160500,-2856900000,17.8(-6.81 %),57300,1019940000,217800,3876840000,183640815,5.44
10/05/2022,356500,6773500000,19(6.74 %),401700,7632300000,45200,858800000,183666615,5.43
11/05/2022,-245400,-4733680000,19(0.00 %),1000,19290000,246400,4752970000,183912015,4.48
12/05/2022,-327400,-6050255000,17.7(-6.84 %),1800,32510000,329200,6082765000,184239415,4.42
13/05/2022,-1243700,-21324965000,16.5(-6.78 %),57600,977875000,1301300,22302840000,184116651,5.32
16/05/2022,-197800,-3421940000,17.3(4.85 %),749900,12973270000,947700,16395210000,183695951,5.42
17/05/2022,30500,564250000,18.5(6.94 %),32500,601250000,2000,37000000,184965751,5.12
18/05/2022,-74200,-1398670000,18.85(1.89 %),46800,882180000,121000,2280850000,185866743,4.91
19/05/2022,58900,1186835000,20.15(6.61 %),65000,1309750000,6100,122915000,185803743,4.92
20/05/2022,-305900,-6163885000,20.15(-0.25 %),42400,854360000,348300,7018245000,185882343,4.9
23/05/2022,-20000,-415000000,20.75(2.72 %),102200,2120650000,122200,2535650000,185787243,4.93
24/05/2022,-350200,-7214120000,20.6(-0.96 %),19000,391400000,369200,7605520000,186116543,4.85
25/05/2022,-88700,-1951400000,22(6.80 %),63900,1405800000,152600,3357200000,186174843,4.84
26/05/2022,-722400,-15820560000,21.9(-0.45 %),10600,232140000,733000,16052700000,186533443,4.75
27/05/2022,-296900,-6561490000,22.1(0.91 %),30900,682890000,327800,7244380000,186655143,4.72
30/05/2022,-394100,-8749020000,22.2(0.45 %),8900,197580000,403000,8946600000,187379243,4.55
31/05/2022,-55700,-1275530000,22.9(3.15 %),110300,2525870000,166000,3801400000,187596743,4.5
01/06/2022,-226500,-5368050000,23.7(3.49 %),9600,227520000,236100,5595570000,187990143,4.4
02/06/2022,-1245200,-28639600000,23(-2.95 %),35200,809600000,1280400,29449200000,188120943,4.37
03/06/2022,122200,2810600000,23(0.00 %),123200,2833600000,1000,23000000,224857129,4.54
06/06/2022,-33100,-778995000,22.6(-1.74 %),1200,28310000,34300,807305000,226136329,4.29
07/06/2022,0,0,23.5(3.98 %),0,0,0,0,226095029,4.3
08/06/2022,653500,15782025000,24.15(2.77 %),655000,15818250000,1500,36225000,225474332,4.42
09/06/2022,3200,77280000,24.15(-0.21 %),70300,1697745000,67100,1620465000,225736132,4.37
10/06/2022,-942300,-21484440000,22.8(-5.79 %),26400,601920000,968700,22086360000,225711234,4.37
13/06/2022,17700,376125000,21.25(-6.80 %),66300,1408875000,48600,1032750000,225707834,4.37
14/06/2022,618600,13732920000,22.2(4.23 %),643400,14283480000,24800,550560000,226033134,4.31
15/06/2022,251400,5266830000,20.95(-5.63 %),300600,6297570000,49200,1030740000,225781134,4.36
16/06/2022,-471900,-9909900000,21(0.00 %),9000,189000000,480900,10098900000,225796943,4.36
17/06/2022,-246100,-4922000000,20(-4.76 %),487200,9744000000,733300,14666000000,225358943,4.44
20/06/2022,-502720,-9370662000,18.6(-7.00 %),47700,900160000,550420,10270822000,225792143,4.36
21/06/2022,184400,3190120000,17.3(-6.99 %),256100,4430530000,71700,1240410000,226269263,4.26
22/06/2022,136800,2202480000,16.1(-6.94 %),346000,5570600000,209200,3368120000,226474723,4.22
23/06/2022,1225800,21083760000,17.2(6.83 %),1319700,22698840000,93900,1615080000,225226723,4.47
24/06/2022,379700,6454900000,17(-1.16 %),503000,8551000000,123300,2096100000,224932923,4.53
27/06/2022,-36500,-629675000,17.4(2.35 %),26600,461715000,63100,1091390000,225000231,4.51
28/06/2022,-210000,-3717000000,17.7(1.72 %),6600,116820000,216600,3833820000,225116931,4.49
29/06/2022,-227600,-4010185000,17.4(-1.69 %),200,3530000,227800,4013715000,225179831,4.48
30/06/2022,-30800,-511280000,16.6(-4.60 %),2900,48140000,33700,559420000,225393531,4.44
01/07/2022,27300,458640000,16.8(1.20 %),36900,619920000,9600,161280000,225584431,4.4
04/07/2022,9700,166345000,17.1(1.79 %),10000,171500000,300,5155000,225579431,0.0
05/07/2022,5100,84660000,16.6(-2.92 %),5100,84660000,0,0,225613631,4.39
06/07/2022,-32100,-495945000,15.45(-6.93 %),3700,57165000,35800,553110000,225610231,4.39
07/07/2022,-1600,-24000000,15(-3.23 %),5000,75000000,6600,99000000,225605311,4.39
08/07/2022,-245400,1002975000,15.5(3.33 %),1000,1002975000,246400,0,225850711,0.0
11/07/2022,64500,1002975000,15.55(0.32 %),64500,1002975000,0,0,225567056,4.4
12/07/2022,285700,4742620000,16.6(6.41 %),322800,5358480000,37100,615860000,225245256,4.46
13/07/2022,100700,1681690000,16.7(0.60 %),103100,1721770000,2400,40080000,225141636,4.49
14/07/2022,62900,1075590000,17.1(2.40 %),81000,1385100000,18100,309510000,225097820,4.49
15/07/2022,-63800,-1078220000,16.9(-1.17 %),700,11830000,64500,1090050000,225099520,4.49
18/07/2022,-68400,-1166220000,17.05(0.89 %),1900,32395000,70300,1198615000,225115654,4.49
19/07/2022,-188000,-3233600000,17.2(0.58 %),134200,2308240000,322200,5541840000,225045954,4.5
20/07/2022,142000,2456600000,17.3(0.58 %),142600,2466980000,600,10380000,224973654,4.52
21/07/2022,-68500,-1167925000,17.05(-1.45 %),1100,18755000,69600,1186680000,225295754,4.45
22/07/2022,1225800,-1919300000,17(-0.58 %),1319700,1305600000,93900,3224900000,225219554,4.47
25/07/2022,-75400,-1225250000,16.25(-4.41 %),300,4875000,75700,1230125000,225289904,4.46
26/07/2022,-1600,-26560000,16.6(1.84 %),3100,51460000,4700,78020000,225476504,4.42
27/07/2022,165100,2740660000,16.6(0.00 %),165100,2740660000,0,0,225387104,4.44
28/07/2022,337500,5771250000,17.1(3.01 %),337500,5771250000,0,0,225054304,4.5
29/07/2022,124800,2102880000,16.85(-1.46 %),138900,2340465000,14100,237585000,224915404,4.53
01/08/2022,178400,3122000000,17.5(3.55 %),217900,3813250000,39500,691250000,224697504,4.57
02/08/2022,-4100,-72980000,17.8(1.71 %),51200,911360000,55300,984340000,224660404,4.58
03/08/2022,115400,2054120000,17.8(0.00 %),164600,2929880000,49200,875760000,224535304,4.6
04/08/2022,1000,17350000,17.35(-2.53 %),79900,1386265000,78900,1368915000,224510644,4.61
05/08/2022,226900,3823265000,16.85(6.65 %),273400,4606790000,46500,783525000,224286477,4.65
08/08/2022,1802600,32446800000,18(6.51 %),1908500,34353000000,105900,1906200000,222456877,5.02
09/08/2022,811400,14402350000,17.75(-1.39 %),1109500,19693625000,298100,5291275000,221393877,5.23
10/08/2022,648600,12193680000,18.8(5.62 %),659200,12392960000,10600,199280000,220840707,5.34
11/08/2022,1231700,23032790000,18.7(-0.53 %),1534400,28693280000,302700,5660490000,219604407,5.58
12/08/2022,64800,1224720000,18.9(1.07 %),96500,1823850000,31700,599130000,219518507,5.6
15/08/2022,839300,16114560000,19.2(1.59 %),1059300,20338560000,220000,4224000000,218761907,5.75
16/08/2022,2974700,57262975000,19.25(0.26 %),3157100,60774175000,182400,3511200000,215636515,6.36
17/08/2022,2788800,53266080000,19.1(-1.04 %),2892700,55250570000,103900,1984490000,212963355,6.89
18/08/2022,353700,6720300000,19(-0.52 %),521100,9900900000,167400,3180600000,212624655,6.96
19/08/2022,2053300,40655340000,19.8(4.21 %),2137300,42318540000,84000,1663200000,210591255,7.36
22/08/2022,1693300,34458655000,20.35(2.78 %),1727400,35152590000,34100,693935000,209031255,7.67
23/08/2022,780200,16111130000,20.65(1.23 %),803400,16590210000,23200,479080000,208311855,7.81
24/08/2022,2629900,56016870000,21.3(2.90 %),2651100,56468430000,21200,451560000,205694855,8.33
25/08/2022,1280100,26882100000,21(-1.41 %),1280500,26890500000,400,8400000,204437599,8.58
26/08/2022,-30500,-613050000,20.1(-4.29 %),10000,201000000,40500,814050000,204448799,8.58
29/08/2022,820000,17630000000,21.5(6.97 %),839200,18042800000,19200,412800000,226070027,8.36
30/08/2022,2514300,54308880000,21.6(0.47 %),2733600,59045760000,219300,4736880000,223376927,8.85
31/08/2022,90100,1865070000,20.7(-4.17 %),90100,1865070000,0,0,223306027,8.86
05/09/2022,2905600,62470400000,21.5(3.86 %),3103200,66718800000,197600,4248400000,220422129,9.38
06/09/2022,2626100,55673320000,21.2(-1.40 %),3025500,64140600000,399400,8467280000,217396629,9.92
07/09/2022,-60300,-1190925000,19.75(-6.84 %),2700,53325000,63000,1244250000,217591529,9.89
08/09/2022,263400,5057280000,19.2(-3.03 %),266000,5107200000,2600,49920000,217724929,9.86
09/09/2022,212300,4352150000,20.5(6.77 %),305000,6252500000,92700,1900350000,217484429,9.9
12/09/2022,3398129,4352150000,21.1(2.93 %),3422200,6252500000,24071,1900350000,214064829,10.52
13/09/2022,3347378,18345884200,22.15(4.98 %),3370900,18356730000,23522,10845800,210786629,11.11
14/09/2022,3642010,18345884200,23.3(4.95 %),3848100,18356730000,206090,10845800,206962600,11.8
15/09/2022,469400,84858833000,22.7(-2.58 %),715000,89660730000,245600,4801897000,0,11.92
16/09/2022,1183917,27230091000,23(1.32 %),1288273,29630279000,104356,2400188000,205188939,12.12
19/09/2022,-136500,-2921100000,21.4(-6.96 %),4200,89880000,140700,3010980000,205325439,12.1
20/09/2022,-18104,-393762000,21.75(1.64 %),35600,774300000,53704,1168062000,205499095,12.06
21/09/2022,-198953,-4446599550,22.35(2.52 %),6100,136335000,205053,4582934550,205633701,12.04
22/09/2022,-159770,-3546894000,22.2(-0.89 %),52000,1154400000,211770,4701294000,205635405,12.03
23/09/2022,-65500,-1454100000,22.2(0.00 %),1000,22200000,66500,1476300000,205839458,12.0
26/09/2022,-19342,-399412300,20.65(-6.98 %),400,8260000,19742,407672300,206050828,11.96
27/09/2022,3661,70657300,19.3(-6.76 %),6000,115800000,2339,45142700,206112828,11.95
28/09/2022,1273200,24891060000,19.55(1.30 %),1351600,26423780000,78400,1532720000,204780970,12.19
29/09/2022,195392,3673369600,18.8(-4.08 %),203800,3831440000,8408,158070400,204579509,12.22
30/09/2022,2305700,45652860000,19.8(5.32 %),2319500,45926100000,13800,273240000,202338409,12.63
03/10/2022,27584,508924800,18.45(-6.82 %),74215,1369266750,46631,860341950,202272602,12.64
04/10/2022,237430,4439941000,18.7(1.08 %),313400,5860580000,75970,1420639000,201973002,12.69
05/10/2022,795300,15906000000,20(6.95 %),905700,18114000000,110400,2208000000,201113933,12.85
06/10/2022,1045100,20483960000,19.6(-2.00 %),1536300,30111480000,491200,9627520000,199653603,13.11
07/10/2022,-356896,-7137920000,20(2.04 %),1276500,25530000000,1633396,32667920000,198488703,13.32
10/10/2022,-314500,-6478700000,20.6(3.00 %),35900,739540000,350400,7218240000,198947003,13.24
11/10/2022,-58318,-1119705600,19.2(-6.80 %),72400,1390080000,130718,2509785600,200507999,12.96
12/10/2022,2667059,52941121150,19.85(3.39 %),2692400,53444140000,25341,503018850,198165999,13.38
13/10/2022,466300,9139480000,19.6(-1.51 %),593800,11638480000,127500,2499000000,197702917,13.46
14/10/2022,559748,11250934800,20.1(2.55 %),578400,11625840000,18652,374905200,197149858,13.56
17/10/2022,709899,15262828500,21.5(6.97 %),745400,16026100000,35501,763271500,196531958,13.67
18/10/2022,-481200,-10153320000,21.1(-1.86 %),60900,1284990000,542100,11438310000,196489710,13.68
19/10/2022,27500,596620000,21.4(1.42 %),27800,603110000,300,6490000,196462210,13.69
20/10/2022,17200,371155000,21.45(0.23 %),126000,2705415000,108800,2334260000,196483174,13.69
21/10/2022,855600,16964065000,19.95(-7.21 %),1014700,20310490000,159100,3346425000,196060821,13.77
24/10/2022,-57200,-1060175000,18.6(-7.00 %),7800,148825000,65000,1209000000,195959201,13.78
25/10/2022,231500,4434270000,18.95(1.88 %),366200,6872585000,134700,2438315000,195727701,13.83
26/10/2022,503400,9201230000,17.65(-7.11 %),503400,9201230000,0,0,195268089,13.91
27/10/2022,327700,5954795000,18.85(6.50 %),330100,5998770000,2400,43975000,195169289,13.92
28/10/2022,536700,9902115000,18.45(-2.38 %),569700,10510965000,33000,608850000,194599589,14.02
31/10/2022,1644128,28279001600,17.2(-7.03 %),1674128,28795001600,30000,516000000,192927861,14.32
01/11/2022,37410,606042000,16.2(-5.81 %),105210,1704402000,67800,1098360000,192864651,14.33
02/11/2022,723400,12514820000,17.3(6.79 %),787500,13623750000,64100,1108930000,192167151,14.46
03/11/2022,915700,15887395000,17.35(0.29 %),915800,15889130000,100,1735000,191319151,14.61
04/11/2022,656999,11136133050,16.95(-2.59 %),657010,11136319500,11,186450,190666241,14.73
07/11/2022,1029321,16829398350,16.35(-3.82 %),1041000,17020350000,11679,190951650,189625341,14.91
08/11/2022,1302004,22134068000,17(3.66 %),1304004,22168068000,2000,34000000,188321348,15.15
09/11/2022,1092800,18522960000,16.95(-0.29 %),1100000,18645000000,7200,122040000,187233027,15.34
10/11/2022,361005,5703879000,15.8(-7.06 %),361005,5703879000,0,0,186874022,15.41
11/11/2022,2763009,40616232300,14.7(-6.96 %),2764009,40630932300,1000,14700000,184117213,15.9
14/11/2022,552731,7572414700,13.7(-6.80 %),1440731,19738014700,888000,12165600000,183521482,16.01
15/11/2022,102405,1305663750,12.75(-6.93 %),127205,1621863750,24800,316200000,183420077,16.03
16/11/2022,1908595,25956892000,13.6(6.25 %),2241000,30477600000,332405,4520708000,181222077,16.42
17/11/2022,706324,9817903600,13.9(2.21 %),1132000,15734800000,425676,5916896400,180090077,16.63
18/11/2022,-1303695,-16882850250,12.95(-6.83 %),41005,531014750,1344700,17413865000,180381477,16.57
21/11/2022,137000,1828950000,13.35(2.69 %),148900,1987815000,11900,158865000,180658253,16.52
22/11/2022,497695,7067269000,14.2(5.97 %),538400,7645280000,40705,578011000,181464553,16.38
23/11/2022,315600,4292160000,13.6(-4.23 %),487800,6634080000,172200,2341920000,180988653,16.47
24/11/2022,183500,2385500000,13(-4.41 %),238000,3094000000,54500,708500000,180791358,16.5
25/11/2022,8700,117450000,13.5(3.85 %),8700,117450000,0,0,180954858,16.47
28/11/2022,56427,806906100,14.3(5.93 %),92600,1324180000,36173,517273900,180898431,16.49
29/11/2022,-261305,-3997966500,15.3(6.99 %),128300,1962990000,389605,5960956500,181159736,16.45
30/11/2022,2619200,41383360000,15.8(3.27 %),2816500,44500700000,197300,3117340000,178540536,16.92
01/12/2022,62306,953281800,15.3(-3.16 %),342106,5234221800,279800,4280940000,177666025,0.0
02/12/2022,1365200,22321020000,16.35(6.86 %),1433300,23434455000,68100,1113435000,176300825,17.32
05/12/2022,228558,3839774400,16.8(2.44 %),339000,5695200000,110442,1855425600,176072267,17.36
06/12/2022,112900,1862850000,16.5(-1.79 %),113900,1879350000,1000,16500000,175959367,17.38
07/12/2022,189800,3150680000,16.6(0.61 %),196400,3260240000,6600,109560000,175769567,0.0
08/12/2022,-98022,-1666374000,17(2.41 %),56400,958800000,154422,2625174000,176573272,17.26
09/12/2022,202491,3411973350,16.85(-0.88 %),264300,4453455000,61809,1041481650,176315572,17.31
12/12/2022,128800,2125200000,16.5(-2.37 %),135700,2239050000,6900,113850000,175536298,17.46
13/12/2022,232600,3954200000,17(3.03 %),250400,4256800000,17800,302600000,175303698,17.5
14/12/2022,1055183,18676739100,17.7(4.12 %),1074400,19016880000,19217,340140900,174248515,17.69
15/12/2022,1021900,18087630000,17.7(0.00 %),1028800,18209760000,6900,122130000,173226615,0.0
16/12/2022,894088,15870062000,17.75(0.28 %),1159200,20575800000,265112,4705738000,172332527,0.0
19/12/2022,604410,10274970000,17(-4.49 %),730910,12425470000,126500,2150500000,171728117,18.14
20/12/2022,2071800,36256500000,17.5(2.94 %),2080700,36412250000,8900,155750000,169656317,18.52
21/12/2022,703000,12372800000,17.6(0.57 %),727700,12807520000,24700,434720000,168953317,18.64
22/12/2022,699800,12386460000,17.7(0.57 %),700800,12404160000,1000,17700000,168253517,18.77
23/12/2022,1407146,25187913400,17.9(1.13 %),1409700,25233630000,2554,45716600,166846371,19.02
26/12/2022,1951826,34352137600,17.6(-1.68 %),2258100,39742560000,306274,5390422400,164894545,19.37
27/12/2022,1005900,18055905000,17.95(1.99 %),1778300,31920485000,772400,13864580000,163888645,19.55
28/12/2022,1642400,30055920000,18.3(1.67 %),1658400,30348720000,16000,292800000,162246245,19.85
29/12/2022,1061000,18991900000,17.9(-2.19 %),1061100,18993690000,100,1790000,162035850,19.87
30/12/2022,1478872,26397865200,17.85(-0.28 %),1518300,27101655000,39428,703789800,160533550,20.14
03/01/2023,463000,8588650000,18.55(3.63 %),964200,17885910000,501200,9297260000,159569350,0.0
04/01/2023,396780,7598337000,19.15(2.96 %),667300,12778795000,270520,5180458000,158941578,20.43
05/01/2023,745390,14162410000,19(-1.04 %),747600,14204400000,2210,41990000,158695178,20.47
06/01/2023,63590,1170056000,18.4(-3.16 %),64000,1177600000,410,7544000,158901698,20.44
09/01/2023,555300,10356345000,18.65(1.36 %),567600,10585740000,12300,229395000,158336308,20.54
10/01/2023,1521161,28673884850,18.85(0.80 %),1564500,29490825000,43339,816940150,156772218,20.82
11/01/2023,1146597,21670683300,18.9(0.00 %),1217500,23010750000,70903,1340066700,155567018,21.04
12/01/2023,1711361,34569492200,20.2(6.88 %),1853100,37432620000,141739,2863127800,153757257,21.36
13/01/2023,276200,5510190000,19.95(-1.24 %),554100,11054295000,277900,5544105000,153274060,21.45
16/01/2023,-212701,-4254020000,20(0.00 %),101400,2028000000,314101,6282020000,153314399,21.44
17/01/2023,688758,14429480100,20.95(4.75 %),704900,14767655000,16142,338174900,152887399,21.52
18/01/2023,-57900,-1207215000,20.85(-0.71 %),303800,6334230000,361700,7541445000,152977700,21.5
19/01/2023,644300,13530300000,21(0.48 %),752700,15806700000,108400,2276400000,152241142,21.63
27/01/2023,237949,4973134100,20.9(-0.48 %),256700,5365030000,18751,391895900,152266142,21.63
30/01/2023,115000,2363250000,20.55(-1.67 %),155400,3193470000,40400,830220000,152219142,21.64
31/01/2023,-163707,-3437847000,21(1.94 %),177000,3717000000,340707,7154847000,152062393,21.67
01/02/2023,1206800,23773960000,19.7(-6.19 %),1220800,24049760000,14000,275800000,150881993,21.88
02/02/2023,342350,6727177500,19.65(-0.25 %),348750,6852937500,6400,125760000,150873950,21.88
03/02/2023,94100,1816130000,19.3(-2.03 %),94100,1816130000,0,0,150793850,21.89
06/02/2023,226100,4375035000,19.35(0.26 %),608300,11770605000,382200,7395570000,150191950,22.0
07/02/2023,393772,7619488200,19.35(-0.26 %),434800,8413380000,41028,793891800,149757150,22.08
08/02/2023,361600,7051200000,19.5(0.52 %),361800,7055100000,200,3900000,149777550,22.08
09/02/2023,248700,5185395000,20.85(6.92 %),384700,8020995000,136000,2835600000,149433878,22.14
10/02/2023,266000,5399800000,20.3(-2.87 %),343400,6971020000,77400,1571220000,149090678,22.2
13/02/2023,2343149,48268869400,20.6(1.48 %),2432120,50101672000,88971,1832802600,146794558,22.61
14/02/2023,398935,8218061000,20.6(0.00 %),694500,14306700000,295565,6088639000,146177458,22.72
15/02/2023,635800,13447170000,21.15(2.67 %),636200,13455630000,400,8460000,145632229,22.82
16/02/2023,173961,3844538100,22.1(4.25 %),259700,5739370000,85739,1894831900,145668094,22.81
17/02/2023,603912,13316259600,22.05(-0.23 %),961500,21201075000,357588,7884815400,144706994,22.99
20/02/2023,507600,11421000000,22.5(1.81 %),558500,12566250000,50900,1145250000,144234233,23.07
21/02/2023,558608,12401097600,22.2(-1.33 %),742400,16481280000,183792,4080182400,143849421,23.14
22/02/2023,97972,2086803600,21.3(-4.05 %),251000,5346300000,153028,3259496400,143649321,23.18
23/02/2023,35108,765354400,21.8(2.35 %),118500,2583300000,83392,1817945600,143714613,23.17
24/02/2023,-44500,-925600000,20.8(-4.59 %),139100,2893280000,183600,3818880000,143759113,23.18
27/02/2023,539647,11332587000,21(0.96 %),549900,11547900000,10253,215313000,143262033,23.25
28/02/2023,863696,18310355200,21.2(0.95 %),1137500,24115000000,273804,5804644800,142508133,23.38
01/03/2023,-602421,-13253262000,22(3.77 %),225900,4969800000,828321,18223062000,142292486,23.42
02/03/2023,-955500,-20734350000,21.7(-1.36 %),297000,6444900000,1252500,27179250000,142069290,23.46
03/03/2023,130500,2825325000,21.65(-0.23 %),198500,4297525000,68000,1472200000,142699111,23.35
06/03/2023,262392,5667667200,21.6(-0.46 %),300000,6480000000,37608,812332800,143651611,23.18
07/03/2023,-189948,-4159861200,21.9(1.39 %),24900,545310000,214848,4705171200,143694711,23.17
08/03/2023,270110,6117991500,22.65(3.42 %),276950,6272917500,6840,154926000,143455369,23.21
09/03/2023,10300,230720000,22.4(-1.32 %),19800,443520000,9500,212800000,143650417,23.18
10/03/2023,-75000,-1642500000,21.9(-2.23 %),14600,319740000,89600,1962240000,143642657,23.18
13/03/2023,229143,5018231700,21.9(0.00 %),374900,8210310000,145757,3192078300,143413514,0.0
14/03/2023,-201079,-4142227400,20.6(-5.94 %),282706,5823743600,483785,9965971000,143084151,23.28
15/03/2023,348800,7481760000,21.45(4.13 %),684800,14688960000,336000,7207200000,142845108,23.32
16/03/2023,-179500,-3697700000,20.6(-4.19 %),494500,10186700000,674000,13884400000,142944393,23.3
17/03/2023,390200,8116160000,20.8(0.97 %),863200,17954560000,473000,9838400000,142117193,23.45
20/03/2023,-136626,-2671038300,19.55(-6.01 %),615325,12029603750,751951,14700642050,142065868,23.46
21/03/2023,-481200,-925600000,19.7(0.51 %),251500,2893280000,732700,3818880000,142287368,23.42
22/03/2023,-386000,-7698510000,19.75(0.25 %),107600,2140595000,493600,9839105000,142673368,23.37
23/03/2023,-776600,-15461940000,20(1.01 %),105200,2094040000,881800,17555980000,143449968,23.23
24/03/2023,-359500,-7213455000,20.05(0.25 %),330100,6634510000,689600,13847965000,143809468,23.17
27/03/2023,-634400,-12814880000,20.2(0.50 %),402700,8134540000,1037100,20949420000,144443868,0.0
28/03/2023,-578332,-11711223000,20.25(0.25 %),400,8100000,578732,11719323000,145022200,22.95
29/03/2023,-369400,-7480350000,20.25(-0.25 %),4300,87075000,373700,7567425000,145923844,22.77
30/03/2023,-690200,-13873020000,20.1(-0.99 %),3600,72360000,693800,13945380000,146498976,22.67
31/03/2023,-482100,-9786630000,20.3(1.00 %),274400,5570320000,756500,15356950000,146598276,22.65
03/04/2023,-1257469,-26595469350,21.15(4.19 %),629000,13303350000,1886469,39898819350,146663076,22.64
04/04/2023,-3856,-81361600,21.1(-0.47 %),1144,24138400,5000,105500000,147418432,22.5
05/04/2023,38492,823728800,21.4(1.42 %),52300,1119220000,13808,295491200,149252601,22.17
06/04/2023,33100,695100000,21(-1.87 %),56900,1194900000,23800,499800000,149200701,22.18
07/04/2023,-439200,-9135360000,20.8(-0.95 %),38400,798720000,477600,9934080000,149176109,22.18
10/04/2023,-640500,-13322400000,20.8(0.00 %),18200,378560000,658700,13700960000,149181709,22.18
11/04/2023,-1436000,-30371400000,21.15(1.68 %),94000,1988100000,1530000,32359500000,149565309,22.11
12/04/2023,-951436,-20122871400,21.15(-0.24 %),99900,2112885000,1051336,22235756400,150124409,22.01
13/04/2023,-1434300,-30120300000,21(-0.94 %),456700,9590700000,1891000,39711000000,151197709,21.82
14/04/2023,-1201000,-24620500000,20.5(-2.38 %),46900,961450000,1247900,25581950000,152202145,21.64
17/04/2023,-560500,-11406175000,20.35(-0.73 %),31500,641025000,592000,12047200000,154061638,21.31
18/04/2023,-612400,-12615440000,20.6(0.98 %),95600,1969360000,708000,14584800000,155213938,21.1
19/04/2023,-286167,-5895040200,20.6(0.00 %),500,10300000,286667,5905340200,155805438,20.99
20/04/2023,-21600,-440625000,20.5(-0.49 %),60000,1228165000,81600,1668790000,155827038,21.0
21/04/2023,179100,3635730000,20.3(-0.98 %),211000,4283300000,31900,647570000,156529105,20.86
24/04/2023,-7583,-154693200,20.4(0.49 %),35200,718080000,42783,872773200,156575505,20.85
25/04/2023,-52189,-1069874500,20.5(0.49 %),12300,252150000,64489,1322024500,156595105,20.85
26/04/2023,-86500,-1790550000,20.7(0.98 %),1328959,27509451300,1415459,29300001300,156588188,20.85
27/04/2023,-65100,-1359145000,20.75(0.24 %),21600,452095000,86700,1811240000,156653288,20.86
28/04/2023,732900,15328485000,20.95(0.96 %),733100,15332675000,200,4190000,155920388,20.99
04/05/2023,-90300,-1845055000,20.3(-3.10 %),8100,165645000,98400,2010700000,156034177,20.97
05/05/2023,-3900,-77945000,20.55(1.23 %),52600,1076990000,56500,1154935000,156060367,20.95
08/05/2023,-14400,-271605000,21.2(3.16 %),138700,2932310000,153100,3203915000,156020080,20.95
09/05/2023,101600,2232220000,21.9(3.30 %),182600,4007185000,81000,1774965000,155894030,20.98
10/05/2023,-97500,-2127810000,21.85(-0.23 %),67200,1470365000,164700,3598175000,155991530,20.97
11/05/2023,638400,14262105000,22.3(1.83 %),711100,15888400000,72700,1626295000,155349830,21.07
12/05/2023,367800,8182600000,22.45(0.67 %),370100,8233690000,2300,51090000,155144440,21.11
15/05/2023,1000700,22175220000,21.85(-2.67 %),1625700,36061685000,625000,13886465000,154143740,21.31
16/05/2023,1118600,24984620000,22.35(2.29 %),1186200,26495120000,67600,1510500000,153025140,21.51
17/05/2023,386300,8657010000,21.95(-1.79 %),386400,8659255000,100,2245000,152638840,21.58
18/05/2023,203600,4508930000,22.4(2.05 %),226500,5022760000,22900,513830000,152435240,21.61
19/05/2023,518900,12094695000,23.45(4.69 %),719400,16788725000,200500,4694030000,151916340,21.71
22/05/2023,690100,16287795000,23.6(0.64 %),920000,21724365000,229900,5436570000,151226240,21.83
23/05/2023,-504500,-11891660000,23.8(0.85 %),12800,301280000,517300,12192940000,151730740,21.74
24/05/2023,-93100,-2191970000,23.4(-1.68 %),9300,217810000,102400,2409780000,151823840,21.72
25/05/2023,-227100,-5291025000,23.95(2.35 %),308800,7209630000,535900,12500655000,152050940,21.68
26/05/2023,-91100,-2171635000,23.85(-0.42 %),16100,384275000,107200,2555910000,152142040,21.67
29/05/2023,-319200,-7606500000,23.7(-0.63 %),94400,2277080000,413600,9883580000,152461240,21.61
30/05/2023,-81500,-1947090000,24.05(1.48 %),43700,1039935000,125200,2987025000,152542740,21.6
31/05/2023,574300,13881685000,24.2(0.62 %),852200,20569375000,277900,6687690000,151968440,21.7
01/06/2023,-131200,-3125825000,23.9(-1.24 %),0,0,131200,3125825000,151640393,21.76
02/06/2023,344300,8307425000,24.3(1.67 %),454300,10959310000,110000,2651885000,151296093,21.82
05/06/2023,182600,4496805000,24.2(-0.41 %),342600,8396910000,160000,3900105000,151113493,21.85
06/06/2023,28700,692785000,24.2(0.00 %),31500,760520000,2800,67735000,151084793,21.86
07/06/2023,-22100,-533850000,24.45(1.03 %),27200,659860000,49300,1193710000,151106893,21.85
08/06/2023,-166300,-4093145000,23.65(-3.27 %),121600,2960360000,287900,7053505000,151273193,21.82
09/06/2023,-7000,-167070000,23.6(-0.21 %),69700,1642180000,76700,1809250000,151280193,21.82
12/06/2023,-610200,-14173195000,23.4(-0.85 %),35000,809510000,645200,14982705000,151890393,21.71
13/06/2023,1061300,25173400000,23.85(1.92 %),1075600,25510395000,14300,336995000,150829093,21.9
14/06/2023,-434500,-10331790000,23.4(-1.89 %),306500,7275825000,741000,17607615000,151263593,21.83
15/06/2023,300200,7175580000,24.4(4.27 %),453200,10792355000,153000,3616775000,150963393,21.88
16/06/2023,-1029200,-24966000000,23.85(-2.25 %),51900,1238020000,1081100,26204020000,151293165,21.8
19/06/2023,17100,415070000,24(0.42 %),19200,465260000,2100,50190000,151426875,21.78
20/06/2023,-54000,-1279625000,24.45(1.88 %),41200,1009400000,95200,2289025000,151480875,21.79
21/06/2023,-208400,-5223775000,24.9(1.63 %),63100,1566695000,271500,6790470000,152405776,21.6
22/06/2023,533700,13311810000,25(0.40 %),630600,15741505000,96900,2429695000,151872076,21.72
23/06/2023,1055600,25619910000,24.15(-3.40 %),1272100,30891905000,216500,5271995000,150816476,21.91
26/06/2023,385500,9330990000,24.5(1.24 %),822500,19890645000,437000,10559655000,150144239,22.01
27/06/2023,170100,4214300000,24.75(1.02 %),296500,7338080000,126400,3123780000,149974139,22.06
28/06/2023,44800,1113390000,24.6(-0.81 %),211300,5198175000,166500,4084785000,149929339,22.07
29/06/2023,267900,6580160000,24.5(-0.41 %),274900,6752035000,7000,171875000,149661439,22.11
30/06/2023,859800,21061365000,24.5(0.00 %),867700,21254755000,7900,193390000,148801639,22.27
03/07/2023,183400,4518185000,24.85(1.43 %),190400,4689685000,7000,171500000,149440197,22.15
04/07/2023,171100,4317950000,25.85(3.82 %),252600,6389675000,81500,2071725000,149269097,22.18
05/07/2023,202100,5170840000,25.5(-1.54 %),202400,5178520000,300,7680000,149066997,22.22
06/07/2023,-215500,-5376735000,25(-1.96 %),72100,1790135000,287600,7166870000,148826191,22.25
07/07/2023,-1237200,-30788285000,24.85(-0.60 %),207300,5161330000,1444500,35949615000,148619191,22.28
10/07/2023,-2945300,-73665245000,24.9(0.00 %),203000,5091420000,3148300,78756665000,151564491,21.77
11/07/2023,-985700,-24643620000,24.85(-0.20 %),115100,2880985000,1100800,27524605000,152550191,21.59
12/07/2023,-220300,-5568745000,25.25(1.41 %),193500,4879280000,413800,10448025000,152770491,21.55
13/07/2023,-638100,-16090270000,25.3(0.00 %),126400,3215790000,764500,19306060000,153408591,21.44
14/07/2023,-676600,-16971310000,25.15(-0.59 %),356200,9027235000,1032800,25998545000,154020050,21.31
17/07/2023,-182800,-4640245000,25.45(0.99 %),66500,1689980000,249300,6330225000,154202850,21.3
18/07/2023,60700,1559225000,25.35(-0.59 %),164300,4192715000,103600,2633490000,154142150,21.31
19/07/2023,-181100,-4564765000,24.95(-1.77 %),325900,8166285000,507000,12731050000,155509871,21.05
20/07/2023,-451300,-11156400000,24.8(-0.80 %),49700,1232035000,501000,12388435000,155961171,20.98
21/07/2023,56300,1405385000,25.1(1.21 %),62500,1560005000,6200,154620000,155904871,20.99
24/07/2023,170800,4318590000,25.7(2.39 %),312700,7948215000,141900,3629625000,156196571,20.92
25/07/2023,-436400,-11139280000,25.7(0.00 %),324300,8304725000,760700,19444005000,155878471,20.98
26/07/2023,1149900,29537670000,25.9(0.78 %),1176900,30234620000,27000,696950000,154728571,21.2
27/07/2023,377900,9742105000,25.8(-0.39 %),454300,11704495000,76400,1962390000,154350671,21.27
28/07/2023,335400,8746190000,26.45(2.52 %),395400,10331190000,60000,1585000000,154015271,21.33
31/07/2023,-52600,-1384515000,26.2(-1.13 %),24700,651195000,77300,2035710000,154067871,21.32
01/08/2023,88500,2297175000,25.5(-2.67 %),396100,10268500000,307600,7971325000,154540184,21.24
02/08/2023,-174000,-4393350000,25.9(1.57 %),155900,4008015000,329900,8401365000,154714184,21.2
03/08/2023,399000,10097690000,25.2(-2.70 %),464000,11750335000,65000,1652645000,154315184,21.28
04/08/2023,142700,3677375000,25.85(2.58 %),181600,4665980000,38900,988605000,154117386,21.3
07/08/2023,-35900,-928680000,25.9(0.19 %),17500,454000000,53400,1382680000,154153286,21.31
08/08/2023,-64800,-1711350000,26.1(0.77 %),188100,4939200000,252900,6650550000,154218086,21.29
09/08/2023,63200,1644365000,25.8(-1.15 %),77000,2001905000,13800,357540000,154154886,21.3
10/08/2023,-64600,-1655150000,25.65(-0.58 %),27000,702800000,91600,2357950000,154219486,21.29
11/08/2023,-625100,-15823470000,25.5(-0.58 %),18100,461180000,643200,16284650000,154844586,21.18
14/08/2023,-733400,-18720805000,25.65(0.59 %),95100,2433990000,828500,21154795000,154210300,21.28
15/08/2023,-245000,-6298850000,25.55(-0.58 %),117700,3023155000,362700,9322005000,154735790,21.18
16/08/2023,-843400,-21691310000,25.75(0.59 %),245500,6405730000,1088900,28097040000,155318805,21.08
17/08/2023,-260600,-6709360000,25.5(-1.16 %),133400,3427760000,394000,10137120000,155579405,21.05
18/08/2023,78400,1577985000,23.75(-6.86 %),334600,8002845000,256200,6424860000,156302452,20.9
21/08/2023,579600,13834975000,24(0.84 %),699100,16679935000,119500,2844960000,155997250,20.96
22/08/2023,-240500,-5642050000,24(0.00 %),73000,1726115000,313500,7368165000,156180370,20.92
23/08/2023,332500,7988645000,24.3(1.25 %),496400,11910215000,163900,3921570000,155803490,20.99
24/08/2023,-523500,-12644565000,24.5(0.82 %),0,0,523500,12644565000,156326990,20.91
25/08/2023,-234400,-5726045000,24.65(0.61 %),7000,171000000,241400,5897045000,156277068,20.91
28/08/2023,-591600,-14518985000,24.6(-0.20 %),50100,1240685000,641700,15759670000,156868668,20.82
29/08/2023,145400,3633130000,25.1(2.03 %),210100,5239930000,64700,1606800000,156781768,20.82
30/08/2023,239300,6007670000,25.1(0.00 %),345000,8644440000,105700,2636770000,156542468,20.88
31/08/2023,693200,17610040000,25.5(1.59 %),750600,19069740000,57400,1459700000,156392598,20.89
05/09/2023,436700,11317565000,25.9(1.57 %),454800,11786440000,18100,468875000,156043498,20.95
06/09/2023,304000,7901250000,26.05(0.58 %),321100,8345300000,17100,444050000,155739498,21.02
07/09/2023,801800,20935940000,26.5(1.73 %),930700,24326790000,128900,3390850000,154867198,21.16
08/09/2023,64100,1696155000,26.45(-0.19 %),114400,3028615000,50300,1332460000,154769900,21.18
11/09/2023,-168400,-4495160000,26(-1.70 %),99200,2653090000,267600,7148250000,154799640,21.17
12/09/2023,137900,3613185000,26.45(1.73 %),340400,8918740000,202500,5305555000,154509540,21.23
13/09/2023,95900,2579505000,26.5(0.19 %),96200,2587580000,300,8075000,154680940,21.19
14/09/2023,1037400,27709195000,26.8(1.13 %),1131900,30222690000,94500,2513495000,153751540,21.36
15/09/2023,128700,3565050000,27.2(1.49 %),210400,5790185000,81700,2225135000,153541547,21.4
18/09/2023,0,0,26.65(-2.02 %),0,0,0,0,153541547,21.42
19/09/2023,415500,11092420000,26.65(0.00 %),420800,11233690000,5300,141270000,152802523,21.55
20/09/2023,-22700,-639995000,27(1.31 %),480000,12934120000,502700,13574115000,152825223,21.54
21/09/2023,18500,511485000,26.5(-1.85 %),88200,2371765000,69700,1860280000,152806723,21.55
22/09/2023,-381700,-9993365000,25.45(-3.96 %),266000,6758840000,647700,16752205000,153081919,21.48
25/09/2023,120400,2875585000,24(-5.70 %),309300,7718065000,188900,4842480000,152842413,21.52
26/09/2023,202300,4925885000,24(0.00 %),499200,12135545000,296900,7209660000,152990883,21.5
27/09/2023,343500,8380795000,25.2(5.00 %),599700,14587660000,256200,6206865000,152647383,21.58
28/09/2023,246400,6533860000,26.15(3.77 %),1099800,28146325000,853400,21612465000,152400983,21.62
29/09/2023,-738600,-19090975000,25.8(-1.34 %),2500,64575000,741100,19155550000,152034096,21.67
02/10/2023,155900,4086210000,26(0.78 %),302000,7900500000,146100,3814290000,152585546,21.57
03/10/2023,-232200,-5817980000,24.55(-5.58 %),16900,421440000,249100,6239420000,153309746,21.44
04/10/2023,-786400,-19629965000,25.45(3.67 %),13900,352035000,800300,19982000000,154096146,21.32
05/10/2023,-856300,-22092240000,25.85(1.57 %),15800,408285000,872100,22500525000,153683375,21.37
06/10/2023,-108700,-2794050000,25.8(-0.19 %),57600,1485980000,166300,4280030000,153792075,21.37
09/10/2023,-3500,-84995000,26.5(2.71 %),50300,1343550000,53800,1428545000,153795575,21.37
10/10/2023,389900,10352315000,26.2(-1.13 %),389900,10352315000,0,0,155026826,21.13
11/10/2023,-12200,-493560000,27.8(6.11 %),1067200,29279540000,1079400,29773100000,154013455,21.31
12/10/2023,-80500,-2254005000,28(0.72 %),44400,1243330000,124900,3497335000,153969055,21.32
13/10/2023,-8200,-230390000,28.45(1.61 %),50900,1440620000,59100,1671010000,155002555,21.14
16/10/2023,132400,3897695000,28.7(0.88 %),244500,7161810000,112100,3264115000,154882955,21.16
17/10/2023,260700,7111825000,27(-5.92 %),325800,8975810000,65100,1863985000,154616255,21.21
18/10/2023,1780300,48830475000,27.8(2.96 %),2405000,66081875000,624700,17251400000,152273415,21.63
19/10/2023,1141200,31766265000,27.8(0.00 %),1276100,35539715000,134900,3773450000,151062522,21.84
20/10/2023,392700,10864125000,28.3(1.80 %),759700,20937670000,367000,10073545000,150932576,21.87
23/10/2023,-223800,-6138200000,27.9(-1.41 %),555000,15434355000,778800,21572555000,150512476,21.94
24/10/2023,-170700,-4695705000,27.6(-1.08 %),304000,8337885000,474700,13033590000,150683176,21.93
25/10/2023,-271300,-7401400000,27(-2.17 %),10500,287950000,281800,7689350000,150575476,21.93
26/10/2023,1167300,29459955000,25.15(-6.85 %),2069100,52237810000,901800,22777855000,149752377,22.08
27/10/2023,-29800,-756045000,25.8(2.58 %),1067600,27463490000,1097400,28219535000,148971577,22.22
30/10/2023,92100,2276275000,24.5(-5.04 %),140500,3544275000,48400,1268000000,149737877,22.08
31/10/2023,2200000,51356975000,23.55(-3.88 %),2473300,57795270000,273300,6438295000,148363977,22.33
01/11/2023,688600,16397770000,24.7(4.88 %),704900,16799665000,16300,401895000,147710067,22.45
02/11/2023,692000,17537035000,25.65(3.85 %),730600,18507250000,38600,970215000,147018067,22.59
03/11/2023,1175700,29948055000,25.75(0.39 %),1403800,35780425000,228100,5832370000,145842367,22.8
06/11/2023,360300,9259755000,25.85(0.39 %),702600,18029140000,342300,8769385000,145482067,22.87
07/11/2023,-33400,-871755000,26.3(1.74 %),97600,2572885000,131000,3444640000,145515467,22.86
08/11/2023,549300,14630015000,27.35(3.99 %),602300,16020530000,53000,1390515000,145071869,22.92
09/11/2023,-80200,-2197055000,27.15(-0.73 %),500200,13533305000,580400,15730360000,144702669,22.99
10/11/2023,-911900,-24731070000,26.8(-1.29 %),10000,269980000,921900,25001050000,144745669,22.98
13/11/2023,122000,3295860000,27.35(2.05 %),147400,3982900000,25400,687040000,145178679,22.9
14/11/2023,339772,9330678600,27.4(0.18 %),414000,11369350000,74228,2038671400,144283897,23.08
15/11/2023,56400,1554395000,26.95(-1.64 %),154800,4254160000,98400,2699765000,144227497,23.09
16/11/2023,0,0,27.3(1.30 %),0,0,0,0,144227497,23.09
17/11/2023,-49700,-1432010000,26.4(-3.30 %),171800,4551075000,221500,5983085000,145418707,22.86
20/11/2023,287200,7666870000,26.7(1.14 %),287200,7666870000,0,0,145141407,22.91
21/11/2023,92300,2487615000,27.8(4.12 %),100000,2698080000,7700,210465000,145262907,22.89
22/11/2023,317500,8749560000,27.7(-0.36 %),504500,13911195000,187000,5161635000,144758407,22.98
23/11/2023,770700,21348965000,26.6(-3.97 %),1125800,31249520000,355100,9900555000,143987707,23.13
24/11/2023,380600,10116740000,27(1.50 %),455200,12109380000,74600,1992640000,143607107,23.2
27/11/2023,1201200,32705170000,27.35(1.30 %),1202200,32732070000,1000,26900000,142405907,23.42
28/11/2023,-47200,-1268200000,27.3(-0.18 %),22500,610000000,69700,1878200000,142453107,23.41
29/11/2023,667100,18717600000,28.55(4.58 %),679600,19070670000,12500,353070000,141786007,23.53
30/11/2023,-529900,-14850635000,28(-1.93 %),306500,8592805000,836400,23443440000,142315907,23.43
01/12/2023,-112400,-3150680000,28.35(1.25 %),323800,9135085000,436200,12285765000,141664783,23.55
04/12/2023,-139800,-3983380000,28.8(1.59 %),54200,1550910000,194000,5534290000,141804583,23.53
05/12/2023,-287200,-8384735000,28.75(-0.17 %),15100,445260000,302300,8829995000,142091783,23.48
06/12/2023,443700,12800475000,29.1(1.22 %),505000,14553380000,61300,1752905000,141648083,23.55
07/12/2023,-203500,-5788940000,28.25(-2.92 %),82900,2317060000,286400,8106000000,141851583,23.52
08/12/2023,212700,6076670000,28.5(0.88 %),271500,7737550000,58800,1660880000,141638883,23.56
11/12/2023,-305100,-8696415000,28.45(-0.18 %),2000,57000000,307100,8753415000,141943983,23.5
12/12/2023,157100,4448120000,28.55(0.35 %),184600,5232705000,27500,784585000,141786883,23.53
13/12/2023,-810600,-22648445000,27.5(-3.68 %),18200,498040000,828800,23146485000,142597483,23.38
14/12/2023,-112900,-3097795000,27.2(-1.09 %),15000,410440000,127900,3508235000,142710383,23.36
15/12/2023,-1004500,-27112960000,27(-0.74 %),120000,3266910000,1124500,30379870000,143714883,23.18
18/12/2023,-36000,-965335000,27(0.00 %),15000,409450000,51000,1374785000,143750883,23.18
19/12/2023,61100,1655105000,27.5(1.85 %),201700,5493495000,140600,3838390000,143689783,23.19
20/12/2023,157300,4348475000,28(1.82 %),234900,6490640000,77600,2142165000,143532483,23.22
21/12/2023,364500,10217515000,28.05(0.18 %),536000,14993020000,171500,4775505000,143167983,23.28
22/12/2023,205100,5739975000,27.8(-0.89 %),263300,7369945000,58200,1629970000,142962883,23.32
25/12/2023,861200,24316375000,28.3(1.80 %),880600,24857515000,19400,541140000,142101683,23.47
26/12/2023,-12400,-349730000,28.1(-0.71 %),70000,1974000000,82400,2323730000,142114083,23.47
27/12/2023,470800,13312965000,28.3(0.71 %),494000,13968075000,23200,655110000,141643283,23.56
28/12/2023,134000,3760325000,28(-1.06 %),406400,11377525000,272400,7617200000,141509283,23.58
29/12/2023,906000,25530570000,28.3(1.07 %),920000,25925370000,14000,394800000,140603283,23.74
02/01/2024,-40600,-1139580000,28(-1.06 %),3100,87250000,43700,1226830000,141511888,23.56
03/01/2024,-162400,-4510285000,28.2(0.71 %),117800,3310590000,280200,7820875000,141404982,23.6
04/01/2024,-441500,-12447885000,28.1(-0.35 %),135800,3855175000,577300,16303060000,141846482,23.52
05/01/2024,-613400,-17176920000,27.8(-1.07 %),20500,574950000,633900,17751870000,142459882,23.41
08/01/2024,-760200,-21040540000,27.35(-1.62 %),7800,217175000,768000,21257715000,143220082,23.27
09/01/2024,-1603500,-43223275000,26.75(-2.19 %),27100,733145000,1630600,43956420000,142752032,23.34
10/01/2024,-359100,-9654775000,26.95(0.75 %),691500,18617900000,1050600,28272675000,142843500,23.32
11/01/2024,-1555000,-41684010000,27(0.19 %),4100,110480000,1559100,41794490000,144470384,23.03
12/01/2024,-557400,-14992845000,26.9(-0.37 %),685100,18462115000,1242500,33454960000,147291982,22.54
15/01/2024,808900,22075735000,27.3(1.49 %),1674500,45740565000,865600,23664830000,144720560,22.98
16/01/2024,-20500,-560175000,27.5(0.73 %),200,5450000,20700,565625000,145962864,22.76
17/01/2024,534300,14782960000,27.55(0.18 %),585800,16208150000,51500,1425190000,146242752,22.71
18/01/2024,-1093600,-29797375000,27.35(-0.73 %),50600,1382305000,1144200,31179680000,147062882,22.58
19/01/2024,345700,9469530000,27.35(0.00 %),417200,11429420000,71500,1959890000,146717182,22.64
22/01/2024,62100,1700935000,27.25(-0.37 %),134000,3654435000,71900,1953500000,146655082,22.65
23/01/2024,1097200,30218795000,27.9(2.39 %),1156300,31847680000,59100,1628885000,145557882,22.85
24/01/2024,-81900,-2264760000,27.7(-0.72 %),20100,557770000,102000,2822530000,145639782,22.84
25/01/2024,-17600,-484395000,27.55(-0.54 %),5100,141255000,22700,625650000,145657382,22.83
26/01/2024,484400,13429070000,27.65(0.36 %),484400,13429070000,0,0,145172982,22.92
29/01/2024,-4600,-127945000,27.6(-0.18 %),54400,1504520000,59000,1632465000,145464368,22.85
30/01/2024,689400,19339185000,27.95(1.27 %),752900,21116140000,63500,1776955000,144711472,22.99
31/01/2024,-25600,-701250000,27.55(-1.43 %),22400,617680000,48000,1318930000,144748064,22.98
01/02/2024,-44400,-1224580000,27.55(0.00 %),95000,2625035000,139400,3849615000,144748066,23.0
02/02/2024,894800,24830510000,27.8(0.91 %),1032600,28635465000,137800,3804955000,144716592,22.99
05/02/2024,1261978,35486499000,28.25(1.62 %),1282300,36055550000,20322,569051000,142496233,23.4
06/02/2024,800310,22924942950,28.75(1.77 %),818400,23442870000,18090,517927050,141908500,23.49
07/02/2024,359500,10334745000,28.75(0.00 %),371400,10678950000,11900,344205000,141557400,23.55
15/02/2024,-898142,-25662647000,28.6(-0.52 %),176000,5035170000,1074142,30697817000,141399500,23.58
16/02/2024,-813016,-23222936000,28.5(-0.35 %),271800,7792950000,1084816,31015886000,141139600,23.63
19/02/2024,-367977,-10583567550,28.75(0.88 %),738935,21339099250,1106912,31922666800,141474816,23.57
20/02/2024,-556140,-15986585200,28.7(-0.17 %),83659,2408736250,639799,18395321450,142475968,23.39
21/02/2024,75317,2162265450,28.5(-0.70 %),160388,4602505700,85071,2440240250,143428500,23.22
22/02/2024,958300,28218310000,29.3(2.81 %),1931300,56745295000,973000,28526985000,143428500,23.22
23/02/2024,-802700,-23184765000,28.35(-3.24 %),358900,10420890000,1161600,33605655000,143740781,23.18
26/02/2024,-1267607,-35505236000,28.1(-0.88 %),22700,638515000,1290307,36143751000,142873456,23.32
27/02/2024,-2258084,-64095248800,28.8(2.49 %),13900,393685000,2271984,64488933800,147266472,22.54
28/02/2024,1256543,38142804400,30.8(6.94 %),2093700,63703745000,837157,25560940600,146009929,22.77
29/02/2024,-501400,-15229080000,30.9(0.32 %),937500,28815695000,1438900,44044775000,144552256,23.02
01/03/2024,-69232,-2227114400,31.8(2.91 %),320700,9959360000,389932,12186474400,144231550,23.09
04/03/2024,-2805882,-88569344600,31.5(-0.94 %),133121,4201964750,2939003,92771309350,147037432,22.59
05/03/2024,-1199616,-37744445800,31.75(0.79 %),217684,6839394200,1417300,44583840000,146546736,22.66
06/03/2024,142604,4454977000,30.65(-3.46 %),267400,8352060000,124796,3897083000,148094444,22.4
07/03/2024,-114752,-3566845600,31.6(1.28 %),305800,9704390000,420552,13271235600,148209196,22.37
08/03/2024,180030,5603582450,30.8(-2.53 %),279100,8690050000,99070,3086467550,148029166,22.41
11/03/2024,-1348500,-41050375000,30.05(-2.44 %),405700,12303165000,1754200,53353540000,149377666,22.16
12/03/2024,-179100,-5416680000,30.3(0.83 %),1089600,33094920000,1268700,38511600000,149180048,22.18
13/03/2024,-127900,-3943745000,31.35(3.47 %),489100,15107270000,617000,19051015000,150445183,21.96
14/03/2024,2149300,71089955000,32.9(4.94 %),2788700,92006475000,639400,20916520000,148295883,22.36
15/03/2024,-95400,-3289495000,32.8(-0.30 %),495600,16240225000,591000,19529720000,148391283,22.34
18/03/2024,-1706700,-53319105000,31.25(-4.73 %),848400,26762410000,2555100,80081515000,148837744,22.24
19/03/2024,-2358300,-74816880000,31.45(0.64 %),341600,10781730000,2699900,85598610000,149087168,22.2
20/03/2024,-144200,-4593735000,32.25(2.54 %),192100,6132660000,336300,10726395000,152600483,21.58
21/03/2024,-2673500,-85955315000,32.35(0.31 %),15200,489310000,2688700,86444625000,155273983,21.1
22/03/2024,-2173600,-69632600000,31.95(-1.24 %),83100,2664285000,2256700,72296885000,157447583,20.71
25/03/2024,-1709100,-55174710000,31.75(-0.63 %),269400,8735565000,1978500,63910275000,156807264,20.81
26/03/2024,308200,9895355000,32.7(2.99 %),370600,11903790000,62400,2008435000,156530683,20.88
27/03/2024,-310300,-10162940000,32.5(-0.61 %),78600,2566430000,388900,12729370000,160593344,20.13
28/03/2024,-325000,-10505650000,32.2(-0.92 %),27400,887795000,352400,11393445000,160628352,20.13
29/03/2024,-1659500,-53874105000,32.35(0.47 %),417400,13708870000,2076900,67582975000,160599840,20.13
01/04/2024,758600,24993515000,32.85(1.55 %),859400,28268385000,100800,3274870000,160092848,20.22
02/04/2024,1469900,49249700000,34.9(6.24 %),1645100,55149115000,175200,5899415000,159129947,20.41
03/04/2024,-417600,-14487940000,33.9(-2.87 %),191300,6582700000,608900,21070640000,160434256,20.16
04/04/2024,-1377200,-46891650000,33.55(-1.03 %),218400,7424605000,1595600,54316255000,160924747,20.09
05/04/2024,-3306200,-111443390000,32.9(-1.94 %),658400,22210460000,3964600,133653850000,160341312,20.18
08/04/2024,87500,3059925000,32.9(0.00 %),1389600,46174570000,1302100,43114645000,164143447,19.51
09/04/2024,-649400,-21417970000,33.2(0.91 %),469600,15502950000,1119000,36920920000,164792847,19.39
10/04/2024,-1923300,-62991185000,31.8(-4.22 %),79500,2619325000,2002800,65610510000,166716147,19.05
11/04/2024,-70200,-2232310000,31.95(0.47 %),632000,20224295000,702200,22456605000,165752320,19.2
12/04/2024,-251200,-8070175000,32.8(2.66 %),21500,689620000,272700,8759795000,167733648,18.85
15/04/2024,-1656400,-54133935000,30.55(-6.86 %),342300,11110275000,1998700,65244210000,168693947,18.69
16/04/2024,88400,2534705000,30.8(0.82 %),901900,27255835000,813500,24721130000,168605547,18.71
17/04/2024,-235000,-7163415000,29.35(-4.71 %),62300,1862950000,297300,9026365000,168928947,18.65
19/04/2024,705600,20879810000,29.3(-0.17 %),816400,24150330000,110800,3270520000,168223347,18.77
22/04/2024,79200,2401590000,29.6(1.02 %),521200,15384415000,442000,12982825000,169177248,18.59
23/04/2024,360700,10265815000,29.1(-1.69 %),901900,26082675000,541200,15816860000,168386224,18.73
24/04/2024,951500,28434065000,30.2(3.78 %),1171000,34982905000,219500,6548840000,166831947,19.02
25/04/2024,610000,18207715000,29.9(-0.99 %),933600,27853370000,323600,9645655000,166221947,19.13
26/04/2024,-168900,-5016540000,29.75(-0.50 %),48100,1439325000,217000,6455865000,167436416,18.9
02/05/2024,-503200,-14897910000,29.55(-0.67 %),123600,3639190000,626800,18537100000,167636416,18.87
03/05/2024,139100,4197915000,29.8(0.85 %),233900,7021970000,94800,2824055000,167619520,18.87
06/05/2024,103800,3174705000,30.6(2.68 %),148000,4513130000,44200,1338425000,168098368,18.78
07/05/2024,-138300,-4220825000,30.55(-0.16 %),17300,528750000,155600,4749575000,168175840,18.77
08/05/2024,-2276200,-72060740000,31.6(3.44 %),191900,6090380000,2468100,78151120000,168028128,18.8
09/05/2024,93200,3008160000,31.7(0.32 %),537600,16969660000,444400,13961500000,167646160,18.86
10/05/2024,-245500,-7726165000,32.15(1.42 %),696900,22065965000,942400,29792130000,169417360,18.55
13/05/2024,57500,1856165000,32.1(-0.16 %),384000,12308090000,326500,10451925000,169477760,18.53
14/05/2024,24000,779665000,31.9(-0.62 %),140000,4476705000,116000,3697040000,169678817,18.51
15/05/2024,-366100,-11734075000,31.9(0.00 %),123800,3965670000,489900,15699745000,170044917,18.45
16/05/2024,-3216100,-104769580000,32.6(2.19 %),211300,6828630000,3427400,111598210000,173261017,17.87
17/05/2024,-892800,-29238590000,32.6(0.00 %),107600,3571855000,1000400,32810445000,170769856,18.3
20/05/2024,-216500,-7060345000,32.35(-0.77 %),23900,778865000,240400,7839210000,174173360,17.69
21/05/2024,-441300,-14310705000,32.9(1.70 %),99700,3249085000,541000,17559790000,175074100,17.53
22/05/2024,-166300,-5526165000,32.5(-1.22 %),126200,4107815000,292500,9633980000,175188368,17.51
23/05/2024,-242300,-8008135000,33(1.54 %),1200,39180000,243500,8047315000,175728368,17.41
24/05/2024,-211200,-6999915000,31.7(-3.94 %),40500,1284215000,251700,8284130000,172215317,18.06
27/05/2024,-628700,-19867415000,31.95(0.79 %),58800,1869525000,687500,21736940000,176165008,17.33
28/05/2024,-496700,-15881695000,32.1(0.47 %),47600,1528870000,544300,17410565000,176369100,17.3
29/05/2024,-80300,-2634470000,31.65(-1.40 %),246500,7857215000,326800,10491685000,176810112,17.22
30/05/2024,512900,15994930000,32(1.11 %),709600,22243225000,196700,6248295000,176644928,17.25
31/05/2024,94600,2993915000,31.65(-1.09 %),220500,6991550000,125900,3997635000,176751328,17.23
03/06/2024,-562600,-17992320000,32.3(2.05 %),62300,2001735000,624900,19994055000,176751329,17.24
04/06/2024,-841700,-27334480000,32.25(-0.15 %),2000,65000000,843700,27399480000,177593029,17.09
05/06/2024,-151900,-4879910000,31.7(-1.71 %),19100,612075000,171000,5491985000,177744929,17.06
06/06/2024,-165027,-5257509950,31.8(0.32 %),700,22190000,165727,5279699950,178458523,16.92
07/06/2024,-179800,-5722935000,31.7(-0.31 %),600,19035000,180400,5741970000,178628923,16.89
10/06/2024,-1114201,-35589907000,31.8(0.32 %),25399,812018000,1139600,36401925000,179743124,16.7
11/06/2024,-28327,-907105900,32.1(0.94 %),40900,1311335000,69227,2218440900,178458523,16.92
12/06/2024,180250,5871060000,32.45(1.09 %),215650,7019490000,35400,1148430000,179832701,16.67
13/06/2024,0,0,32.2(-0.77 %),0,0,0,0,179878428,16.66
14/06/2024,-49600,-1645065000,31.2(-3.11 %),58000,1813650000,107600,3458715000,179855828,16.67
17/06/2024,-497620,-15524838250,31.05(-0.48 %),3280,102406750,500900,15627245000,179858611,16.67
18/06/2024,-110500,-3474425000,31.4(1.13 %),16400,516570000,126900,3990995000,179949811,16.65
19/06/2024,-365902,-11477872200,31.45(0.16 %),1,31550,365903,11477903750,180450710,16.56
20/06/2024,54900,1727850000,31.35(-0.32 %),156000,4903475000,101100,3175625000,180421610,16.57
21/06/2024,467000,14694905000,31.45(0.32 %),676300,21265770000,209300,6570865000,180111213,16.62
24/06/2024,-464301,-14031621850,29.6(-5.88 %),28800,868128150,493101,14899750000,180183513,16.61
25/06/2024,206897,6168075600,29.9(1.01 %),366800,10927735000,159903,4759659400,180026013,16.64
26/06/2024,-278158,-8225034500,29.75(-0.50 %),19400,573370000,297558,8798404500,180499714,16.55
27/06/2024,-224250,-6629518100,29.75(0.00 %),3850,113946900,228100,6743465000,180655767,16.53
28/06/2024,-380354,-11205455050,28.8(-3.19 %),49250,1447638950,429604,12653094000,180904075,16.48
04/07/2024,3700,110900000,29.9(-0.33 %),3800,113880000,100,2980000,181618731,0.0
05/07/2024,2300,68615000,29.9(0.00 %),3600,107250000,1300,38635000,181616431,0.0
08/07/2024,-180400,-5463275000,30.3(1.34 %),2700,81510000,183100,5544785000,181796831,0.0
09/07/2024,-151300,-4631240000,30.55(0.83 %),7000,211400000,158300,4842640000,181948131,0.0
10/07/2024,-293700,-8919730000,30.05(-1.64 %),10000,302950000,303700,9222680000,182241831,0.0
11/07/2024,-14800,-445930000,29.8(-0.83 %),32300,970630000,47100,1416560000,182256631,0.0
12/07/2024,-33600,-1004820000,29.85(0.17 %),5600,167320000,39200,1172140000,182290231,0.0
15/07/2024,-702900,-20918700000,29.75(-0.34 %),25500,757400000,728400,21676100000,182993131,0.0
16/07/2024,-554400,-16450625000,29.7(-0.17 %),45700,1355225000,600100,17805850000,183547531,0.0
17/07/2024,-921700,-26911820000,28.5(-4.04 %),36000,1044535000,957700,27956355000,184469231,0.0
18/07/2024,-565800,-15981065000,28.75(0.88 %),130600,3718275000,696400,19699340000,185035031,0.0
19/07/2024,-627400,-17690390000,28.05(-2.43 %),6200,174255000,633600,17864645000,185662431,0.0
22/07/2024,-99000,-2792885000,27.3(-2.67 %),948500,25962455000,1047500,28755340000,185761431,0.0
23/07/2024,631500,17534655000,27.45(0.55 %),974300,27048050000,342800,9513395000,185129931,0.0
24/07/2024,466100,12836225000,27.6(0.55 %),626800,17223910000,160700,4387685000,184663831,0.0
25/07/2024,203500,5604265000,27.7(0.36 %),209400,5766735000,5900,162470000,184460331,0.0
26/07/2024,-93600,-2587300000,27.95(0.90 %),324400,9026150000,418000,11613450000,184553931,0.0
29/07/2024,-382700,-10590505000,27.75(-0.72 %),261500,7270765000,644200,17861270000,184936631,0.0
30/07/2024,-382700,-10590505000,27.4(-1.26 %),261500,7270765000,644200,17861270000,185319331,0.0
31/07/2024,-132400,-3710155000,27.7(1.09 %),8100,224695000,140500,3934850000,185451731,0.0
01/08/2024,836700,23623305000,27.85(0.54 %),862100,24339725000,25400,716420000,185598247,0.0
02/08/2024,-411000,-11104860000,27.9(0.18 %),259000,7121535000,670000,18226395000,186009247,0.0
05/08/2024,198300,5133060000,25.95(-6.99 %),239900,6278290000,41600,1145230000,185810947,0.0
06/08/2024,278800,7418150000,26.35(1.54 %),818400,21426090000,539600,14007940000,185532147,0.0
07/08/2024,-77900,-1816300000,26.55(0.76 %),669500,17609680000,747400,19425980000,185610047,0.0
08/08/2024,-629700,-16465150000,26.15(-1.51 %),11700,305330000,641400,16770480000,186239747,0.0
09/08/2024,628700,16675675000,26.6(1.72 %),654000,17342465000,25300,666790000,185611047,0.0
12/08/2024,173900,4663145000,26.85(0.94 %),227300,6092550000,53400,1429405000,185437147,0.0
13/08/2024,-154400,-4129570000,26.75(-0.37 %),159500,4300810000,313900,8430380000,185591547,0.0
14/08/2024,-886400,-23360920000,26.7(-0.19 %),382200,10183330000,1268600,33544250000,186477947,0.0
15/08/2024,-59400,-1560830000,26.4(-1.12 %),153200,4029960000,212600,5590790000,186537347,0.0
16/08/2024,-231700,-6228630000,27.2(3.03 %),303100,8166315000,534800,14394945000,186769047,0.0
19/08/2024,-64400,-1753695000,27.4(0.74 %),219200,6017305000,283600,7771000000,186833447,0.0
20/08/2024,-943600,-25793050000,27.65(0.91 %),104000,2848980000,1047600,28642030000,187777047,0.0
21/08/2024,-943600,-26364360000,28(1.27 %),10500,293915000,954100,26658275000,188720647,0.0
22/08/2024,-1261600,-34950495000,27.8(-0.71 %),1200,33240000,1262800,34983735000,189982247,0.0
23/08/2024,-135400,-3750115000,27.9(0.36 %),6200,171770000,141600,3921885000,190117647,0.0
26/08/2024,-2072900,-57548875000,27.6(-1.08 %),400,11200000,2073300,57560075000,192190547,0.0
27/08/2024,-1149400,-31619885000,27.4(-0.72 %),18600,511340000,1168000,32131225000,193339947,0.0
28/08/2024,67000,1842340000,27.6(0.73 %),69800,1919250000,2800,76910000,193272947,0.0
29/08/2024,-649700,-17815905000,27.3(-1.09 %),13800,377970000,663500,18193875000,193922647,0.0
30/08/2024,-42800,-1150115000,27.45(0.55 %),275900,7564475000,318700,8714590000,193965447,0.0
04/09/2024,-702300,-18798250000,26.7(-2.73 %),42000,1131320000,744300,19929570000,192649161,0.0
05/09/2024,-780100,-20659770000,26.25(-1.69 %),23900,633685000,804000,21293455000,193429261,0.0
06/09/2024,963300,25553515000,26.6(1.33 %),991600,26301100000,28300,747585000,192465961,0.0
09/09/2024,351800,9454000000,26.8(0.75 %),756800,20297710000,405000,10843710000,192114161,0.0
10/09/2024,189000,5063895000,26.65(-0.56 %),623000,16644220000,434000,11580325000,191925161,0.0
11/09/2024,78700,2069550000,26.4(-0.94 %),158500,4165120000,79800,2095570000,191846461,0.0
12/09/2024,-96100,-2534505000,26.4(0.00 %),23900,630350000,120000,3164855000,191942561,0.0
13/09/2024,-1099100,-28669035000,26(-1.52 %),1000,26080000,1100100,28695115000,193041661,0.0
16/09/2024,36200,853615000,25.4(-2.31 %),220500,5595965000,184300,4742350000,193005461,0.0
17/09/2024,133600,3385605000,25.4(0.00 %),157200,3984075000,23600,598470000,192871861,0.0
18/09/2024,-221800,-5702225000,25.6(0.79 %),101200,2617730000,323000,8319955000,193093661,0.0
19/09/2024,-809600,-20821215000,25.75(0.59 %),600,15480000,810200,20836695000,193903261,0.0
20/09/2024,-47400,-1108035000,27.05(5.05 %),927200,24978405000,974600,26086440000,193950661,0.0
23/09/2024,-300500,-8121815000,26.85(-0.74 %),100,2705000,300600,8124520000,194251161,0.0
24/09/2024,-136200,-3753980000,27.55(2.61 %),164400,4460720000,300600,8214700000,194387361,0.0
25/09/2024,-721600,-19868865000,27.6(0.18 %),3900,107450000,725500,19976315000,195108961,0.0
26/09/2024,-243100,-6658860000,27.7(0.36 %),221000,6119750000,464100,12778610000,195352061,0.0
27/09/2024,-647300,-17678240000,27.25(-1.62 %),277000,7557780000,924300,25236020000,195999361,0.0
30/09/2024,883300,24432125000,27.7(1.65 %),1359400,37437165000,476100,13005040000,195116061,0.0
01/10/2024,-445400,-12271650000,27.4(-1.08 %),3100,85495000,448500,12357145000,195296726,0.0
02/10/2024,-48400,-1335260000,27.55(0.55 %),9700,268205000,58100,1603465000,195345126,0.0
03/10/2024,-168500,-4628155000,27.25(-1.09 %),163700,4456900000,332200,9085055000,195513626,0.0
04/10/2024,843400,23517180000,27.7(1.65 %),1103400,30761325000,260000,7244145000,194670226,0.0
07/10/2024,-5000,-132170000,27.95(0.90 %),93100,2596585000,98100,2728755000,194675226,0.0
08/10/2024,18900,507360000,28.05(0.36 %),112700,3151265000,93800,2643905000,194656326,0.0
09/10/2024,-1559500,-43029220000,27.7(-1.25 %),213600,5913910000,1773100,48943130000,196215826,0.0
10/10/2024,-857600,-23581730000,27.35(-1.26 %),4900,135370000,862500,23717100000,197073426,0.0
11/10/2024,-155600,-4246910000,27.55(0.73 %),230000,6336500000,385600,10583410000,197229026,0.0
14/10/2024,-386100,-10534430000,27.1(-1.63 %),33300,903700000,419400,11438130000,197615126,0.0
15/10/2024,-655600,-17493740000,26.6(-1.85 %),282100,7470445000,937700,24964185000,198270726,0.0
16/10/2024,7800,207140000,26.3(-1.13 %),12400,329580000,4600,122440000,198262926,0.0
17/10/2024,-192700,-4934770000,26.55(0.95 %),317300,8390720000,510000,13325490000,198455626,0.0
18/10/2024,-306300,-8077120000,26.25(-1.13 %),120200,3173800000,426500,11250920000,198761926,0.0
21/10/2024,-453900,-11801960000,25.8(-1.71 %),3300,85150000,457200,11887110000,199215826,0.0
22/10/2024,-33700,-869650000,25.6(-0.78 %),32900,842790000,66600,1712440000,199249526,0.0
23/10/2024,-322000,-8297090000,25.85(0.98 %),0,0,322000,8297090000,199571526,0.0
24/10/2024,-458200,-11937550000,25.9(0.19 %),26100,678600000,484300,12616150000,200029726,0.0
25/10/2024,-404100,-10424700000,25.65(-0.97 %),2000,51350000,406100,10476050000,200433826,0.0
28/10/2024,-114900,-2956575000,25.8(0.58 %),0,0,114900,2956575000,200548726,0.0
29/10/2024,-346600,-8943995000,25.75(-0.19 %),200,5155000,346800,8949150000,200895326,0.0
30/10/2024,-448600,-11535335000,25.6(-0.58 %),0,0,448600,11535335000,201343926,0.0
31/10/2024,-3800,-97760000,25.65(0.20 %),0,0,3800,97760000,201347726,0.0
01/11/2024,-486600,-12502655000,25.75(0.39 %),125700,3268070000,612300,15770725000,202741547,0.0
04/11/2024,-1580300,-40002870000,25.2(-2.14 %),100,2525000,1580400,40005395000,204321847,0.0
05/11/2024,-905900,-22812045000,25.15(-0.20 %),117200,2958550000,1023100,25770595000,205227747,0.0
06/11/2024,-985800,-24884790000,25.35(0.80 %),10000,253000000,995800,25137790000,206213547,0.0
07/11/2024,-316100,-8102385000,25.5(0.59 %),5600,143920000,321700,8246305000,206529647,0.0
08/11/2024,-1304600,-33427655000,25.5(0.00 %),11400,292410000,1316000,33720065000,207834247,0.0
11/11/2024,-22100,-563450000,25.35(-0.59 %),5100,129035000,27200,692485000,207856347,0.0
12/11/2024,-2646400,-65825330000,24.2(-4.54 %),68300,1701340000,2714700,67526670000,212879117,10.73
13/11/2024,-1314400,-30863890000,23.8(-1.65 %),277900,6590510000,1592300,37454400000,211817147,0.0
14/11/2024,-276900,-6523840000,23.2(-2.52 %),23300,548665000,300200,7072505000,212094047,0.0
15/11/2024,236800,5522175000,23.2(0.00 %),249400,5816145000,12600,293970000,211857247,0.0
18/11/2024,65000,1516130000,23.4(0.86 %),124800,2905445000,59800,1389315000,211792247,0.0
19/11/2024,-77900,-1825190000,23.1(-1.28 %),1200,27920000,79100,1853110000,211870147,0.0
20/11/2024,5800,241885000,23.2(0.43 %),187900,4401635000,182100,4159750000,211864347,0.0
21/11/2024,-89400,-2070970000,23.6(1.72 %),160200,3756775000,249600,5827745000,211953747,0.0
22/11/2024,-266600,-6317710000,23.55(-0.21 %),101500,2390550000,368100,8708260000,212220347,0.0
25/11/2024,249900,5963240000,23.9(1.49 %),288900,6890525000,39000,927285000,212502317,10.8
26/11/2024,-328100,-7802765000,23.85(-0.21 %),20600,485275000,348700,8288040000,212849817,10.74
27/11/2024,-80800,-1905360000,23.5(-1.47 %),40200,948740000,121000,2854100000,212848617,10.74
28/11/2024,43900,1038730000,23.6(0.43 %),69600,1650845000,25700,612115000,213127717,10.69
29/11/2024,-133400,-3138635000,23.7(0.42 %),103200,2445520000,236600,5584155000,213145517,10.68
02/12/2024,87500,2067660000,23.55(-0.63 %),148500,3501900000,61000,1434240000,213022717,10.71
03/12/2024,-92200,-2158080000,23.25(-1.27 %),9000,210540000,101200,2368620000,213250317,10.67
04/12/2024,-26100,-624740000,23.15(-0.43 %),180300,4198140000,206400,4822880000,213131017,10.69
05/12/2024,481700,11345205000,23.8(2.81 %),571900,13455235000,90200,2110030000,212660317,10.77
09/12/2024,-64600,-1554430000,24.1(0.42 %),100,2405000,64700,1556835000,212790617,10.75
10/12/2024,-298700,-7188175000,23.9(-0.83 %),4000,96565000,302700,7284740000,212821417,10.74
16/12/2024,-230500,-5494400000,23.9(1.27 %),90700,2162620000,321200,7657020000,213090593,10.69
17/12/2024,-1770600,-41594790000,23.45(-1.88 %),1000,23400000,1771600,41618190000,213225893,10.67
18/12/2024,16900,422440000,24.15(2.99 %),68000,1634140000,51100,1211700000,213479093,10.62
19/12/2024,-714200,-17220385000,24.2(0.21 %),429700,10359980000,1143900,27580365000,214821064,10.38
20/12/2024,-839100,-20087330000,23.9(-1.24 %),2300,55275000,841400,20142605000,214869864,10.37
24/12/2024,0,0,23.6(-0.42 %),0,0,0,0,216695969,10.05
25/12/2024,854300,20493950000,23.95(1.48 %),863800,20721005000,9500,227055000,215980501,10.18
26/12/2024,-107000,-2589280000,24.05(0.42 %),73100,1769840000,180100,4359120000,216279757,10.12
27/12/2024,566200,13609625000,24.1(0.21 %),626400,15056855000,60200,1447230000,215662857,10.23
30/12/2024,-366200,-8714500000,23.7(-1.66 %),100200,2374745000,466400,11089245000,215742757,10.22
31/12/2024,-322800,-7593470000,23.4(-1.27 %),500,11875000,323300,7605345000,215802457,10.21
02/01/2025,-380900,-8931435000,23.45(0.21 %),26900,630290000,407800,9561725000,216242040,10.13
03/01/2025,-507100,-11943760000,23.5(0.21 %),75500,1789650000,582600,13733410000,216489840,10.08
06/01/2025,-196100,-4613000000,22.95(-2.34 %),100,2330000,196200,4615330000,216897540,10.01
07/01/2025,-545500,-12433115000,22.15(-3.49 %),27100,614035000,572600,13047150000,216897540,10.01
08/01/2025,-1138300,-24987605000,22.15(0.00 %),103300,2264100000,1241600,27251705000,217545978,9.89
09/01/2025,-221900,-4941090000,22.15(0.00 %),3900,86775000,225800,5027865000,218114727,9.79
10/01/2025,74700,1664705000,22.15(0.00 %),774900,17353410000,700200,15688705000,218581427,9.71
13/01/2025,463100,10512790000,22.75(2.71 %),483500,10973130000,20400,460340000,218323791,9.75
14/01/2025,-824100,-18543780000,22.4(-1.54 %),10100,228495000,834200,18772275000,219013892,9.63
15/01/2025,-718500,-16052560000,22.4(0.00 %),55000,1222410000,773500,17274970000,218979292,9.64
16/01/2025,-741100,-16696780000,22.55(0.67 %),138800,3139495000,879900,19836275000,219720392,0.0
17/01/2025,575500,13310375000,23.3(3.33 %),659600,15227140000,84100,1916765000,219788592,9.49
20/01/2025,-10700,-246030000,23.45(0.64 %),130700,3066245000,141400,3312275000,220537792,9.36
21/01/2025,1338800,31523785000,23.5(0.21 %),1379300,32469105000,40500,945320000,219242542,9.59
22/01/2025,11200,237500000,23.15(-1.49 %),351400,8187400000,340200,7949900000,219032542,9.63
23/01/2025,545700,12859245000,23.55(1.73 %),619900,14595850000,74200,1736605000,218453210,9.73
24/01/2025,381500,9006875000,23.6(0.21 %),603300,14206820000,221800,5199945000,218190171,9.78
03/02/2025,-1374500,-31677265000,0(0.00 %),318600,7435840000,1693100,39113105000,217945771,9.82
04/02/2025,218900,5157795000,23.6(0.85 %),285000,6699310000,66100,1541515000,217882571,9.83
05/02/2025,211000,5073740000,23.65(0.21 %),389800,9326095000,178800,4252355000,219185885,9.6
06/02/2025,316100,7526470000,23.75(0.42 %),332300,7908850000,16200,382380000,218919691,9.65
07/02/2025,-3900,-100925000,23.65(-0.42 %),258300,6098295000,262200,6199220000,218840191,9.66
10/02/2025,-180500,-4221080000,23.4(-1.06 %),213400,5004465000,393900,9225545000,218642991,9.7
11/02/2025,-582100,-13535755000,23.25(-0.64 %),9700,226980000,591800,13762735000,218895553,9.65
12/02/2025,142900,3351730000,23.45(0.86 %),204700,4796920000,61800,1445190000,219084753,9.62
13/02/2025,31700,753055000,23.5(0.21 %),105900,2488060000,74200,1735005000,219570653,9.53
14/02/2025,1116600,26904745000,24.25(3.19 %),1702400,41155480000,585800,14250735000,217930053,9.82
17/02/2025,-225900,-5496495000,24.35(0.41 %),128500,3124750000,354400,8621245000,217875753,9.83
18/02/2025,224800,5481485000,24.4(0.21 %),274100,6690980000,49300,1209495000,218181453,9.78
19/02/2025,145100,3558670000,24.5(0.41 %),502000,12265400000,356900,8706730000,218033853,9.81
20/02/2025,-738700,-18143915000,24.35(-0.61 %),281600,6867180000,1020300,25011095000,217801544,9.85
21/02/2025,-195200,-4730755000,24.1(-1.03 %),4100,99165000,199300,4829920000,218154344,9.78
24/02/2025,89300,2141415000,24.6(2.07 %),170600,4128610000,81300,1987195000,219004044,9.63
25/02/2025,8000,201105000,24.6(0.00 %),65700,1624805000,57700,1423700000,219134644,9.61
26/02/2025,-473100,-11548470000,24.25(-1.42 %),29900,725100000,503000,12273570000,219186044,9.6
27/02/2025,-4000,-98555000,24.55(1.24 %),23200,559620000,27200,658175000,219220580,9.59
28/02/2025,294300,7359435000,24.75(0.81 %),614000,15343275000,319700,7983840000,219109580,9.61
03/03/2025,26400,653730000,24.6(-0.61 %),26400,653730000,0,0,219110380,9.61
04/03/2025,-15100,-370505000,24.35(-1.02 %),11600,282600000,26700,653105000,219418480,9.56
05/03/2025,-113500,-2753775000,23.85(-2.05 %),9500,229740000,123000,2983515000,219408980,9.56
06/03/2025,-1238200,-29283670000,23.7(-0.63 %),13700,324635000,1251900,29608305000,219421991,9.56
07/03/2025,-76400,-1825730000,23.7(0.00 %),18800,448205000,95200,2273935000,219526212,9.54
10/03/2025,-179900,-4293385000,23.85(0.63 %),16000,381540000,195900,4674925000,220762112,9.32
11/03/2025,-51500,-1210000000,23.65(-0.84 %),7200,171030000,58700,1381030000,220762112,9.32
12/03/2025,-408900,-9704050000,23.7(0.21 %),75900,1805430000,484800,11509480000,220970112,9.28
13/03/2025,-90808,-2147043400,23.5(-0.84 %),26500,627755000,117308,2774798400,221002636,9.27
14/03/2025,-700300,-16181540000,23.05(-1.91 %),12100,279000000,712400,16460540000,221476000,9.19
17/03/2025,-1135600,-26261775000,23.05(0.00 %),800,18520000,1136400,26280295000,221592508,9.17
18/03/2025,-856800,-19959640000,23.45(1.74 %),139800,3295220000,996600,23254860000,222165808,9.06
19/03/2025,-10900,-254665000,23.2(-1.07 %),2100,48885000,13000,303550000,223300408,8.86
20/03/2025,-197000,-4551985000,23.25(0.22 %),3100,72160000,200100,4624145000,224294235,8.68
21/03/2025,-303000,-7015595000,23.25(0.00 %),88000,2057525000,391000,9073120000,224219835,8.69
24/03/2025,-54300,-1237175000,22.8(-1.94 %),13800,315505000,68100,1552680000,224406570,8.66
25/03/2025,-110400,-2523265000,22.85(0.22 %),3400,77690000,113800,2600955000,224794498,8.59
26/03/2025,-294200,-6794385000,22.95(0.44 %),155200,3585105000,449400,10379490000,224707998,8.61
27/03/2025,-362600,-8284920000,22.8(-0.65 %),200,4570000,362800,8289490000,224821818,8.59
28/03/2025,-503900,-11447300000,22.5(-1.32 %),4800,109285000,508700,11556585000,225266898,8.51
31/03/2025,-746700,-16474510000,22(-2.22 %),16900,372890000,763600,16847400000,225612798,8.44
01/04/2025,-450200,-10018735000,22.2(0.91 %),300,6675000,450500,10025410000,226121798,8.35
02/04/2025,-300000,-6643330000,22.1(-0.45 %),1200,26610000,301200,6669940000,226885088,8.22
03/04/2025,-153700,-3184950000,20.6(-6.79 %),5300,109335000,159000,3294285000,227327318,8.14
04/04/2025,233600,4501840000,19.2(-6.80 %),340100,6547005000,106500,2045165000,227288618,8.14
08/04/2025,88300,1589580000,17.9(-6.77 %),90300,1625545000,2000,35965000,227357418,8.13
09/04/2025,-190700,-3168655000,16.65(-6.98 %),91900,1536635000,282600,4705290000,227371968,8.13
10/04/2025,-7900,-140620000,17.8(6.91 %),0,0,7900,140620000,227368268,8.13
11/04/2025,227900,3999190000,18(1.12 %),505300,8888220000,277400,4889030000,227145807,8.17
14/04/2025,-296300,-5387615000,18.9(5.00 %),182100,3356690000,478400,8744305000,226971607,8.2
15/04/2025,-129300,-2430615000,17.6(-6.88 %),99100,1778615000,228400,4209230000,227149916,8.17
16/04/2025,-163400,-3048800000,17.75(0.85 %),482200,8347910000,645600,11396710000,227146119,8.17
17/04/2025,65500,1149595000,17.8(0.28 %),414700,7274310000,349200,6124715000,226959842,8.2
18/04/2025,10300,221360000,17.95(0.84 %),267600,4867030000,257300,4645670000,227337911,8.13
21/04/2025,-176500,-3175465000,17.8(-0.84 %),137700,2465155000,314200,5640620000,227549361,8.1
22/04/2025,-817100,-14225310000,16.9(-5.06 %),210200,3564650000,1027300,17789960000,227596461,8.09
23/04/2025,362300,6305650000,17.5(3.55 %),647400,11243430000,285100,4937780000,227266261,8.15
24/04/2025,232400,4248840000,17.8(1.71 %),885600,15893480000,653200,11644640000,227407961,8.12
25/04/2025,64200,1198160000,17.75(-0.28 %),711700,12711790000,647500,11513630000,226981361,8.2
28/04/2025,-237700,-4233735000,17.75(0.00 %),340800,6105610000,578500,10339345000,227293767,8.14
29/04/2025,-359700,-6323645000,17.5(-1.41 %),178400,3122765000,538100,9446410000,227762867,8.06
05/05/2025,914700,9362510000,17.65(0.86 %),914700,15892080000,0,6529570000,227804770,8.05
06/05/2025,67900,1135180000,18.05(2.27 %),988800,17902040000,920900,16766860000,228274970,7.97
07/05/2025,-1334200,-24324745000,18.25(1.11 %),108600,2003510000,1442800,26328255000,228274970,7.97
08/05/2025,-307300,-5586025000,18.45(1.10 %),996500,18323130000,1303800,23909155000,228274970,7.97
09/05/2025,-601600,-11107315000,18.3(-0.81 %),74900,1378780000,676500,12486095000,229609160,7.73
12/05/2025,153200,2867615000,18.8(2.73 %),186600,3487035000,33400,619420000,229763260,7.7
13/05/2025,-696300,-13160135000,18.75(-0.27 %),400,7560000,696700,13167695000,230364959,7.59
14/05/2025,510800,9624150000,18.85(0.53 %),511100,9629805000,300,5655000,229854159,7.68
15/05/2025,442800,6006330000,18.95(0.53 %),442800,8317795000,0,2311465000,230230959,7.61
16/05/2025,244400,-350555800,18.7(-1.32 %),244400,4645210000,0,4995765800,230230959,7.61
19/05/2025,602200,1440819400,18.45(-1.34 %),602200,11228655000,0,9787835600,230154955,7.63
20/05/2025,361188,-5235008900,18.45(0.00 %),361188,6660756950,0,11895765850,230173859,7.62
21/05/2025,555100,-7605585000,18.35(-0.54 %),555100,10148500000,0,17754085000,230173859,7.62
22/05/2025,1523100,-414245000,18.1(-1.36 %),1523100,27525360000,0,27939605000,230458068,7.57
23/05/2025,-870000,-15692365000,18(-0.55 %),37000,667550000,907000,16359915000,230870568,7.5
26/05/2025,1519100,8642070900,18.55(3.06 %),1519100,27740515000,0,19098444100,230433880,7.58
27/05/2025,115100,2227995000,18.9(1.89 %),1249600,23358610000,1134500,21130615000,231188780,7.44
28/05/2025,373800,-53990605000,19.1(1.06 %),373800,7253900000,0,61244505000,231188780,7.44
29/05/2025,17000,-32714350000,18.8(-1.57 %),17000,321180000,0,33035530000,231188780,7.44
30/05/2025,3400,-54884755350,18.35(-2.39 %),3400,63180000,0,54947935350,233978680,6.94
02/06/2025,325300,-31101954500,19.15(4.36 %),325300,6086540000,0,37188494500,235700980,6.63
03/06/2025,531400,-44719045000,19.1(-0.26 %),531400,10239545000,0,54958590000,238666283,6.1
04/06/2025,3359700,46550465000,19.4(1.57 %),3359700,65422320000,0,18871855000,237942590,6.23
05/06/2025,74300,-10605100000,19.4(0.00 %),74300,1438315000,0,12043415000,240260890,5.81
06/06/2025,1077100,-19254688800,19.5(0.52 %),1077100,21334835000,0,40589523800,240260890,5.81
09/06/2025,107700,-55887931300,19.15(-1.79 %),107700,2073885000,0,57961816300,240811090,5.71
10/06/2025,138300,-29187780000,19(-0.78 %),138300,2637990000,0,31825770000,241786942,5.54
11/06/2025,-1552600,-29404160000,19(0.00 %),376400,7118605000,1929000,36522765000,244682433,5.02
12/06/2025,444700,8712540000,19.35(1.84 %),1738200,33996070000,1293500,25283530000,245762033,4.82
13/06/2025,2110700,42820910000,20.45(5.68 %),2345300,47586205000,234600,4765295000,245204001,4.92
16/06/2025,-2508200,-54302105000,21.85(6.85 %),155300,3361465000,2663500,57663570000,245204001,4.92
17/06/2025,-2850800,-60607165000,21.3(-2.52 %),236600,5021800000,3087400,65628965000,245204001,4.92
18/06/2025,-1379100,-29724015000,21.35(0.23 %),508400,10921770000,1887500,40645785000,247712151,4.47
19/06/2025,-818200,-17295290000,21.3(-0.23 %),83100,1755235000,901300,19050525000,250562951,3.96
20/06/2025,-129900,-2849490000,21.05(-1.17 %),648600,13659645000,778500,16509135000,251941996,3.71
23/06/2025,-432400,-9610185000,21.7(3.09 %),350200,7642285000,782600,17252470000,252760196,3.56
24/06/2025,-410700,-8380965000,20.45(-5.76 %),20000,410635000,430700,8791600000,252890005,3.54
25/06/2025,215200,4389390000,20.15(-1.47 %),331700,6760490000,116500,2371100000,253107245,3.5
26/06/2025,-79600,-1609580000,20(-0.74 %),36000,721095000,115600,2330675000,253517945,3.43
27/06/2025,-308600,-6152470000,19.8(-1.00 %),9100,180810000,317700,6333280000,253517945,3.43
30/06/2025,321000,6339815000,20.05(1.26 %),376600,7455670000,55600,1115855000,253276525,3.47
01/07/2025,35500,708720000,19.75(-1.50 %),60500,1211220000,25000,502500000,253549625,3.42
02/07/2025,36000,709910000,19.75(0.00 %),177000,3504085000,141000,2794175000,253513625,3.43
03/07/2025,-64500,-1299540000,19.9(0.76 %),100300,2002385000,164800,3301925000,253513625,3.43
04/07/2025,1391900,28013980000,20.15(1.26 %),1505400,30298605000,113500,2284625000,252121725,3.68
07/07/2025,-783800,-15730160000,20(-0.74 %),18300,366255000,802100,16096415000,252186175,3.67
08/07/2025,193100,3912050000,20.35(1.75 %),256500,5194515000,63400,1282465000,251993075,3.7
09/07/2025,-162400,-3328050000,20.4(0.25 %),5600,114505000,168000,3442555000,252776575,3.56
10/07/2025,857800,17542325000,20.7(1.47 %),1036200,21196835000,178400,3654510000,252776575,3.56
11/07/2025,147600,2991005000,20.4(-1.45 %),367500,7510070000,219900,4519065000,251933450,3.71
14/07/2025,51700,1052005000,20.5(0.49 %),114100,2333635000,62400,1281630000,251881750,3.72
15/07/2025,152500,3084565000,20.4(-0.49 %),560100,11508815000,407600,8424250000,251729250,3.75
16/07/2025,-251600,-5131355000,20.4(0.00 %),15300,312250000,266900,5443605000,251729250,3.75
17/07/2025,381700,7837875000,20.4(0.00 %),733200,15056860000,351500,7218985000,251729250,3.75
18/07/2025,1508000,31085305000,20.85(2.21 %),1934500,40036230000,426500,8950925000,250089702,4.04
21/07/2025,-461500,-9687720000,20.6(-1.20 %),5400,112275000,466900,9799995000,250088502,4.04
22/07/2025,-561500,-11543295000,20.5(-0.49 %),15800,324610000,577300,11867905000,250088502,4.04
23/07/2025,233300,4756155000,20.9(1.95 %),759400,15740095000,526100,10983940000,250316744,4.0
24/07/2025,-809200,-17094240000,21.25(1.67 %),239000,5066780000,1048200,22161020000,250888339,3.9
25/07/2025,-573800,-12300525000,21.1(-0.71 %),2700,57250000,576500,12357775000,250888339,3.9
28/07/2025,1094700,23323805000,21.45(1.66 %),1145000,24394750000,50300,1070945000,250602539,3.95
29/07/2025,1513100,32730505000,21.2(-1.17 %),2658500,57887265000,1145400,25156760000,249662353,4.12
30/07/2025,4000,74225000,21.15(-0.24 %),93000,1980185000,89000,1905960000,249658436,4.12
31/07/2025,-527600,-11256050000,21.15(0.00 %),154600,3290125000,682200,14546175000,249658436,4.12
01/08/2025,-951800,-20313850000,21.3(0.71 %),215200,4623490000,1167000,24937340000,249658436,4.12
04/08/2025,-949800,-20085750000,21.1(-0.94 %),10200,214455000,960000,20300205000,250186036,4.03
05/08/2025,694500,14816980000,20.95(-0.71 %),1304700,27658165000,610200,12841185000,250443415,3.98
06/08/2025,-21200,-437985000,21.5(2.63 %),1088700,23197045000,1109900,23635030000,251393261,3.81
07/08/2025,-287700,-6169620000,21.5(0.00 %),33100,717855000,320800,6887475000,251392361,3.81
08/08/2025,3337300,74068265000,23(6.98 %),4125900,91750475000,788600,17682210000,248076311,4.41
11/08/2025,-1183600,-27597185000,23(0.00 %),442300,10395880000,1625900,37993065000,248362811,4.35
12/08/2025,662800,15134260000,23(0.00 %),853300,19535045000,190500,4400785000,247699329,4.47
13/08/2025,-1813000,-41101250000,22.75(-1.09 %),835400,18820715000,2648400,59921965000,248882961,4.26
14/08/2025,86200,1935930000,22.9(0.66 %),672200,15233290000,586000,13297360000,248796761,4.28
15/08/2025,177000,3881295000,22.75(-0.66 %),1177300,27212350000,1000300,23331055000,250432742,3.98
18/08/2025,-475800,-10955505000,22.85(0.44 %),199200,4585600000,675000,15541105000,250432742,3.98
19/08/2025,329900,7663450000,22.95(0.44 %),601800,14008060000,271900,6344610000,250102842,4.04
20/08/2025,-891300,-20438710000,22.2(-3.27 %),659900,14642775000,1551200,35081485000,250577742,3.96
21/08/2025,-448800,-9942695000,21.85(-1.58 %),244300,5383275000,693100,15325970000,250576542,3.96
22/08/2025,-174000,-3867665000,21.25(-2.75 %),455100,9801125000,629100,13668790000,250576542,3.96
25/08/2025,-151800,-3222200000,20.75(-2.35 %),213500,4530345000,365300,7752545000,251467842,3.8
26/08/2025,88000,1859955000,0(-100.00 %),150600,3183630000,62600,1323675000,251916595,3.72
