Ngay,KLGDRong,GTDGRong,ThayDoi,KLMua,GtMua,KLBan,GtBan,RoomConLai,DangSoHuu
14/07/2014,960,77760000,0(0.00 %),960,77760000,0,0,4570987,41.71
15/07/2014,2550,221850000,0(0.00 %),2550,221850000,0,0,4568437,41.72
16/07/2014,3490,324570000,0(0.00 %),3490,324570000,0,0,4564947,0.0
17/07/2014,84660,8423670000,0(0.00 %),84660,8423670000,0,0,4480287,41.86
18/07/2014,98070,10395420000,0(0.00 %),98070,10395420000,0,0,4480287,41.86
21/07/2014,87330,9624510000,0(0.00 %),89880,9912660000,2550,288150000,4292337,0.0
22/07/2014,552170,59622680000,0(0.00 %),552170,59622680000,0,0,3740167,0.0
23/07/2014,19110,2089330000,0(0.00 %),19110,2089330000,0,0,3721057,0.0
24/07/2014,24700,2667800000,108(-0.92 %),24700,2667800000,0,0,3696357,0.0
25/07/2014,70240,7597920000,108(0.00 %),70240,7597920000,0,0,3628667,0.0
28/07/2014,87670,9468360000,108(0.00 %),87670,9468360000,0,0,3540997,0.0
29/07/2014,18140,1905000000,106(-1.85 %),18140,1905000000,0,0,3522857,0.0
30/07/2014,15070,1584650000,106(0.00 %),15070,1584650000,0,0,3507787,0.0
31/07/2014,21760,2227950000,103(-2.83 %),21760,2227950000,0,0,3486027,0.0
01/08/2014,21930,2286770000,103(0.00 %),21930,2286770000,0,0,3464097,0.0
04/08/2014,11300,1163900000,103(0.00 %),13300,1369900000,2000,206000000,3450797,0.0
05/08/2014,18090,1897660000,104(0.97 %),18090,1897660000,0,0,3432707,0.0
06/08/2014,13390,1402340000,107(2.88 %),13390,1402340000,0,0,3432707,43.53
07/08/2014,7180,760810000,107(0.00 %),7450,789700000,270,28890000,3425527,43.54
08/08/2014,2150,227930000,107(0.00 %),2150,227930000,0,0,3411717,0.0
11/08/2014,154490,17376350000,114(6.54 %),154490,17376350000,0,0,3257227,0.0
12/08/2014,38960,4526810000,118(3.51 %),38960,4526810000,0,0,3218267,0.0
13/08/2014,106220,12720480000,124(5.08 %),106220,12720480000,0,0,3112317,0.0
14/08/2014,63220,8152890000,132(6.45 %),66550,8589120000,3330,436230000,3112317,44.04
15/08/2014,52470,7368560000,141(6.82 %),52970,7439060000,500,70500000,3045767,44.14
18/08/2014,2090,305190000,149(5.67 %),2090,305190000,0,0,2990707,0.0
19/08/2014,-4010,-573130000,139(-6.71 %),210,29990000,4220,603120000,2990497,0.0
20/08/2014,12900,1745910000,139(0.00 %),12900,1745910000,0,0,2980927,0.0
21/08/2014,28620,3947570000,135(-2.88 %),51130,7061650000,22510,3114080000,2930297,0.0
22/08/2014,28860,4011590000,141(4.44 %),28860,4011590000,0,0,2930297,44.33
25/08/2014,51030,7350200000,144(2.13 %),51230,7378800000,200,28600000,2905657,44.37
26/08/2014,-20640,-2784960000,134(-6.94 %),920,127680000,21560,2912640000,2854427,44.45
27/08/2014,7480,1025010000,137(2.24 %),27480,3825010000,20000,2800000000,2876017,44.41
28/08/2014,510,68850000,137(0.00 %),510,68850000,0,0,2868537,44.43
29/08/2014,3500,471300000,135(-1.46 %),3500,471300000,0,0,2864727,0.0
03/09/2014,11860,1602560000,135(0.00 %),11860,1602560000,0,0,2886287,44.4
04/09/2014,-950,-126000000,132(-2.22 %),400,52200000,1350,178200000,2874027,0.0
05/09/2014,20650,2789910000,136(3.03 %),20650,2789910000,0,0,2853377,0.0
08/09/2014,137050,19293530000,145(6.62 %),137050,19293530000,0,0,2853377,44.45
09/09/2014,30970,4754110000,149(2.76 %),37280,5685160000,6310,931050000,2716327,44.67
10/09/2014,13920,2092920000,152(2.01 %),13920,2092920000,0,0,2666477,0.0
11/09/2014,3780,569560000,152(0.00 %),4000,602560000,220,33000000,2662477,0.0
12/09/2014,40140,6027440000,151(-0.66 %),40140,6027440000,0,0,2622337,0.0
15/09/2014,12710,1924860000,152(0.66 %),12710,1924860000,0,0,2628647,44.81
16/09/2014,63910,9623860000,152(0.00 %),63910,9623860000,0,0,2552027,0.0
17/09/2014,1860,283440000,152(0.00 %),1860,283440000,0,0,2550387,0.0
18/09/2014,5340,812650000,154(1.32 %),36140,5523240000,30800,4710590000,2544247,0.0
19/09/2014,2110,334660000,164(6.49 %),2110,334660000,0,0,2542137,0.0
22/09/2014,1100,191500000,175(6.71 %),1400,244000000,300,52500000,2540737,0.0
23/09/2014,-4750,-836470000,174(-0.57 %),0,0,4750,836470000,2540737,0.0
24/09/2014,-240,-38920000,173(-0.57 %),3000,534000000,3240,572920000,2540977,44.95
25/09/2014,-20120,-3277650000,161(-6.94 %),100,16100000,20220,3293750000,2561097,44.92
26/09/2014,-6830,-1098590000,167(3.73 %),160330,26480600000,167160,27579190000,2567927,44.91
29/09/2014,-4320,-725760000,168(0.60 %),630,105840000,4950,831600000,2532527,0.0
30/09/2014,-4660,-769370000,169(0.60 %),4560,753600000,9220,1522970000,2531207,0.0
01/10/2014,13070,2219020000,170(0.59 %),13070,2219020000,0,0,2538357,0.0
02/10/2014,40530,6945280000,172(1.18 %),41080,7038390000,550,93110000,2514437,0.0
03/10/2014,-820,-145930000,175(1.74 %),143050,25037690000,143870,25183620000,2506337,0.0
06/10/2014,2850,501560000,175(0.00 %),60650,10616560000,57800,10115000000,2512697,0.0
07/10/2014,-2950,-513300000,175(0.00 %),50,8700000,3000,522000000,2512647,0.0
08/10/2014,-95780,-10431190000,110(-37.14 %),9030,992600000,104810,11423790000,2504167,0.0
09/10/2014,-199510,-23323670000,117(6.36 %),3750,438750000,203260,23762420000,2514287,0.0
10/10/2014,-10070,-1184030000,117(0.00 %),100,11600000,10170,1195630000,2514197,0.0
13/10/2014,40,4600000,112(-4.27 %),40,4600000,0,0,2514157,44.99
14/10/2014,24810,2778480000,112(0.00 %),24810,2778480000,0,0,2489347,45.03
15/10/2014,81390,9140280000,113(0.89 %),81590,9162880000,200,22600000,2407957,45.16
16/10/2014,-1230,-136760000,107(-5.31 %),20000,2170000000,21230,2306760000,2409187,45.16
17/10/2014,-23620,-2535980000,109(1.87 %),9380,1013740000,33000,3549720000,2432807,45.12
20/10/2014,850,94350000,108(-0.92 %),60850,6754350000,60000,6660000000,2431957,45.12
21/10/2014,200,21600000,108(0.00 %),200,21600000,0,0,2431757,45.12
22/10/2014,6820,732590000,107(-0.93 %),6820,732590000,0,0,2424937,45.13
23/10/2014,-7240,-765780000,105(-1.87 %),0,0,7240,765780000,2432177,45.12
24/10/2014,150,15880000,108(2.86 %),150,15880000,0,0,2432027,45.12
27/10/2014,4000,444770000,109(0.93 %),4000,444770000,0,0,2428027,45.13
29/10/2014,1250,133550000,105(-0.94 %),1250,133550000,0,0,2745117,44.62
30/10/2014,57000,6043430000,107(1.90 %),57000,6043430000,0,0,2688117,44.71
31/10/2014,8610,920650000,106(-0.93 %),8610,920650000,0,0,2679507,44.73
03/11/2014,1910,198850000,103(-2.83 %),2210,230050000,300,31200000,2700357,44.69
04/11/2014,70330,7224490000,103(0.00 %),73630,7564090000,3300,339600000,4393989,44.88
05/11/2014,-50,-5050000,100(-2.91 %),0,0,50,5050000,4393989,44.88
06/11/2014,145140,14487345000,97(-3.00 %),153740,15347945000,8600,860600000,4240249,45.02
07/11/2014,146510,14776815000,103(6.19 %),146510,14776815000,0,0,4094039,45.16
10/11/2014,50450,5146000000,102(-0.97 %),3249304,357019000000,3198854,351873000000,2285977,46.86
11/11/2014,62910,6373460000,102(0.00 %),219610,21261760000,156700,14888300000,2223067,46.92
12/11/2014,61390,6200390000,101(-0.98 %),62060,6268060000,670,67670000,2161677,46.97
13/11/2014,39520,3991530000,101(0.00 %),46020,4648030000,6500,656500000,2122157,47.01
14/11/2014,83230,8480140000,102(0.99 %),83230,8480140000,0,0,2038927,47.09
17/11/2014,500,50000000,101(-0.98 %),500,50000000,0,0,2038427,47.09
18/11/2014,-3110,-307880000,99(-1.98 %),290,28720000,3400,336600000,2041537,47.09
19/11/2014,940,93020000,98(-1.01 %),940,93020000,0,0,2040597,47.09
20/11/2014,70,6860000,98(0.00 %),100,9800000,30,2940000,3806659,0.0
21/11/2014,3270,319890000,98(0.00 %),3270,319890000,0,0,3803389,0.0
24/11/2014,-900,-86850000,95(-3.06 %),100,9650000,1000,96500000,3806689,0.0
25/11/2014,1200,112800000,93(-2.11 %),1200,112800000,0,0,3805489,0.0
26/11/2014,23500,2175300000,92(-1.08 %),23500,2175300000,0,0,3782019,0.0
27/11/2014,9000,816500000,91(-1.09 %),10000,907500000,1000,91000000,3772019,0.0
28/11/2014,13980,1269180000,89(-2.20 %),14980,1358180000,1000,89000000,3758039,0.0
01/12/2014,4860,440070000,85(-4.49 %),35380,3025750000,30520,2585680000,3722659,0.0
02/12/2014,32680,2931940000,90.5(6.47 %),32720,2935560000,40,3620000,3689939,0.0
03/12/2014,12480,1198160000,96.5(6.63 %),114580,11050810000,102100,9852650000,3576359,0.0
04/12/2014,78200,7860000000,100(3.63 %),203600,20410300000,125400,12550300000,3373759,0.0
05/12/2014,57120,5660900000,99.5(-0.50 %),57220,5670600000,100,9700000,3347059,0.0
08/12/2014,32400,3228810000,99.5(0.00 %),127230,12669310000,94830,9440500000,3219869,0.0
09/12/2014,70520,7008280000,99(-0.50 %),178850,17785780000,108330,10777500000,3143119,0.0
10/12/2014,11510,1119730000,98.5(-0.51 %),12510,1215730000,1000,96000000,3256009,0.0
11/12/2014,32540,3228550000,99.5(1.02 %),163540,16257550000,131000,13029000000,3092569,0.0
12/12/2014,53760,5365760000,100(0.50 %),208760,20815760000,155000,15450000000,3038809,46.15
15/12/2014,83350,8403550000,100(0.00 %),146130,14709330000,62780,6305780000,2990839,0.0
16/12/2014,21800,2185000000,100(0.00 %),23300,2335000000,1500,150000000,2968539,0.0
17/12/2014,-297750,-32083000000,100(0.00 %),87250,8727000000,385000,40810000000,3012289,0.0
18/12/2014,33300,3296700000,99(-1.00 %),33300,3296700000,0,0,3083989,0.0
19/12/2014,198750,19343730000,102(3.03 %),313750,31418730000,115000,12075000000,2833019,0.0
22/12/2014,419950,40332250000,102(0.00 %),419950,40332250000,0,0,2413069,46.74
23/12/2014,80240,8246910000,104(1.96 %),80240,8246910000,0,0,2719329,0.0
24/12/2014,319420,35081560000,109(4.81 %),319440,35083760000,20,2200000,2399889,0.0
25/12/2014,-3600,-382500000,105(-3.67 %),1200,126300000,4800,508800000,2513689,0.0
26/12/2014,136100,13515700000,106(0.95 %),137200,13631200000,1100,115500000,2377589,46.77
29/12/2014,21240,2233800000,106(0.00 %),21240,2233800000,0,0,2356349,46.79
30/12/2014,16980,1800280000,108(1.89 %),19010,2019520000,2030,219240000,2339369,46.81
31/12/2014,23770,2585910000,109(0.93 %),24270,2639910000,500,54000000,2315599,46.83
05/01/2015,6770,733220000,108(-0.92 %),6770,733220000,0,0,4923367,46.83
06/01/2015,28000,3000100000,108(0.00 %),28000,3000100000,0,0,4895367,46.86
07/01/2015,0,0,106(-1.85 %),0,0,0,0,4895367,46.86
08/01/2015,24990,2687970000,107(0.94 %),24990,2687970000,0,0,4870377,46.88
09/01/2015,35350,3810790000,109(1.87 %),35350,3810790000,0,0,4835027,46.92
12/01/2015,76080,8311680000,110(0.92 %),76080,8311680000,0,0,4758947,46.99
13/01/2015,898150,102595930000,115(4.55 %),903550,103195330000,5400,599400000,3860797,47.83
14/01/2015,151860,17729490000,119(3.48 %),934860,111689490000,783000,93960000000,3708937,47.97
15/01/2015,19690,2363000000,120(0.84 %),596890,71626800000,577200,69263800000,3689247,47.99
16/01/2015,96940,11435240000,116(-3.33 %),178190,21182740000,81250,9747500000,3592307,48.08
19/01/2015,121370,14276200000,118(1.72 %),121370,14276200000,0,0,3470937,48.19
20/01/2015,118820,14210340000,120(1.69 %),467700,56075940000,348880,41865600000,3352117,48.31
21/01/2015,74990,9010100000,120(0.00 %),105020,12613700000,30030,3603600000,3277127,48.38
22/01/2015,41950,5027260000,119(-0.83 %),143000,17153260000,101050,12126000000,3235177,48.42
23/01/2015,76380,9116410000,120(0.84 %),305380,36596410000,229000,27480000000,3158797,48.49
26/01/2015,57540,6892340000,118(-1.67 %),153580,18417140000,96040,11524800000,3101257,48.54
27/01/2015,64640,7686360000,119(0.85 %),66640,7922360000,2000,236000000,3036617,46.29
28/01/2015,114340,13686180000,122(2.52 %),114340,13686180000,0,0,2922277,46.39
29/01/2015,89590,10972680000,125(2.46 %),90190,11047680000,600,75000000,2832687,46.47
30/01/2015,227360,28420170000,124(-0.80 %),227410,28426420000,50,6250000,2605327,46.67
02/02/2015,43320,5208790000,120(-3.23 %),43320,5208790000,0,0,2563887,46.71
03/02/2015,18480,2217520000,120(0.00 %),21180,2541520000,2700,324000000,2545407,46.73
04/02/2015,87040,10728280000,123(2.50 %),87540,10790280000,500,62000000,2458367,46.8
05/02/2015,86080,10781740000,126(2.44 %),108540,13552970000,22460,2771230000,2372287,46.88
06/02/2015,82070,10428370000,127(0.79 %),82070,10428370000,0,0,2290217,46.95
09/02/2015,85600,11066160000,129(1.57 %),110380,14248000000,24780,3181840000,2204617,47.03
10/02/2015,96200,12404390000,128(-0.78 %),98150,12653990000,1950,249600000,2108417,47.12
11/02/2015,249260,32166750000,130(1.56 %),249260,32166750000,0,0,1859157,47.34
12/02/2015,43340,5623440000,130(0.00 %),43340,5623440000,0,0,1815817,47.38
13/02/2015,8350,1081650000,130(0.00 %),8350,1081650000,0,0,1807467,47.39
24/02/2015,269150,36880530000,139(6.92 %),270920,37118980000,1770,238450000,1538317,47.63
25/02/2015,38560,5549300000,141(1.44 %),39000,5613500000,440,64200000,1499757,47.66
26/02/2015,86590,12333620000,142(0.71 %),88740,12634770000,2150,301150000,1413167,47.74
27/02/2015,38240,5212680000,134(-5.63 %),239240,33310680000,201000,28098000000,1374927,47.77
02/03/2015,246680,31159420000,128(-4.48 %),246830,31178470000,150,19050000,1119157,48.0
03/03/2015,97150,12579350000,128(0.00 %),117950,15270150000,20800,2690800000,1022007,48.09
04/03/2015,77800,9988010000,129(0.78 %),77800,9988010000,0,0,944207,48.16
05/03/2015,907880,114396830000,126(-2.33 %),913890,115161090000,6010,764260000,36327,48.97
06/03/2015,-15460,-1900030000,123(-2.38 %),53720,6613700000,69180,8513730000,51787,48.95
09/03/2015,-23990,-2927430000,123(0.00 %),4100,524410000,28090,3451840000,75777,48.93
10/03/2015,-28400,-3387210000,117(-4.88 %),26600,3268200000,55000,6655410000,104177,48.91
11/03/2015,7480,870060000,114(-2.56 %),186640,21632360000,179160,20762300000,96697,48.91
12/03/2015,19180,2265920000,119(4.39 %),59180,7005920000,40000,4740000000,77517,48.93
13/03/2015,28090,3485600000,119(0.00 %),48090,5885600000,20000,2400000000,49427,48.96
16/03/2015,22000,2623200000,117(-1.68 %),52000,6165200000,30000,3542000000,27427,48.98
17/03/2015,29150,3468850000,118(0.85 %),49160,5870040000,20010,2401190000,0,49.0
18/03/2015,0,0,118(0.00 %),319060,38287200000,319060,38287200000,7,49.0
19/03/2015,-210,-24570000,117(-0.85 %),35000,4200000000,35210,4224570000,217,49.0
20/03/2015,8000,952000000,117(0.00 %),8000,952000000,0,0,0,49.01
23/03/2015,0,0,115(-1.71 %),0,0,0,0,27,49.0
24/03/2015,-310,-35540000,114(-0.87 %),20,2300000,330,37840000,337,49.0
25/03/2015,-310,-35540000,113(-0.88 %),20,2300000,330,37840000,647,49.0
26/03/2015,0,0,110(-2.65 %),0,0,0,0,647,49.0
27/03/2015,0,0,107(-2.73 %),159000,18285000000,159000,18285000000,647,49.0
30/03/2015,330,36000000,107(0.00 %),330,36000000,0,0,317,49.0
31/03/2015,0,0,107(0.00 %),46500,5301000000,46500,5301000000,317,49.0
01/04/2015,0,0,108(0.93 %),0,0,0,0,7,49.0
02/04/2015,0,0,107(-0.93 %),0,0,0,0,7,49.0
03/04/2015,-1500,-159500000,107(0.00 %),0,0,1500,159500000,1507,49.0
06/04/2015,0,0,105(-1.87 %),0,0,0,0,1507,49.0
07/04/2015,-500,-52500000,108(2.86 %),0,0,500,52500000,2007,49.0
08/04/2015,0,0,108(0.00 %),0,0,0,0,2007,49.0
09/04/2015,1500,162000000,107(-0.93 %),1500,162000000,0,0,507,49.0
10/04/2015,-500,-53500000,107(0.00 %),0,0,500,53500000,1007,49.0
13/04/2015,500,54000000,108(0.93 %),500,54000000,0,0,507,49.0
14/04/2015,-2000,-212000000,108(0.00 %),0,0,2000,212000000,2507,49.0
15/04/2015,0,0,107(-0.93 %),20000,2300000000,20000,2300000000,2507,49.0
16/04/2015,500,54000000,107(0.00 %),83620,9529680000,83120,9475680000,2007,49.0
17/04/2015,-890,-95230000,107(0.00 %),0,0,890,95230000,2897,49.0
20/04/2015,320,35500000,105(-1.87 %),1720,183900000,1400,148400000,2577,49.0
21/04/2015,280,29400000,105(0.00 %),280,29400000,0,0,2297,49.0
22/04/2015,0,0,104(-0.95 %),0,0,0,0,2297,49.0
23/04/2015,890,93940000,104(0.00 %),890,93940000,0,0,1407,49.0
24/04/2015,1400,148400000,109(4.81 %),59750,6625250000,58350,6476850000,7,49.0
27/04/2015,0,0,109(0.00 %),0,0,0,0,7,49.0
04/05/2015,-1780,-195800000,108(-0.92 %),0,0,1780,195800000,7,49.0
05/05/2015,0,0,107(-0.93 %),0,0,0,0,7,49.0
06/05/2015,0,0,105(-1.87 %),20000,2280000000,20000,2280000000,7,49.0
07/05/2015,0,0,106(0.95 %),144650,16077150000,144650,16077150000,7,49.0
08/05/2015,0,0,107(0.94 %),0,0,0,0,1787,49.0
11/05/2015,1780,190460000,105(-1.87 %),40780,4363460000,39000,4173000000,7,49.0
12/05/2015,-14510,-1454510000,102(-2.86 %),0,0,14510,1454510000,7,49.0
13/05/2015,-30220,-2475420000,81(-0.74 %),0,0,30220,2475420000,7,49.0
14/05/2015,-54450,-4123665000,75.5(-6.79 %),113160,8581080000,167610,12704745000,7,49.0
15/05/2015,-20,-1420000,70.5(-6.62 %),125708,9142414000,125728,9143834000,7,49.0
18/05/2015,11530,815365000,75(6.38 %),64740,4806115000,53210,3990750000,2987,49.0
19/05/2015,1100,85950000,80(6.67 %),1100,85950000,0,0,32107,48.97
20/05/2015,56550,4803640000,84.5(5.62 %),86550,7343640000,30000,2540000000,7,49.0
21/05/2015,-1030,-85510000,80.5(-4.73 %),0,0,1030,85510000,27,49.0
22/05/2015,-15690,-1234260000,80(-0.62 %),20,1610000,15710,1235870000,7,49.0
25/05/2015,0,0,77.5(-3.12 %),0,0,0,0,7,49.0
26/05/2015,30000,2400000000,80(3.23 %),30000,2400000000,0,0,7,49.0
27/05/2015,1030,82400000,79.5(-0.62 %),1030,82400000,0,0,7,49.0
28/05/2015,15710,1264655000,79(-0.63 %),15710,1264655000,0,0,7,49.0
29/05/2015,0,0,78(-1.27 %),0,0,0,0,7,49.0
01/06/2015,0,0,77(-1.28 %),0,0,0,0,7,49.0
02/06/2015,0,0,76(-1.30 %),0,0,0,0,7,49.0
03/06/2015,-6100,-455675000,74.5(-1.97 %),58460,4735260000,64560,5190935000,7,49.0
04/06/2015,0,0,75(0.67 %),0,0,0,0,7,49.0
05/06/2015,-2000,-151000000,77(2.67 %),0,0,2000,151000000,7,49.0
08/06/2015,0,0,76.5(-0.65 %),0,0,0,0,7,49.0
09/06/2015,6100,472750000,76.5(0.00 %),66100,5362750000,60000,4890000000,7,49.0
10/06/2015,-500,-37500000,75(-1.96 %),25000,2037500000,25500,2075000000,7,49.0
11/06/2015,2000,149000000,75(0.00 %),2000,149000000,0,0,7,49.0
12/06/2015,-500,-37500000,75(0.00 %),0,0,500,37500000,7,49.0
15/06/2015,0,0,74(-1.33 %),0,0,0,0,0,49.0
16/06/2015,-460,-34270000,74(0.00 %),0,0,460,34270000,0,49.0
17/06/2015,0,0,73(-1.35 %),0,0,0,0,0,49.0
18/06/2015,-150,-11025000,73(0.00 %),0,0,150,11025000,0,49.0
19/06/2015,0,0,72.5(-0.68 %),0,0,0,0,0,49.0
22/06/2015,-370,-26640000,72(-0.69 %),79546,6164815000,79916,6191455000,0,49.0
23/06/2015,-12180,-861155000,70(-2.78 %),0,0,12180,861155000,0,49.0
24/06/2015,-15960,-1149120000,74.5(6.43 %),0,0,15960,1149120000,0,49.0
25/06/2015,0,0,73.5(-1.34 %),0,0,0,0,0,49.0
26/06/2015,0,0,75(2.04 %),0,0,0,0,0,49.0
29/06/2015,0,0,73.5(-2.00 %),20000,1600000000,20000,1600000000,0,49.0
30/06/2015,13190,969465000,73.5(0.00 %),13200,970200000,10,735000,1,49.0
01/07/2015,0,0,73.5(0.00 %),0,0,0,0,1,49.0
02/07/2015,0,0,73.5(0.00 %),0,0,0,0,1,49.0
03/07/2015,0,0,74(0.68 %),0,0,0,0,1,49.0
06/07/2015,10,745000,74(0.00 %),10,745000,0,0,1,49.0
07/07/2015,-130,-9685000,74(0.00 %),0,0,130,9685000,1,49.0
08/07/2015,-180,-13320000,74.5(0.68 %),0,0,180,13320000,1,49.0
09/07/2015,0,0,74.5(0.00 %),0,0,0,0,1,49.0
10/07/2015,-3260,-240860000,74.5(0.00 %),0,0,3260,240860000,1,49.0
13/07/2015,130,9685000,73(-2.01 %),130,9685000,0,0,1,49.0
14/07/2015,180,13140000,73.5(0.68 %),180,13140000,0,0,1,49.0
15/07/2015,0,0,73(-0.68 %),0,0,0,0,1,49.0
16/07/2015,2010,147735000,73.5(0.68 %),3260,239610000,1250,91875000,1121,49.0
17/07/2015,0,0,73(-0.68 %),0,0,0,0,1121,49.0
20/07/2015,-6110,-441520000,73(0.00 %),0,0,6110,441520000,7231,48.99
21/07/2015,0,0,71.5(-2.05 %),0,0,0,0,7231,48.99
22/07/2015,1250,89375000,71(-0.70 %),1250,89375000,0,0,5981,49.0
23/07/2015,0,0,71(0.00 %),20000,1510000000,20000,1510000000,5981,49.0
24/07/2015,6110,442975000,75(5.63 %),6110,442975000,0,0,0,49.0
27/07/2015,-1900,-139650000,74(-1.33 %),131402,10512160000,133302,10651810000,1,49.0
28/07/2015,0,0,73.5(-0.68 %),0,0,0,0,1,49.0
29/07/2015,-4610,-335440000,72.5(-1.36 %),0,0,4610,335440000,4611,49.0
30/07/2015,0,0,72.5(0.00 %),0,0,0,0,4611,49.0
31/07/2015,-600,-43200000,71.5(-1.38 %),1900,136800000,2500,180000000,5211,49.0
03/08/2015,0,0,71.5(0.00 %),0,0,0,0,1,49.0
04/08/2015,-3780,-268160000,71(-0.70 %),4610,331920000,8390,600080000,3781,49.0
05/08/2015,0,0,72(1.41 %),100000,7550000000,100000,7550000000,3781,49.0
06/08/2015,2250,160870000,71.5(-0.69 %),215000,14416250000,212750,14255380000,1531,49.0
07/08/2015,0,0,71(-0.70 %),0,0,0,0,1531,49.0
10/08/2015,8390,602420000,72(1.41 %),45890,3433670000,37500,2831250000,0,49.0
11/08/2015,-10,-720000,72(0.00 %),0,0,10,720000,1,49.0
12/08/2015,250,18000000,71(-1.39 %),250,18000000,0,0,0,49.0
13/08/2015,0,0,71(0.00 %),0,0,0,0,1,49.0
14/08/2015,0,0,71(0.00 %),0,0,0,0,1,49.0
17/08/2015,10,720000,70.5(-0.70 %),10,720000,0,0,0,49.0
18/08/2015,0,0,70(-0.71 %),0,0,0,0,1,49.0
19/08/2015,0,0,68.5(-2.14 %),0,0,0,0,1,49.0
20/08/2015,0,0,65.5(-4.38 %),20000,1460000000,20000,1460000000,1,49.0
21/08/2015,0,0,64.5(-1.53 %),0,0,0,0,1,49.0
24/08/2015,0,0,60.5(-6.20 %),0,0,0,0,1,49.0
25/08/2015,-3680,-228230000,62.5(3.31 %),0,0,3680,228230000,3681,49.0
26/08/2015,0,0,62.5(0.00 %),0,0,0,0,3681,49.0
27/08/2015,0,0,63.5(1.60 %),0,0,0,0,3681,49.0
28/08/2015,0,0,64.5(1.57 %),0,0,0,0,3681,49.0
31/08/2015,3680,244720000,66(2.33 %),3680,244720000,0,0,1,49.0
01/09/2015,0,0,64.5(-2.27 %),0,0,0,0,1,49.0
03/09/2015,0,0,63.5(-1.55 %),0,0,0,0,1,49.0
04/09/2015,-10,-630000,63(-0.79 %),0,0,10,630000,11,49.0
07/09/2015,0,0,61(-3.17 %),0,0,0,0,11,49.0
08/09/2015,0,0,62(1.64 %),0,0,0,0,11,49.0
09/09/2015,0,0,61.5(-0.81 %),0,0,0,0,11,49.0
10/09/2015,0,0,61.5(0.00 %),0,0,0,0,11,49.0
11/09/2015,-1600,-98400000,61(-0.81 %),0,0,1600,98400000,1611,49.0
14/09/2015,10,620000,60.5(-0.82 %),10,620000,0,0,1601,49.0
15/09/2015,0,0,59(-2.48 %),0,0,0,0,1601,49.0
16/09/2015,0,0,59(0.00 %),0,0,0,0,1601,49.0
17/09/2015,1400,85500000,60(1.69 %),1600,97600000,200,12100000,201,49.0
18/09/2015,0,0,60.5(0.83 %),0,0,0,0,201,49.0
21/09/2015,0,0,63.5(4.96 %),0,0,0,0,201,49.0
22/09/2015,0,0,63(-0.79 %),0,0,0,0,201,49.0
23/09/2015,200,12600000,62.5(-0.79 %),200,12600000,0,0,1,49.0
24/09/2015,0,0,61.5(-1.60 %),0,0,0,0,1,49.0
25/09/2015,0,0,62(0.81 %),0,0,0,0,1,49.0
28/09/2015,0,0,61.5(-0.81 %),0,0,0,0,1,49.0
29/09/2015,0,0,60.5(-1.63 %),0,0,0,0,1,49.0
30/09/2015,0,0,61(0.83 %),0,0,0,0,1,49.0
01/10/2015,0,0,61.5(0.82 %),0,0,0,0,1,49.0
02/10/2015,0,0,62(0.81 %),0,0,0,0,1,49.0
05/10/2015,-3000,-184500000,62.5(0.81 %),0,0,3000,184500000,3001,49.0
06/10/2015,0,0,65(4.00 %),0,0,0,0,3001,49.0
07/10/2015,0,0,66(1.54 %),0,0,0,0,3001,49.0
08/10/2015,0,0,70(6.06 %),0,0,0,0,3001,49.0
09/10/2015,3000,210000000,68(-2.86 %),3000,210000000,0,0,1,49.0
12/10/2015,0,0,66.5(-2.21 %),0,0,0,0,1,49.0
13/10/2015,0,0,67(0.75 %),0,0,0,0,1,49.0
14/10/2015,0,0,67.5(0.75 %),0,0,0,0,1,49.0
15/10/2015,0,0,68.5(1.48 %),0,0,0,0,1,49.0
16/10/2015,0,0,70(2.19 %),0,0,0,0,1,49.0
19/10/2015,0,0,70.5(0.71 %),0,0,0,0,1,49.0
20/10/2015,0,0,69(-2.13 %),0,0,0,0,1,49.0
21/10/2015,0,0,67(-2.90 %),0,0,0,0,1,49.0
22/10/2015,0,0,68(1.49 %),0,0,0,0,1,49.0
23/10/2015,-3270,-220730000,68(0.00 %),0,0,3270,220730000,3271,49.0
26/10/2015,0,0,68(0.00 %),0,0,0,0,3271,49.0
27/10/2015,0,0,67.5(-0.74 %),0,0,0,0,3271,49.0
28/10/2015,0,0,68(0.74 %),0,0,0,0,3271,49.0
29/10/2015,3260,223310000,72.5(6.62 %),3270,224000000,10,690000,11,49.0
30/10/2015,0,0,74(2.07 %),0,0,0,0,11,49.0
02/11/2015,0,0,73(-1.35 %),0,0,0,0,8,49.0
03/11/2015,-200,-14600000,73.5(0.68 %),28880,2252640000,29080,2267240000,208,49.0
04/11/2015,-190,-13970000,73(-0.68 %),10,730000,200,14700000,398,49.0
05/11/2015,0,0,75(2.74 %),25440,1984320000,25440,1984320000,398,49.0
06/11/2015,0,0,73(-2.67 %),0,0,0,0,398,49.0
09/11/2015,200,14700000,74(1.37 %),200,14700000,0,0,198,49.0
10/11/2015,200,14700000,73.5(-0.68 %),200,14700000,0,0,0,49.0
11/11/2015,-10360,-761460000,74(0.68 %),0,0,10360,761460000,8,49.0
12/11/2015,0,0,76(2.70 %),0,0,0,0,8,49.0
13/11/2015,-9090,-703910000,78(2.63 %),0,0,9090,703910000,9098,48.99
16/11/2015,0,0,79.5(1.92 %),4400000,365200000000,4400000,365200000000,9098,48.99
17/11/2015,10360,823620000,78(-1.89 %),10360,823620000,0,0,0,49.0
18/11/2015,0,0,78.5(0.64 %),27057,2245730000,27057,2245730000,9,49.0
19/11/2015,9090,713570000,78(-0.64 %),9090,713570000,0,0,0,49.01
20/11/2015,0,0,79(1.28 %),0,0,0,0,9,49.0
23/11/2015,-20,-1620000,81(2.53 %),0,0,20,1620000,29,49.0
24/11/2015,0,0,82(1.23 %),0,0,0,0,9,49.0
25/11/2015,0,0,82.5(0.61 %),0,0,0,0,9,49.0
26/11/2015,0,0,81(-1.82 %),0,0,0,0,9,49.0
27/11/2015,20,1620000,77.5(-4.32 %),20,1620000,0,0,0,49.0
30/11/2015,0,0,75(-3.23 %),20000,1650000000,20000,1650000000,9,49.0
01/12/2015,0,0,75.5(0.67 %),0,0,0,0,9,49.0
02/12/2015,0,0,76.5(1.32 %),0,0,0,0,9,49.0
03/12/2015,0,0,76(-0.65 %),0,0,0,0,9,49.0
04/12/2015,-1000,-76000000,76(0.00 %),42000,3402000000,43000,3478000000,9,49.0
07/12/2015,0,0,75.5(-0.66 %),0,0,0,0,9,49.0
08/12/2015,0,0,77(1.99 %),0,0,0,0,9,49.0
09/12/2015,0,0,75(-2.60 %),10,760000,10,760000,4,49.0
10/12/2015,1000,75500000,74(-1.33 %),1000,75500000,0,0,4,49.0
11/12/2015,0,0,75.5(2.03 %),21210,1675590000,21210,1675590000,4,49.0
14/12/2015,0,0,76(0.66 %),0,0,0,0,4,49.0
15/12/2015,0,0,76.5(0.66 %),0,0,0,0,14,49.0
16/12/2015,10,770000,78.5(2.61 %),10,770000,0,0,4,49.0
17/12/2015,0,0,79(0.64 %),0,0,0,0,4,49.0
18/12/2015,0,0,78.5(-0.63 %),0,0,0,0,4,49.0
21/12/2015,0,0,79(0.64 %),0,0,0,0,4,49.0
22/12/2015,0,0,78(-1.27 %),0,0,0,0,4,49.0
23/12/2015,0,0,78.5(0.64 %),0,0,0,0,4,49.0
24/12/2015,0,0,79(0.64 %),0,0,0,0,4,49.0
25/12/2015,0,0,77.5(-1.90 %),0,0,0,0,4,49.0
28/12/2015,0,0,79.5(2.58 %),0,0,0,0,4,49.0
29/12/2015,0,0,79.5(0.00 %),0,0,0,0,4,49.0
30/12/2015,0,0,81(1.89 %),0,0,0,0,4,49.0
31/12/2015,3422645,295937910000,78.5(-3.09 %),3442645,297667910000,20000,1730000000,8,49.0
04/01/2016,10,790000,79(0.64 %),10,790000,0,0,0,49.0
05/01/2016,0,0,79(0.00 %),0,0,0,0,0,49.0
06/01/2016,0,0,78.5(-0.63 %),0,0,0,0,0,49.0
07/01/2016,0,0,76(-3.18 %),0,0,0,0,0,49.0
08/01/2016,0,0,75(-1.32 %),0,0,0,0,0,49.0
11/01/2016,0,0,74(-1.33 %),0,0,0,0,0,49.0
12/01/2016,0,0,75(1.35 %),0,0,0,0,0,49.0
13/01/2016,-3010,-225370000,74.5(-0.67 %),0,0,3010,225370000,0,49.0
14/01/2016,0,0,73.5(-1.34 %),0,0,0,0,0,49.0
15/01/2016,0,0,72.5(-1.36 %),0,0,0,0,2,49.0
18/01/2016,3010,216720000,69(-4.83 %),3010,216720000,0,0,2,49.0
19/01/2016,0,0,71(2.90 %),0,0,0,0,2,49.0
20/01/2016,-12500,-878500000,70(-1.41 %),0,0,12500,878500000,2,49.0
21/01/2016,0,0,69(-1.43 %),0,0,0,0,2,49.0
22/01/2016,0,0,68(-1.45 %),0,0,0,0,2,49.0
25/01/2016,12500,887500000,72(5.88 %),12500,887500000,0,0,2,49.0
26/01/2016,0,0,71(-1.39 %),125670,9676590000,125670,9676590000,2,49.0
27/01/2016,0,0,71.5(0.70 %),0,0,0,0,2,49.0
28/01/2016,0,0,70(-2.10 %),0,0,0,0,2,49.0
29/01/2016,0,0,72(2.86 %),0,0,0,0,2,49.0
01/02/2016,0,0,72(0.00 %),0,0,0,0,2,49.0
02/02/2016,0,0,72(0.00 %),0,0,0,0,8,49.0
03/02/2016,0,0,72(0.00 %),0,0,0,0,8,49.0
04/02/2016,-1000,-72500000,72(0.00 %),0,0,1000,72500000,8,49.0
05/02/2016,0,0,73.5(2.08 %),0,0,0,0,8,49.0
15/02/2016,0,0,72.5(-1.36 %),0,0,0,0,8,49.0
16/02/2016,1000,72500000,72.5(0.00 %),1000,72500000,0,0,8,49.0
17/02/2016,-1000,-72500000,72(-0.69 %),0,0,1000,72500000,8,49.0
18/02/2016,0,0,74.5(3.47 %),0,0,0,0,8,49.0
19/02/2016,0,0,74(-0.67 %),0,0,0,0,8,49.0
22/02/2016,0,-500000,76(2.70 %),1000,74500000,1000,75000000,8,49.0
23/02/2016,-990,-75730000,77(1.32 %),10,770000,1000,76500000,4,49.0
24/02/2016,-1000,-77000000,77.5(0.65 %),0,0,1000,77000000,4,49.0
25/02/2016,0,0,76(-1.94 %),123360,10172200000,123360,10172200000,4,49.0
26/02/2016,1000,76000000,75.5(-0.66 %),33170,2681770000,32170,2605770000,4,49.0
29/02/2016,0,1000000,75(-0.66 %),1000,76500000,1000,75500000,4,49.0
01/03/2016,0,0,75.5(0.67 %),1000,75000000,1000,75000000,4,49.0
02/03/2016,-1000,-76000000,79(4.64 %),0,0,1000,76000000,4,49.0
03/03/2016,1000,79000000,79(0.00 %),1000,79000000,0,0,4,49.0
04/03/2016,0,-500000,79.5(0.63 %),1000,78500000,1000,79000000,4,49.0
07/03/2016,1000,79500000,79(-0.63 %),1000,79500000,0,0,4,49.0
08/03/2016,0,0,78.5(-0.63 %),0,0,0,0,4,49.0
09/03/2016,0,-500000,78(-0.64 %),1000,78000000,1000,78500000,4,49.0
10/03/2016,-9000,-706420000,79(1.28 %),0,0,9000,706420000,4,49.0
11/03/2016,0,0,79.5(0.63 %),0,0,0,0,4,49.0
14/03/2016,-2820,-225600000,79.5(0.00 %),118500,10067500000,121320,10293100000,4,49.0
15/03/2016,9000,715500000,79.5(0.00 %),9000,715500000,0,0,4,49.0
16/03/2016,-4250,-329380000,77(-3.14 %),0,0,4250,329380000,4,49.0
17/03/2016,-4430,-335240000,77(0.00 %),3820,296050000,8250,631290000,4,49.0
18/03/2016,0,0,77(0.00 %),0,0,0,0,4,49.0
21/03/2016,-6880,-536640000,78(1.30 %),4250,331500000,11130,868140000,4,49.0
22/03/2016,8250,643500000,77(-1.28 %),8250,643500000,0,0,4,49.0
23/03/2016,0,0,78(1.30 %),0,0,0,0,4,49.0
24/03/2016,11130,873710000,78.5(0.64 %),11130,873710000,0,0,4,49.0
25/03/2016,0,0,78.5(0.00 %),0,0,0,0,4,49.0
28/03/2016,0,0,78(-0.64 %),0,0,0,0,4,49.0
29/03/2016,0,0,77.5(-0.64 %),0,0,0,0,4,49.0
30/03/2016,0,0,77(-0.65 %),0,0,0,0,4,49.0
31/03/2016,0,0,75.5(-1.95 %),0,0,0,0,4,49.0
01/04/2016,0,0,75.5(0.00 %),0,0,0,0,4,49.0
04/04/2016,0,0,75(-0.66 %),0,0,0,0,4,49.0
05/04/2016,0,0,76(1.33 %),0,0,0,0,4,49.0
06/04/2016,0,0,75.5(-0.66 %),0,0,0,0,4,49.0
07/04/2016,0,0,76(0.66 %),0,0,0,0,4,49.0
08/04/2016,0,0,76.5(0.66 %),0,0,0,0,4,49.0
11/04/2016,0,0,77(0.65 %),0,0,0,0,4,49.0
12/04/2016,0,0,76.5(-0.65 %),0,0,0,0,4,49.0
13/04/2016,0,0,76(-0.65 %),0,0,0,0,4,49.0
14/04/2016,0,0,75.5(-0.66 %),0,0,0,0,4,49.0
15/04/2016,0,0,76(0.66 %),0,0,0,0,4,49.0
19/04/2016,0,0,74(-2.63 %),74070,5999670000,74070,5999670000,4,49.0
20/04/2016,0,0,74(0.00 %),0,0,0,0,4,49.0
21/04/2016,10,740000,74(0.00 %),10,740000,0,0,1,49.0
22/04/2016,0,0,74(0.00 %),0,0,0,0,1,49.0
25/04/2016,0,0,77(4.05 %),0,0,0,0,1,49.0
26/04/2016,0,0,76.5(-0.65 %),50000,4100000000,50000,4100000000,1,49.0
27/04/2016,0,0,76(-0.65 %),0,0,0,0,1,49.0
28/04/2016,0,0,76(0.00 %),0,0,0,0,1,49.0
29/04/2016,0,0,75(-1.32 %),0,0,0,0,1,49.0
04/05/2016,-250,-18750000,77.5(3.33 %),0,0,250,18750000,1,49.0
05/05/2016,0,0,78.5(1.29 %),20000,1650000000,20000,1650000000,1,49.0
06/05/2016,0,0,78.5(1.95 %),20000,1640000000,20000,1640000000,1,49.0
09/05/2016,250,19630000,78.5(0.00 %),250,19630000,0,0,1,49.0
10/05/2016,0,0,78(-0.64 %),0,0,0,0,1,49.0
11/05/2016,0,0,78.5(0.64 %),0,0,0,0,1,49.0
12/05/2016,0,0,77.5(-1.27 %),0,0,0,0,1,49.0
13/05/2016,0,0,76(-1.94 %),0,0,0,0,1,49.0
16/05/2016,0,0,76(0.00 %),0,0,0,0,1,49.0
17/05/2016,0,0,77(1.32 %),0,0,0,0,1,49.0
18/05/2016,0,0,77(0.00 %),0,0,0,0,1,49.0
19/05/2016,0,0,76.5(-0.65 %),0,0,0,0,1,49.0
20/05/2016,-2800,-214200000,77(0.65 %),0,0,2800,214200000,1,49.0
23/05/2016,-400,-31200000,80(3.90 %),0,0,400,31200000,1,49.0
24/05/2016,0,0,83.5(4.38 %),0,0,0,0,1,49.0
25/05/2016,-4200,-350700000,84(0.60 %),2800,233800000,7000,584500000,1,49.0
26/05/2016,400,33600000,82.5(-1.79 %),400,33600000,0,0,1,49.0
27/05/2016,-10,-840000,84.5(2.42 %),0,0,10,840000,1,49.0
30/05/2016,7000,595000000,85.5(1.18 %),7000,595000000,0,0,0,49.0
31/05/2016,0,0,86(0.58 %),0,0,0,0,1,49.0
01/06/2016,10,860000,85.5(-0.58 %),10,860000,0,0,1,49.0
02/06/2016,0,0,85.5(0.00 %),0,0,0,0,1,49.0
03/06/2016,-500,-43750000,88(2.92 %),0,0,500,43750000,1,49.0
06/06/2016,0,0,92(4.55 %),0,0,0,0,1,49.0
07/06/2016,-4450,-420530000,95.5(3.80 %),0,0,4450,420530000,1,49.0
08/06/2016,480,46080000,94.5(-1.05 %),835035,83501500000,834555,83455420000,1,49.0
09/06/2016,0,0,92.5(-2.12 %),0,0,0,0,1,49.0
10/06/2016,4450,413850000,94(1.62 %),4450,413850000,0,0,1,49.0
13/06/2016,20,1880000,94(0.00 %),20,1880000,0,0,1,49.0
14/06/2016,-1400,-133600000,100(6.38 %),0,0,1400,133600000,1,49.0
15/06/2016,-2500,-252500000,99.5(-0.50 %),0,0,2500,252500000,1,49.0
16/06/2016,-2100,-212500000,102(2.51 %),0,0,2100,212500000,1,49.0
17/06/2016,1400,141400000,100(-1.96 %),1400,141400000,0,0,1,49.0
20/06/2016,2500,260000000,107(7.00 %),2500,260000000,0,0,1,49.0
21/06/2016,1580,174800000,108(0.93 %),23310,2648940000,21730,2474140000,1,49.0
22/06/2016,-450,-48600000,108(0.00 %),827000,95105000000,827450,95153600000,1,49.0
23/06/2016,-1100,-122000000,115(6.48 %),0,0,1100,122000000,1,49.0
24/06/2016,-360,-41540000,122(6.09 %),520,59800000,880,101340000,1,49.0
27/06/2016,450,54000000,122(0.00 %),1000450,130054000000,1000000,130000000000,1,49.0
28/06/2016,1100,130900000,119(-2.46 %),1100,130900000,0,0,1,49.0
29/06/2016,-6050,-721400000,125(5.04 %),188704,23957490000,194754,24678890000,1,49.0
30/06/2016,-1870,-233750000,123(-1.60 %),0,0,1870,233750000,1,49.0
01/07/2016,0,0,123(0.00 %),53498,7008240000,53498,7008240000,1,49.0
04/07/2016,6870,858810000,124(0.81 %),6930,866250000,60,7440000,1,49.0
05/07/2016,1870,233750000,123(-0.81 %),1870,233750000,0,0,3,49.0
06/07/2016,0,0,123(0.00 %),0,0,0,0,4,49.0
07/07/2016,30,3750000,131(6.50 %),60,7500000,30,3750000,4,49.0
08/07/2016,-18290,-2370760000,130(-0.76 %),2549312,344403680000,2567602,346774440000,4,49.0
11/07/2016,0,0,132(1.54 %),0,0,0,0,4,49.0
12/07/2016,30,3960000,135(2.27 %),30,3960000,0,0,4,49.0
13/07/2016,17360,2395680000,140(3.70 %),18290,2524020000,930,128340000,4,49.0
14/07/2016,-9430,-1344830000,140(0.00 %),0,0,9430,1344830000,4,49.0
15/07/2016,-10000,-1370000000,137(-2.14 %),0,0,10000,1370000000,4,49.0
18/07/2016,930,128340000,139(1.46 %),930,128340000,0,0,4,49.0
19/07/2016,9430,1320200000,140(0.72 %),9430,1320200000,0,0,4,49.0
20/07/2016,10000,1390000000,133(-5.00 %),10000,1390000000,0,0,4,49.0
21/07/2016,0,0,129(-3.01 %),0,0,0,0,4,49.0
22/07/2016,0,0,135(4.65 %),20000,2760000000,20000,2760000000,4,49.0
25/07/2016,0,0,133(-1.48 %),0,0,0,0,4,49.0
26/07/2016,0,0,130(-2.26 %),0,0,0,0,4,49.0
27/07/2016,0,0,130(0.00 %),0,0,0,0,4,49.0
28/07/2016,0,0,133(2.31 %),0,0,0,0,4,49.0
29/07/2016,0,0,134(0.75 %),0,0,0,0,4,49.0
01/08/2016,0,0,130(-2.99 %),300000,42900000000,300000,42900000000,4,49.0
02/08/2016,-1400,-180600000,124(-4.62 %),0,0,1400,180600000,4,49.0
03/08/2016,-1290,-158670000,124(0.00 %),0,0,1290,158670000,4,49.0
04/08/2016,0,0,129(4.03 %),0,0,0,0,4,49.0
05/08/2016,1400,180600000,132(2.33 %),1400,180600000,0,0,4,49.0
08/08/2016,1290,172860000,132(0.00 %),1290,172860000,0,0,4,49.0
09/08/2016,0,0,131(-0.76 %),0,0,0,0,4,49.0
10/08/2016,0,0,132(0.76 %),0,0,0,0,4,49.0
11/08/2016,0,0,139(5.30 %),0,0,0,0,4,49.0
12/08/2016,0,0,137(-1.44 %),0,0,0,0,4,49.0
15/08/2016,0,0,141(2.92 %),0,0,0,0,4,49.0
16/08/2016,0,0,145(2.84 %),20000,3000000000,20000,3000000000,4,49.0
17/08/2016,-1270,-194310000,154(6.21 %),0,0,1270,194310000,4,49.0
18/08/2016,-810,-122310000,151(-1.95 %),1000000,160000000000,1000810,160122310000,4,49.0
19/08/2016,-20,-3020000,152(0.66 %),0,0,20,3020000,4,49.0
22/08/2016,1270,193040000,151(-0.66 %),1270,193040000,0,0,4,49.0
23/08/2016,810,121500000,153(1.32 %),810,121500000,0,0,4,49.0
24/08/2016,20,3060000,146(-4.58 %),20,3060000,0,0,4,49.0
25/08/2016,0,0,142(-2.74 %),146687,22883170000,146687,22883170000,4,49.0
26/08/2016,-7500,-1072500000,143(0.70 %),0,0,7500,1072500000,4,49.0
29/08/2016,0,0,137(-4.20 %),0,0,0,0,4,49.0
30/08/2016,0,0,144(5.11 %),0,0,0,0,4,49.0
31/08/2016,7500,1102500000,144(0.00 %),7500,1102500000,0,0,4,49.0
01/09/2016,0,0,143(-0.69 %),0,0,0,0,4,49.0
05/09/2016,0,0,145(1.40 %),0,0,0,0,4,49.0
06/09/2016,0,0,146(0.69 %),0,0,0,0,4,49.0
07/09/2016,0,0,144(-1.37 %),0,0,0,0,4,49.0
08/09/2016,0,0,144(0.00 %),0,0,0,0,4,49.0
09/09/2016,0,0,140(-2.78 %),0,0,0,0,4,49.0
12/09/2016,0,0,135(-3.57 %),0,0,0,0,4,49.0
13/09/2016,0,0,138.5(2.59 %),1018580,147082950000,1018580,147082950000,4,49.0
14/09/2016,-60,-8190000,135.8(-1.95 %),20150,2984220000,20210,2992410000,4,49.0
15/09/2016,-230,-31190000,132.4(-2.50 %),0,0,230,31190000,4,49.0
16/09/2016,0,0,134.1(1.28 %),0,0,0,0,4,49.0
19/09/2016,60,8050000,131(-2.31 %),60,8050000,0,0,4,49.0
20/09/2016,230,30130000,133.5(1.91 %),230,30130000,0,0,4,49.0
21/09/2016,0,0,135(1.12 %),0,0,0,0,4,49.0
22/09/2016,0,0,137.9(2.15 %),0,0,0,0,4,49.0
23/09/2016,0,0,137(-0.65 %),0,0,0,0,9,49.0
26/09/2016,0,0,135(-1.46 %),20000,2930000000,20000,2930000000,9,49.0
27/09/2016,0,0,135.9(0.67 %),0,0,0,0,9,49.0
28/09/2016,0,0,137.5(1.18 %),0,0,0,0,9,49.0
29/09/2016,0,0,138.6(0.80 %),0,0,0,0,9,49.0
30/09/2016,-1450,-202280000,139.2(0.43 %),0,0,1450,202280000,9,49.0
03/10/2016,0,0,138.9(-0.22 %),0,0,0,0,9,49.0
04/10/2016,0,0,136(-2.09 %),0,0,0,0,9,49.0
05/10/2016,1450,199960000,135(-0.74 %),1450,199960000,0,0,9,49.0
06/10/2016,0,0,135.8(0.59 %),0,0,0,0,9,49.0
07/10/2016,0,0,134.5(-0.96 %),0,0,0,0,9,49.0
10/10/2016,0,0,134.2(-0.22 %),0,0,0,0,9,49.0
11/10/2016,0,0,135.4(0.89 %),0,0,0,0,9,49.0
12/10/2016,0,0,138(1.92 %),0,0,0,0,9,49.0
13/10/2016,0,0,147.6(6.96 %),0,0,0,0,9,49.0
14/10/2016,10,1480000,148(0.27 %),10,1480000,0,0,5,49.0
17/10/2016,0,0,143.3(-3.18 %),0,0,0,0,5,49.0
18/10/2016,-1550,-220100000,150(4.68 %),0,0,1550,220100000,5,49.0
19/10/2016,0,0,150.3(0.20 %),0,0,0,0,5,49.0
20/10/2016,0,0,150(-0.20 %),0,0,0,0,5,49.0
21/10/2016,1550,234050000,151(0.67 %),21550,3444050000,20000,3210000000,5,49.0
24/10/2016,0,0,145.5(-3.64 %),0,0,0,0,5,49.0
25/10/2016,-400,-58240000,144(-1.03 %),0,0,400,58240000,5,49.0
26/10/2016,0,0,144(0.00 %),0,0,0,0,5,49.0
27/10/2016,0,0,146.5(1.74 %),0,0,0,0,5,49.0
28/10/2016,400,58600000,148.5(1.37 %),400,58600000,0,0,5,49.0
31/10/2016,-310,-45420000,145(-2.36 %),0,0,310,45420000,5,49.0
01/11/2016,-1790,-255970000,147(1.38 %),0,0,1790,255970000,5,49.0
02/11/2016,0,0,146.8(-0.14 %),0,0,0,0,5,49.0
03/11/2016,310,45260000,153(4.22 %),310,45260000,0,0,5,49.0
04/11/2016,1790,273870000,151.5(-0.98 %),1790,273870000,0,0,5,49.0
07/11/2016,-660,-100320000,152.5(0.66 %),0,0,660,100320000,5,49.0
08/11/2016,0,0,154.2(1.11 %),0,0,0,0,5,49.0
09/11/2016,-60,-9120000,155(0.52 %),0,0,60,9120000,5,49.0
10/11/2016,660,104940000,157.5(1.61 %),660,104940000,0,0,5,49.0
11/11/2016,-250,-39500000,158.2(0.44 %),0,0,250,39500000,5,49.0
14/11/2016,-5220,-826520000,157(-0.76 %),60,9420000,5280,835940000,5,49.0
15/11/2016,0,0,155.2(-1.15 %),0,0,0,0,5,49.0
16/11/2016,250,38780000,153(-1.42 %),250,38780000,0,0,5,49.0
17/11/2016,5280,813120000,155.5(1.63 %),5280,813120000,0,0,5,49.0
18/11/2016,0,0,156(0.32 %),21630,3597070000,21630,3597070000,5,49.0
21/11/2016,0,0,156.5(0.32 %),0,0,0,0,5,49.0
22/11/2016,0,0,164.4(5.05 %),0,0,0,0,5,49.0
23/11/2016,-50,-8220000,162(-1.46 %),0,0,50,8220000,5,49.0
24/11/2016,0,0,162.1(0.06 %),0,0,0,0,5,49.0
25/11/2016,0,0,163(0.56 %),0,0,0,0,5,49.0
28/11/2016,50,8130000,162.5(-0.31 %),50,8130000,0,0,5,49.0
29/11/2016,0,0,163(0.31 %),0,0,0,0,5,49.0
30/11/2016,0,0,165(1.23 %),0,0,0,0,5,49.0
01/12/2016,0,0,165.5(0.30 %),0,0,0,0,5,49.0
02/12/2016,0,0,165(-0.30 %),0,0,0,0,5,49.0
05/12/2016,0,0,157(-4.85 %),0,0,0,0,5,49.0
06/12/2016,0,0,154(-1.91 %),0,0,0,0,5,49.0
07/12/2016,-2920,-443840000,154.2(0.13 %),0,0,2920,443840000,5,49.0
08/12/2016,0,0,155(0.52 %),0,0,0,0,5,49.0
09/12/2016,0,0,155(0.00 %),0,0,0,0,5,49.0
12/12/2016,2920,454060000,152.6(-1.55 %),22920,3770060000,20000,3316000000,5,49.0
13/12/2016,0,0,152.6(0.00 %),20000,3264000000,20000,3264000000,5,49.0
14/12/2016,-14500,-2225730000,155(1.57 %),0,0,14500,2225730000,5,49.0
15/12/2016,10,1550000,153.8(-0.77 %),10,1550000,0,0,0,49.0
16/12/2016,-6870,-1050800000,153.4(-0.26 %),0,0,6870,1050800000,0,49.0
19/12/2016,14500,2262000000,151(-1.56 %),14500,2262000000,0,0,0,49.0
20/12/2016,0,0,154.6(2.38 %),0,0,0,0,0,49.0
21/12/2016,6870,1062100000,155.7(0.71 %),26870,4370100000,20000,3308000000,0,49.0
22/12/2016,0,0,155(-0.45 %),0,0,0,0,0,49.0
23/12/2016,0,0,154.8(-0.13 %),0,0,0,0,0,49.0
26/12/2016,0,0,158.9(2.65 %),0,0,0,0,0,49.0
27/12/2016,0,0,159.5(0.38 %),0,0,0,0,0,49.0
28/12/2016,0,0,159.2(-0.19 %),0,0,0,0,0,49.0
29/12/2016,-50,-7990000,159(-0.13 %),0,0,50,7990000,0,49.0
30/12/2016,3460350,586268990000,156(-1.89 %),3494720,592115330000,34370,5846340000,7,51.36
03/01/2017,0,0,156.7(0.45 %),0,0,0,0,7,49.0
04/01/2017,50,7840000,157.3(0.38 %),50,7840000,0,0,7,49.0
05/01/2017,0,0,157.8(0.32 %),0,0,0,0,7,49.0
06/01/2017,0,0,157.8(0.00 %),1115800,188302410000,1115800,188302410000,7,49.0
09/01/2017,0,0,156.7(-0.70 %),40000,6750400000,40000,6750400000,7,49.0
10/01/2017,0,0,157.2(0.32 %),0,0,0,0,7,49.0
11/01/2017,0,0,160(1.78 %),0,0,0,0,7,49.0
12/01/2017,0,0,160(0.00 %),0,0,0,0,7,49.0
13/01/2017,0,0,159.5(-0.31 %),0,0,0,0,7,49.0
16/01/2017,0,0,158.5(-0.63 %),0,0,0,0,7,49.0
17/01/2017,0,0,158(-0.32 %),0,0,0,0,7,49.0
18/01/2017,0,0,158(0.00 %),0,0,0,0,7,49.0
19/01/2017,0,0,157.5(-0.32 %),0,0,0,0,7,49.0
20/01/2017,0,0,159.5(1.27 %),0,0,0,0,7,49.0
23/01/2017,0,0,158.3(-0.75 %),75000,12795000000,75000,12795000000,7,49.0
24/01/2017,0,0,159(0.44 %),0,0,0,0,7,49.0
25/01/2017,0,0,160(0.63 %),0,0,0,0,7,49.0
02/02/2017,0,0,169(5.62 %),0,0,0,0,7,49.0
03/02/2017,0,0,168(-0.59 %),0,0,0,0,7,49.0
06/02/2017,-60,-10060000,170.5(1.49 %),0,0,60,10060000,7,49.0
07/02/2017,0,0,170.4(-0.06 %),0,0,0,0,7,49.0
08/02/2017,-18750,-3155620000,168.8(-0.94 %),0,0,18750,3155620000,7,49.0
09/02/2017,60,10130000,167(-1.07 %),60,10130000,0,0,7,49.0
10/02/2017,-80,-13360000,168.3(0.78 %),213930,38207900000,214010,38221260000,7,49.0
13/02/2017,18750,3168750000,173.2(2.91 %),18750,3168750000,0,0,7,49.0
14/02/2017,0,0,172(-0.69 %),347910,64363350000,347910,64363350000,7,49.0
15/02/2017,80,13760000,173(0.58 %),80,13760000,0,0,7,49.0
16/02/2017,0,0,173(0.00 %),0,0,0,0,7,49.0
17/02/2017,0,0,172(-0.58 %),0,0,0,0,7,49.0
20/02/2017,0,0,168(-2.33 %),0,0,0,0,7,49.0
21/02/2017,0,0,168.5(0.30 %),0,0,0,0,7,49.0
22/02/2017,0,0,166.1(-1.42 %),0,0,0,0,7,49.0
23/02/2017,0,0,165.3(-0.48 %),0,0,0,0,7,49.0
24/02/2017,0,0,166(0.42 %),0,0,0,0,7,49.0
27/02/2017,0,0,168.6(1.57 %),177600,31541760000,177600,31541760000,7,49.0
28/02/2017,0,0,167.1(-0.89 %),0,0,0,0,7,49.0
01/03/2017,-8000,-1330210000,166.5(-0.36 %),20000,3574000000,28000,4904210000,7,49.0
02/03/2017,0,0,167(0.30 %),70000,12467000000,70000,12467000000,7,49.0
03/03/2017,-11170,-1860720000,166.3(-0.42 %),10,1670000,11180,1862390000,2,49.0
06/03/2017,8000,1336000000,166.3(0.00 %),8000,1336000000,0,0,2,49.0
07/03/2017,0,0,167.9(0.96 %),0,0,0,0,2,49.0
08/03/2017,11180,1888300000,169.8(1.13 %),11180,1888300000,0,0,2,49.0
09/03/2017,0,0,169(-0.47 %),20000,3632000000,20000,3632000000,2,49.0
10/03/2017,0,0,169(0.00 %),0,0,0,0,2,49.0
13/03/2017,0,0,169.8(0.47 %),20000,3616000000,20000,3616000000,2,49.0
14/03/2017,0,0,172(1.30 %),0,0,0,0,2,49.0
15/03/2017,0,0,174(1.16 %),20000,3680000000,20000,3680000000,2,49.0
16/03/2017,0,0,171(-1.72 %),0,0,0,0,2,49.0
17/03/2017,0,0,171.7(0.41 %),0,0,0,0,2,49.0
20/03/2017,0,0,171.8(0.06 %),0,0,0,0,2,49.0
21/03/2017,0,0,172.4(0.35 %),0,0,0,0,2,49.0
22/03/2017,0,0,169.2(-1.86 %),0,0,0,0,2,49.0
23/03/2017,0,0,168.5(-0.41 %),0,0,0,0,2,49.0
24/03/2017,0,0,168.7(0.12 %),0,0,0,0,2,49.0
27/03/2017,0,0,166(-1.60 %),0,0,0,0,2,49.0
28/03/2017,0,0,166(0.00 %),0,0,0,0,2,49.0
29/03/2017,0,0,167.5(0.90 %),0,0,0,0,2,49.0
30/03/2017,0,0,168.5(0.60 %),0,0,0,0,2,49.0
31/03/2017,0,0,168.3(-0.12 %),0,0,0,0,2,49.0
03/04/2017,0,0,167.5(-0.48 %),20000,3600000000,20000,3600000000,2,49.0
04/04/2017,0,0,166.5(-0.60 %),0,0,0,0,2,49.0
05/04/2017,0,0,167(0.30 %),0,0,0,0,2,49.0
07/04/2017,0,0,167(0.00 %),0,0,0,0,2,49.0
10/04/2017,0,0,166.1(-0.54 %),0,0,0,0,2,49.0
11/04/2017,0,0,168.6(1.51 %),0,0,0,0,2,49.0
12/04/2017,0,0,169(0.24 %),0,0,0,0,2,49.0
13/04/2017,0,0,170(0.59 %),0,0,0,0,2,49.0
14/04/2017,0,0,167.2(-1.65 %),0,0,0,0,2,49.0
17/04/2017,0,0,165(-1.32 %),0,0,0,0,2,49.0
18/04/2017,0,0,163(-1.21 %),0,0,0,0,2,49.0
19/04/2017,0,0,167(2.45 %),0,0,0,0,2,49.0
20/04/2017,0,0,166(-0.60 %),0,0,0,0,2,49.0
21/04/2017,0,0,166.5(0.30 %),0,0,0,0,2,49.0
24/04/2017,-600,-100080000,166(-0.30 %),0,0,600,100080000,2,49.0
25/04/2017,0,0,163.5(-1.51 %),0,0,0,0,2,49.0
26/04/2017,0,0,164.1(0.37 %),0,0,0,0,2,49.0
27/04/2017,600,99000000,166.8(1.65 %),195170,32127950000,194570,32028950000,2,49.0
28/04/2017,0,0,167(0.12 %),0,0,0,0,2,49.0
03/05/2017,0,0,168.6(0.96 %),0,0,0,0,2,49.0
04/05/2017,0,0,171.8(1.90 %),0,0,0,0,2,49.0
05/05/2017,0,0,172(0.12 %),0,0,0,0,2,49.0
08/05/2017,0,0,170.9(-0.64 %),0,0,0,0,2,49.0
09/05/2017,-20,-3430000,172.5(0.94 %),0,0,20,3430000,2,49.0
10/05/2017,0,0,172.6(0.06 %),0,0,0,0,2,49.0
11/05/2017,0,0,173(0.23 %),0,0,0,0,2,49.0
12/05/2017,0,0,174(0.58 %),1453945,233939750000,1453945,233939750000,22,49.0
15/05/2017,20,3490000,183.4(5.40 %),20,3490000,0,0,2,49.0
16/05/2017,0,0,180.7(-1.47 %),0,0,0,0,2,49.0
17/05/2017,0,0,180(-0.39 %),0,0,0,0,2,49.0
18/05/2017,0,0,180.3(0.17 %),0,0,0,0,2,49.0
19/05/2017,0,0,181.5(0.67 %),0,0,0,0,2,49.0
22/05/2017,0,0,91.2(1.33 %),0,0,0,0,2,49.0
23/05/2017,0,0,94.5(3.62 %),0,0,0,0,2,49.0
24/05/2017,0,0,98.9(4.66 %),0,0,0,0,2,49.0
25/05/2017,0,0,98.3(-0.61 %),100000,10425000000,100000,10425000000,2,49.0
26/05/2017,0,0,97(-1.32 %),0,0,0,0,2,49.0
29/05/2017,0,0,94.2(-2.89 %),0,0,0,0,2,49.0
30/05/2017,0,0,93.3(-0.96 %),0,0,0,0,7,49.0
31/05/2017,0,0,93.5(0.21 %),0,0,0,0,7,49.0
01/06/2017,0,0,95.8(2.46 %),0,0,0,0,7,49.0
02/06/2017,0,0,95.5(-0.31 %),0,0,0,0,7,49.0
05/06/2017,-1790,-170050000,95(-0.52 %),0,0,1790,170050000,7,49.0
06/06/2017,0,0,96.2(1.26 %),0,0,0,0,7,49.0
07/06/2017,0,0,97(0.83 %),20000,2058000000,20000,2058000000,7,49.0
08/06/2017,1790,174530000,98(1.03 %),1790,174530000,0,0,7,49.0
09/06/2017,0,0,97.3(-0.71 %),53830,5641380000,53830,5641380000,7,49.0
12/06/2017,0,0,96.5(-0.82 %),0,0,0,0,7,49.0
13/06/2017,0,0,95(-1.55 %),0,0,0,0,7,49.0
14/06/2017,0,0,95.5(0.53 %),0,0,0,0,7,49.0
15/06/2017,0,0,95.7(0.21 %),0,0,0,0,7,49.0
16/06/2017,0,0,95.2(-0.52 %),0,0,0,0,7,49.0
19/06/2017,0,0,95.1(-0.11 %),0,0,0,0,7,49.0
20/06/2017,0,0,97(2.00 %),0,0,0,0,0,97.96
21/06/2017,0,0,97.7(0.72 %),0,0,0,0,0,49.0
22/06/2017,0,0,101(3.38 %),0,0,0,0,0,49.0
23/06/2017,0,0,102.9(1.88 %),0,0,0,0,0,49.0
26/06/2017,0,0,103(0.10 %),0,0,0,0,0,49.0
27/06/2017,0,0,101.3(-1.65 %),0,0,0,0,0,49.0
28/06/2017,0,0,100.5(-0.79 %),0,0,0,0,0,49.0
29/06/2017,-1810,-182810000,101(0.50 %),0,0,1810,182810000,0,49.0
30/06/2017,0,0,102.9(1.88 %),0,0,0,0,0,49.0
03/07/2017,0,0,102.8(-0.10 %),0,0,0,0,0,49.0
04/07/2017,0,0,103.5(0.68 %),0,0,0,0,0,49.0
05/07/2017,0,0,102.7(-0.77 %),0,0,0,0,0,49.0
06/07/2017,0,0,102.7(0.00 %),0,0,0,0,0,49.0
07/07/2017,0,0,103(0.29 %),0,0,0,0,0,49.0
10/07/2017,0,0,101.5(-1.46 %),0,0,0,0,0,49.0
11/07/2017,0,0,101.5(0.00 %),0,0,0,0,0,49.0
12/07/2017,0,0,102.5(0.99 %),0,0,0,0,0,49.0
13/07/2017,0,0,102.6(0.10 %),0,0,0,0,0,49.0
14/07/2017,0,0,102(-0.58 %),0,0,0,0,0,49.0
17/07/2017,-250,-25500000,103.2(1.18 %),0,0,250,25500000,0,49.0
18/07/2017,0,0,102.2(-0.97 %),0,0,0,0,0,49.0
19/07/2017,0,0,102.1(-0.10 %),0,0,0,0,0,49.0
20/07/2017,0,0,100.5(-1.57 %),0,0,0,0,0,49.0
21/07/2017,0,0,97(-3.48 %),0,0,0,0,0,49.0
24/07/2017,0,0,97.6(0.62 %),0,0,0,0,0,49.0
25/07/2017,0,0,98.6(1.02 %),0,0,0,0,0,49.0
26/07/2017,0,0,100(1.42 %),0,0,0,0,0,49.0
27/07/2017,0,0,99.5(-0.50 %),0,0,0,0,0,49.0
28/07/2017,0,0,101(1.51 %),0,0,0,0,0,49.0
31/07/2017,0,0,100.5(-0.50 %),0,0,0,0,0,49.0
01/08/2017,-18730,-1863640000,99.5(-1.00 %),0,0,18730,1863640000,0,49.0
02/08/2017,0,0,99.5(0.00 %),0,0,0,0,0,49.0
03/08/2017,0,0,100.1(0.60 %),0,0,0,0,0,49.0
04/08/2017,0,0,106.5(6.39 %),0,0,0,0,0,49.0
07/08/2017,0,0,109.2(2.54 %),150000,16875000000,150000,16875000000,0,49.0
08/08/2017,0,0,107(-2.01 %),0,0,0,0,0,49.0
09/08/2017,0,0,104.3(-2.52 %),0,0,0,0,0,49.0
10/08/2017,0,0,105.2(0.86 %),0,0,0,0,0,49.0
11/08/2017,0,0,105.8(0.57 %),130000,14625000000,130000,14625000000,0,49.0
14/08/2017,0,0,106.5(0.66 %),0,0,0,0,0,49.0
15/08/2017,0,0,107.3(0.75 %),0,0,0,0,0,49.0
16/08/2017,-1250,-135630000,107.4(0.09 %),0,0,1250,135630000,0,49.0
17/08/2017,0,0,105.6(-1.68 %),0,0,0,0,0,49.0
18/08/2017,0,0,105.6(0.00 %),0,0,0,0,0,49.0
21/08/2017,0,0,106(0.38 %),0,0,0,0,0,49.0
22/08/2017,0,0,105.1(-0.85 %),0,0,0,0,0,49.0
23/08/2017,0,0,104(-1.05 %),0,0,0,0,0,49.0
24/08/2017,0,0,105.4(1.35 %),0,0,0,0,0,49.0
25/08/2017,0,0,105.6(0.19 %),0,0,0,0,0,49.0
28/08/2017,0,0,105.9(0.28 %),0,0,0,0,0,49.0
29/08/2017,0,0,107.1(1.13 %),0,0,0,0,0,49.0
30/08/2017,0,0,109.5(2.24 %),0,0,0,0,0,49.0
31/08/2017,0,0,109.4(-0.09 %),0,0,0,0,0,49.0
01/09/2017,0,0,109.4(0.00 %),0,0,0,0,0,49.0
05/09/2017,0,0,108(-1.28 %),0,0,0,0,0,49.0
06/09/2017,0,0,108(0.00 %),0,0,0,0,0,49.0
07/09/2017,0,0,108.4(0.37 %),0,0,0,0,0,49.0
08/09/2017,0,0,109.5(1.01 %),0,0,0,0,0,49.0
11/09/2017,-50,-5580000,110.5(0.91 %),0,0,50,5580000,0,49.0
12/09/2017,0,0,112(1.36 %),0,0,0,0,0,49.0
13/09/2017,0,0,114.5(2.23 %),0,0,0,0,0,49.0
14/09/2017,0,0,114.5(0.00 %),0,0,0,0,0,49.0
15/09/2017,0,0,113.8(-0.61 %),0,0,0,0,0,49.0
18/09/2017,0,0,114.2(0.35 %),0,0,0,0,0,49.0
19/09/2017,0,0,113.7(-0.44 %),0,0,0,0,0,49.0
20/09/2017,0,0,114(0.26 %),0,0,0,0,0,49.0
21/09/2017,-100,-11430000,114.1(0.09 %),0,0,100,11430000,0,49.0
22/09/2017,-10,-1170000,116.9(2.45 %),0,0,10,1170000,0,49.0
25/09/2017,0,0,118(0.94 %),0,0,0,0,0,49.0
26/09/2017,0,0,117.1(-0.76 %),0,0,0,0,0,49.0
27/09/2017,0,0,115(-1.79 %),0,0,0,0,0,49.0
28/09/2017,0,0,115.3(0.26 %),0,0,0,0,0,49.0
29/09/2017,0,0,116.3(0.87 %),0,0,0,0,0,49.0
02/10/2017,0,0,117.3(0.86 %),0,0,0,0,0,49.0
03/10/2017,0,0,118(0.60 %),0,0,0,0,0,49.0
04/10/2017,0,0,118(0.00 %),0,0,0,0,0,49.0
05/10/2017,0,0,117(-0.85 %),0,0,0,0,0,49.0
06/10/2017,0,0,117.5(0.43 %),0,0,0,0,0,49.0
09/10/2017,0,0,119(1.28 %),0,0,0,0,0,49.0
10/10/2017,0,0,123.5(3.78 %),0,0,0,0,0,49.0
11/10/2017,0,0,122.2(-1.05 %),0,0,0,0,0,49.0
12/10/2017,0,0,123(0.65 %),0,0,0,0,0,49.0
13/10/2017,0,0,125(1.63 %),0,0,0,0,0,49.0
16/10/2017,0,0,127.5(2.00 %),0,0,0,0,0,49.0
17/10/2017,0,0,127.6(0.08 %),0,0,0,0,0,49.0
18/10/2017,0,0,128.5(0.71 %),0,0,0,0,0,49.0
19/10/2017,0,0,132(2.72 %),0,0,0,0,0,49.0
20/10/2017,0,0,127.5(-3.41 %),910010,127401400000,910010,127401400000,0,49.0
23/10/2017,0,0,125.5(-1.57 %),0,0,0,0,0,49.0
24/10/2017,0,0,128(1.99 %),0,0,0,0,0,49.0
25/10/2017,0,0,131.3(2.58 %),0,0,0,0,0,49.0
26/10/2017,0,0,130.3(-0.76 %),479630,67148200000,479630,67148200000,0,49.0
27/10/2017,0,0,131(0.54 %),0,0,0,0,0,49.0
30/10/2017,0,0,129.8(-0.92 %),0,0,0,0,0,49.0
31/10/2017,0,0,128.5(-1.00 %),0,0,0,0,0,49.0
01/11/2017,0,0,126.9(-1.25 %),0,0,0,0,0,49.0
02/11/2017,0,0,120(-5.44 %),0,0,0,0,0,49.0
03/11/2017,0,0,125.5(4.58 %),0,0,0,0,0,49.0
06/11/2017,0,0,127(1.20 %),0,0,0,0,0,49.0
07/11/2017,0,0,126.3(-0.55 %),0,0,0,0,0,49.0
08/11/2017,0,0,128(1.35 %),0,0,0,0,0,49.0
09/11/2017,0,0,129(0.78 %),0,0,0,0,0,49.0
10/11/2017,0,0,128.9(-0.08 %),0,0,0,0,0,49.0
13/11/2017,0,0,128(-0.70 %),0,0,0,0,0,49.0
14/11/2017,0,0,134.5(5.08 %),0,0,0,0,0,49.0
15/11/2017,0,0,133.5(-0.74 %),0,0,0,0,0,49.0
16/11/2017,-7740,-1044900000,134.5(0.75 %),0,0,7740,1044900000,0,49.0
17/11/2017,0,0,134(-0.37 %),0,0,0,0,0,49.0
20/11/2017,0,0,136.5(1.87 %),0,0,0,0,0,49.0
21/11/2017,0,0,136.5(0.00 %),0,0,0,0,0,49.0
22/11/2017,0,0,137.5(0.73 %),0,0,0,0,0,49.0
23/11/2017,0,0,136.8(-0.51 %),0,0,0,0,0,49.0
24/11/2017,0,0,136.6(-0.15 %),0,0,0,0,0,49.0
27/11/2017,0,0,133(-2.64 %),0,0,0,0,0,49.0
28/11/2017,0,0,132.6(-0.30 %),0,0,0,0,0,49.0
29/11/2017,-40,-5370000,134.5(1.43 %),0,0,40,5370000,0,49.0
30/11/2017,0,0,135(0.37 %),0,0,0,0,0,49.0
01/12/2017,0,0,135.9(0.67 %),0,0,0,0,0,49.0
04/12/2017,0,0,136.2(0.22 %),0,0,0,0,0,49.0
05/12/2017,0,0,132.7(-2.57 %),0,0,0,0,0,49.0
06/12/2017,0,0,129.7(-2.26 %),0,0,0,0,0,49.0
07/12/2017,0,0,128.7(-0.77 %),0,0,0,0,0,49.0
08/12/2017,0,0,129(0.23 %),0,0,0,0,0,49.0
11/12/2017,0,0,127.2(-1.40 %),0,0,0,0,0,49.0
12/12/2017,0,0,126.5(-0.55 %),0,0,0,0,0,49.0
13/12/2017,0,0,124.1(-1.90 %),0,0,0,0,0,49.0
14/12/2017,0,0,129.5(4.35 %),0,0,0,0,0,49.0
15/12/2017,0,0,132(1.93 %),0,0,0,0,0,49.0
18/12/2017,0,0,132(0.00 %),0,0,0,0,0,49.0
19/12/2017,0,0,134(1.52 %),0,0,0,0,0,49.0
20/12/2017,0,0,133(-0.75 %),131000,18772300000,131000,18772300000,0,49.0
21/12/2017,0,0,129.5(-2.63 %),0,0,0,0,0,49.0
22/12/2017,0,0,132(1.93 %),0,0,0,0,0,49.0
25/12/2017,0,0,131(-0.76 %),0,0,0,0,0,49.0
26/12/2017,0,0,132(0.76 %),0,0,0,0,0,49.0
27/12/2017,0,0,130(-1.52 %),154150,21765980000,154150,21765980000,0,49.0
28/12/2017,0,0,130.8(0.62 %),0,0,0,0,0,49.0
29/12/2017,4482410,627072690000,131(0.15 %),4482410,627072690000,0,0,5,50.47
02/01/2018,0,0,132(0.76 %),0,0,0,0,5,49.0
03/01/2018,0,0,134.6(1.97 %),0,0,0,0,5,49.0
04/01/2018,0,0,134.9(0.22 %),0,0,0,0,5,49.0
05/01/2018,0,0,133.4(-1.11 %),0,0,0,0,5,49.0
08/01/2018,-1020,-134130000,131.3(-1.57 %),0,0,1020,134130000,5,49.0
09/01/2018,0,0,131.5(0.15 %),0,0,0,0,5,49.0
10/01/2018,0,0,132.7(0.91 %),0,0,0,0,1,49.0
11/01/2018,1020,134130000,131.9(-0.60 %),1020,134130000,0,0,1,49.0
12/01/2018,0,0,130.2(-1.29 %),0,0,0,0,1,49.0
15/01/2018,-10,-1300000,130.5(0.23 %),0,0,10,1300000,1,49.0
16/01/2018,0,0,130.9(0.31 %),0,0,0,0,1,49.0
17/01/2018,0,0,128(-2.22 %),0,0,0,0,1,49.0
18/01/2018,10,1280000,129.5(1.17 %),10,1280000,0,0,1,49.0
19/01/2018,0,0,127.5(-1.54 %),0,0,0,0,1,49.0
22/01/2018,0,0,128.5(0.78 %),0,0,0,0,1,49.0
25/01/2018,0,0,129(0.39 %),0,0,0,0,1,49.0
26/01/2018,0,0,127.2(-1.40 %),0,0,0,0,1,49.0
29/01/2018,0,0,123.8(-2.67 %),0,0,0,0,1,49.0
30/01/2018,0,0,125.9(1.70 %),0,0,0,0,1,49.0
31/01/2018,0,0,125.5(-0.32 %),0,0,0,0,1,49.0
01/02/2018,-800,-98970000,134.2(6.93 %),0,0,800,98970000,1,49.0
02/02/2018,1018026,146086730000,126.6(-5.66 %),1018026,146086730000,0,0,0,49.0
05/02/2018,0,0,123.5(-2.45 %),0,0,0,0,0,49.0
06/02/2018,-1900,-222610000,119(-3.64 %),800,96000000,2700,318610000,0,49.0
07/02/2018,0,0,120.5(1.26 %),0,0,0,0,0,49.0
08/02/2018,0,0,118.7(-1.49 %),0,0,0,0,0,49.0
09/02/2018,2700,310500000,112(-5.64 %),2700,310500000,0,0,0,49.0
12/02/2018,0,0,113.9(1.70 %),0,0,0,0,0,49.0
13/02/2018,-1000,-118000000,120(5.36 %),0,0,1000,118000000,0,49.0
21/02/2018,0,0,123(2.50 %),0,0,0,0,0,49.0
22/02/2018,0,0,119(-3.25 %),0,0,0,0,0,49.0
23/02/2018,980,117110000,119.8(0.67 %),1000,119500000,20,2390000,0,49.0
26/02/2018,0,0,121(1.00 %),0,0,0,0,2,49.0
27/02/2018,0,0,126(4.13 %),315000,40761000000,315000,40761000000,2,49.0
28/02/2018,20,2500000,124(-1.59 %),20,2500000,0,0,2,49.0
01/03/2018,0,0,122.5(-1.21 %),0,0,0,0,2,49.0
02/03/2018,-100,-12060000,121.5(-0.82 %),0,0,100,12060000,2,49.0
05/03/2018,0,0,119.5(-1.65 %),0,0,0,0,2,49.0
06/03/2018,0,0,117(-2.09 %),0,0,0,0,2,49.0
07/03/2018,100,11600000,114.1(-2.48 %),340100,42545600000,340000,42534000000,2,49.0
08/03/2018,0,0,115.1(0.88 %),0,0,0,0,2,49.0
09/03/2018,-5200,-603030000,116.1(0.87 %),20080,2471850000,25280,3074880000,2,49.0
12/03/2018,0,0,117(0.78 %),0,0,0,0,2,49.0
13/03/2018,0,0,116(-0.85 %),0,0,0,0,2,49.0
14/03/2018,5200,608400000,115(-0.86 %),5200,608400000,0,0,2,49.0
15/03/2018,0,0,113.5(-1.30 %),20000,2460000000,20000,2460000000,2,49.0
16/03/2018,0,0,113.4(-0.09 %),0,0,0,0,2,49.0
19/03/2018,0,0,117(3.17 %),0,0,0,0,2,49.0
20/03/2018,0,0,120(2.56 %),0,0,0,0,2,49.0
21/03/2018,0,0,120(0.00 %),0,0,0,0,2,49.0
22/03/2018,0,0,118.1(-1.58 %),0,0,0,0,2,49.0
23/03/2018,0,0,116.2(-1.61 %),0,0,0,0,2,49.0
26/03/2018,0,0,115(-1.03 %),0,0,0,0,2,49.0
27/03/2018,0,0,114(-0.87 %),0,0,0,0,2,49.0
28/03/2018,0,0,113.2(-0.70 %),0,0,0,0,2,49.0
29/03/2018,0,0,113.1(-0.09 %),0,0,0,0,2,49.0
30/03/2018,0,0,112.8(-0.27 %),0,0,0,0,2,49.0
02/04/2018,0,0,110.1(-2.39 %),0,0,0,0,2,49.0
03/04/2018,0,0,103(-6.45 %),0,0,0,0,2,49.0
04/04/2018,0,0,104.9(1.84 %),0,0,0,0,2,49.0
05/04/2018,0,0,105.4(0.48 %),0,0,0,0,2,49.0
06/04/2018,0,0,105.3(-0.09 %),0,0,0,0,2,49.0
09/04/2018,0,0,103.4(-1.80 %),0,0,0,0,2,49.0
10/04/2018,-40,-4140000,101(-2.32 %),0,0,40,4140000,2,49.0
11/04/2018,0,0,99.8(-1.19 %),0,0,0,0,2,49.0
12/04/2018,0,0,103.5(3.71 %),0,0,0,0,2,49.0
13/04/2018,40,4200000,105.4(1.84 %),40,4200000,0,0,2,49.0
16/04/2018,0,0,106(0.57 %),0,0,0,0,2,49.0
17/04/2018,0,0,105.2(-0.75 %),0,0,0,0,2,49.0
18/04/2018,0,0,103(-2.09 %),0,0,0,0,2,49.0
19/04/2018,0,0,98(-4.85 %),0,0,0,0,2,49.0
20/04/2018,-7940,-790030000,102.1(4.18 %),0,0,7940,790030000,2,49.0
23/04/2018,0,0,107(4.80 %),0,0,0,0,2,49.0
24/04/2018,0,0,105.7(0.19 %),0,0,0,0,2,49.0
26/04/2018,7940,837670000,100.8(-4.64 %),7940,837670000,0,0,2,49.0
27/04/2018,0,0,102(1.19 %),0,0,0,0,2,49.0
02/05/2018,0,0,101.5(-0.49 %),78080,8518530000,78080,8518530000,2,49.0
03/05/2018,0,0,101.6(0.10 %),0,0,0,0,2,49.0
04/05/2018,0,0,101.5(-0.10 %),0,0,0,0,2,49.0
07/05/2018,0,0,108(6.40 %),0,0,0,0,2,49.0
08/05/2018,0,0,105.6(-2.22 %),0,0,0,0,2,49.0
09/05/2018,0,0,105.9(0.28 %),0,0,0,0,2,49.0
10/05/2018,0,0,100(-5.57 %),0,0,0,0,2,49.0
11/05/2018,0,0,103(3.00 %),42610,4559270000,42610,4559270000,2,49.0
14/05/2018,0,0,105(1.94 %),0,0,0,0,2,49.0
15/05/2018,0,0,106.8(1.71 %),0,0,0,0,2,49.0
16/05/2018,0,0,105(-1.69 %),0,0,0,0,2,49.0
17/05/2018,0,0,103.2(-1.71 %),0,0,0,0,2,49.0
18/05/2018,-900,-92700000,106(2.71 %),0,0,900,92700000,2,49.0
21/05/2018,0,0,110.3(4.06 %),0,0,0,0,2,49.0
22/05/2018,0,0,109(-1.18 %),0,0,0,0,2,49.0
23/05/2018,900,98100000,113(3.67 %),900,98100000,0,0,2,49.0
24/05/2018,0,0,113.7(0.62 %),0,0,0,0,2,49.0
25/05/2018,0,0,110(-3.25 %),0,0,0,0,2,49.0
28/05/2018,0,0,102.3(-7.00 %),0,0,0,0,2,49.0
29/05/2018,0,0,105(2.64 %),0,0,0,0,2,49.0
30/05/2018,0,0,103(-1.90 %),0,0,0,0,2,49.0
31/05/2018,0,0,106.2(3.11 %),0,0,0,0,2,49.0
01/06/2018,0,0,109(2.64 %),0,0,0,0,2,49.0
04/06/2018,0,0,109(0.00 %),0,0,0,0,2,49.0
05/06/2018,0,0,110.9(1.74 %),0,0,0,0,2,49.0
06/06/2018,-340,-39980000,118.5(6.85 %),0,0,340,39980000,2,49.0
07/06/2018,0,0,116.4(-1.77 %),0,0,0,0,2,49.0
08/06/2018,0,0,121(3.95 %),0,0,0,0,2,49.0
11/06/2018,340,40630000,122.7(1.40 %),340,40630000,0,0,2,49.0
12/06/2018,0,0,120.1(-2.12 %),0,0,0,0,2,49.0
13/06/2018,0,0,122.6(2.08 %),0,0,0,0,2,49.0
14/06/2018,0,0,123(0.33 %),0,0,0,0,2,49.0
15/06/2018,0,0,123.8(0.65 %),0,0,0,0,2,49.0
18/06/2018,0,0,118(-4.68 %),0,0,0,0,2,49.0
19/06/2018,0,0,115(-2.54 %),0,0,0,0,2,49.0
20/06/2018,0,0,115.8(0.70 %),0,0,0,0,2,49.0
21/06/2018,0,0,114(-1.55 %),0,0,0,0,2,49.0
22/06/2018,0,0,116.9(2.54 %),0,0,0,0,2,49.0
25/06/2018,0,0,120.9(3.42 %),0,0,0,0,2,49.0
26/06/2018,0,0,120(-0.74 %),0,0,0,0,2,49.0
27/06/2018,0,0,118(-1.67 %),0,0,0,0,2,49.0
28/06/2018,0,0,114.7(-2.80 %),0,0,0,0,2,49.0
29/06/2018,-13800,-1580893000,114(-0.61 %),0,0,13800,1580893000,13802,23.34
02/07/2018,0,0,107(-6.14 %),0,0,0,0,2,49.0
03/07/2018,0,0,100.1(-6.45 %),68000,7779200000,68000,7779200000,2,49.0
04/07/2018,13800,1404840000,104.5(4.40 %),13800,1404840000,0,0,2,49.0
05/07/2018,0,0,101.7(-2.68 %),0,0,0,0,2,49.0
06/07/2018,0,0,106.5(4.72 %),0,0,0,0,2,49.0
09/07/2018,0,0,105(-1.41 %),0,0,0,0,2,49.0
10/07/2018,0,0,104.9(-0.10 %),0,0,0,0,2,49.0
11/07/2018,0,0,101(-3.72 %),0,0,0,0,2,49.0
12/07/2018,0,0,102(0.99 %),0,0,0,0,2,23.34
13/07/2018,0,0,105(2.94 %),0,0,0,0,2,49.0
16/07/2018,0,0,107.2(2.10 %),0,0,0,0,2,49.0
17/07/2018,0,0,112(4.48 %),0,0,0,0,2,49.0
18/07/2018,0,0,113(0.89 %),0,0,0,0,2,23.34
19/07/2018,0,0,115.3(2.04 %),0,0,0,0,2,49.0
20/07/2018,0,0,113.5(-1.56 %),0,0,0,0,2,49.0
23/07/2018,0,0,113.9(0.35 %),0,0,0,0,2,23.34
24/07/2018,0,0,112.4(-1.32 %),0,0,0,0,2,49.0
25/07/2018,0,0,110.5(-1.69 %),96000,11539200000,96000,11539200000,2,49.0
26/07/2018,-800,-88400000,110(-0.45 %),0,0,800,88400000,2,49.0
27/07/2018,0,0,113.8(3.45 %),0,0,0,0,2,49.0
30/07/2018,0,0,116(1.93 %),40000,4620000000,40000,4620000000,2,49.0
31/07/2018,800,93200000,116.8(0.69 %),800,93200000,0,0,-798,23.34
01/08/2018,0,0,113.6(-2.74 %),23040,2877696000,23040,2877696000,2,23.34
02/08/2018,0,0,113.8(0.18 %),0,0,0,0,2,49.0
03/08/2018,0,0,112.5(-1.14 %),0,0,0,0,2,49.0
06/08/2018,0,0,111(-1.33 %),100000,12030000000,100000,12030000000,2,23.34
07/08/2018,0,0,111(0.00 %),0,0,0,0,2,23.34
08/08/2018,0,0,113.9(2.61 %),0,0,0,0,2,49.0
09/08/2018,0,0,114.4(0.44 %),0,0,0,0,2,49.0
10/08/2018,0,0,115.4(0.87 %),0,0,0,0,2,49.0
13/08/2018,0,0,114.2(-1.04 %),0,0,0,0,2,49.0
14/08/2018,0,0,117.7(3.06 %),0,0,0,0,2,49.0
15/08/2018,0,0,116(-1.44 %),0,0,0,0,2,49.0
16/08/2018,0,0,118.9(2.50 %),0,0,0,0,2,49.0
17/08/2018,0,0,118.1(-0.67 %),0,0,0,0,2,23.34
20/08/2018,0,0,121(2.46 %),20000,2526000000,20000,2526000000,2,23.34
21/08/2018,0,0,122(0.83 %),50000,6400000000,50000,6400000000,2,49.0
22/08/2018,0,0,121.7(-0.25 %),0,0,0,0,2,49.0
23/08/2018,0,0,121.9(0.16 %),43000,5594600000,43000,5594600000,2,49.0
24/08/2018,0,0,121(-0.74 %),30000,3870000000,30000,3870000000,2,23.34
27/08/2018,0,0,123.4(1.98 %),20000,2580000000,20000,2580000000,2,49.0
28/08/2018,-2910,-360790000,123(-0.32 %),0,0,2910,360790000,2,49.0
29/08/2018,0,0,122.3(-0.57 %),0,0,0,0,2,49.0
30/08/2018,0,0,123(0.57 %),0,0,0,0,2,49.0
31/08/2018,2910,359970000,120(-2.44 %),2910,359970000,0,0,2,49.0
04/09/2018,0,0,118.4(-1.33 %),0,0,0,0,2,23.34
05/09/2018,0,0,116.3(-1.77 %),50820,6433810000,50820,6433810000,2,49.0
06/09/2018,-1200,-140640000,116.4(0.09 %),0,0,1200,140640000,1202,23.34
07/09/2018,0,0,117.3(0.77 %),0,0,0,0,1202,23.34
10/09/2018,0,0,117.4(0.09 %),0,0,0,0,2,49.0
11/09/2018,1200,141840000,120.5(2.64 %),1200,141840000,0,0,2,49.0
12/09/2018,0,0,120.9(0.33 %),0,0,0,0,2,49.0
13/09/2018,0,0,121.5(0.50 %),0,0,0,0,2,49.0
14/09/2018,0,0,122(0.41 %),0,0,0,0,2,49.0
17/09/2018,0,0,120.5(-1.23 %),0,0,0,0,2,49.0
18/09/2018,0,0,122(1.24 %),0,0,0,0,2,49.0
19/09/2018,0,0,121.9(-0.08 %),0,0,0,0,2,49.0
20/09/2018,0,0,121.5(-0.33 %),0,0,0,0,2,49.0
21/09/2018,0,0,126(3.70 %),0,0,0,0,2,49.0
24/09/2018,0,0,126.7(0.56 %),0,0,0,0,2,49.0
25/09/2018,0,0,126.3(-0.32 %),0,0,0,0,2,49.0
26/09/2018,0,0,125(-1.03 %),0,0,0,0,2,49.0
27/09/2018,0,0,128(2.40 %),42000,5615400000,42000,5615400000,2,49.0
28/09/2018,0,0,127.2(-0.62 %),0,0,0,0,2,49.0
01/10/2018,0,0,127(-0.16 %),0,0,0,0,4,49.0
02/10/2018,-5000,-638358000,127(0.00 %),0,0,5000,638358000,5004,49.0
03/10/2018,0,0,128.1(0.87 %),0,0,0,0,4,49.0
04/10/2018,0,0,128.9(0.62 %),0,0,0,0,4,49.0
05/10/2018,5000,645000000,126.5(-1.86 %),5000,645000000,0,0,4,49.0
08/10/2018,0,0,128(1.19 %),0,0,0,0,4,49.0
09/10/2018,0,0,129.5(1.17 %),0,0,0,0,4,49.0
10/10/2018,0,0,131(1.16 %),0,0,0,0,4,49.0
11/10/2018,-7620,-964667000,124.5(-4.96 %),0,0,7620,964667000,7624,49.0
12/10/2018,-30000,-3996000000,127.5(2.41 %),0,0,30000,3996000000,37624,48.99
15/10/2018,0,0,125.5(-1.57 %),20000,2728000000,20000,2728000000,4,49.0
16/10/2018,7620,952500000,127.4(1.51 %),7620,952500000,0,0,-7616,49.0
17/10/2018,30000,4089000000,128(0.47 %),30000,4089000000,0,0,-29996,49.01
18/10/2018,0,0,126.5(-1.17 %),30000,4107000000,30000,4107000000,4,49.0
19/10/2018,0,0,125.1(-1.11 %),0,0,0,0,4,49.0
22/10/2018,0,0,124.7(-0.32 %),0,0,0,0,4,49.0
23/10/2018,0,0,119.5(-4.17 %),0,0,0,0,4,49.0
24/10/2018,0,0,116.5(-2.51 %),0,0,0,0,4,49.0
25/10/2018,-1000,-112800000,113(-3.00 %),0,0,1000,112800000,4,49.0
26/10/2018,0,0,108(-4.42 %),0,0,0,0,4,49.0
29/10/2018,0,0,104.7(-3.06 %),0,0,0,0,4,49.0
30/10/2018,1000,105000000,107.1(2.29 %),1000,105000000,0,0,-996,49.0
31/10/2018,0,0,112.8(5.32 %),0,0,0,0,4,49.0
01/11/2018,0,0,110.5(-2.04 %),0,0,0,0,4,49.0
02/11/2018,0,0,112.5(1.81 %),0,0,0,0,4,49.0
05/11/2018,0,0,111.4(-0.98 %),0,0,0,0,4,49.0
06/11/2018,0,0,111.4(0.00 %),0,0,0,0,4,49.0
07/11/2018,0,0,112(0.54 %),0,0,0,0,4,49.0
08/11/2018,0,0,110(-1.79 %),0,0,0,0,4,49.0
09/11/2018,-10,-1100000,106(-3.64 %),0,0,10,1100000,4,49.0
12/11/2018,0,0,110(3.77 %),0,0,0,0,4,49.0
13/11/2018,-20,-2158000,107.7(-2.09 %),0,0,20,2158000,24,49.0
14/11/2018,10,1079000,107.3(-0.37 %),10,1079000,0,0,14,49.0
15/11/2018,0,0,107(-0.28 %),0,0,0,0,4,49.0
16/11/2018,20,2160000,107.2(0.19 %),20,2160000,0,0,4,49.0
19/11/2018,-8000,-657600000,84.7(5.35 %),0,0,8000,657600000,4,49.0
20/11/2018,0,0,84.3(-0.47 %),0,0,0,0,4,49.0
21/11/2018,0,0,84.8(0.59 %),0,0,0,0,4,49.0
22/11/2018,8000,686400000,85.8(1.18 %),8000,686400000,0,0,4,49.0
23/11/2018,0,0,84(-2.10 %),0,0,0,0,4,49.0
26/11/2018,0,0,85(1.19 %),0,0,0,0,4,49.0
27/11/2018,0,0,84.4(-0.71 %),36000,3272400000,36000,3272400000,4,49.0
28/11/2018,0,0,84.6(0.24 %),111970,10110890000,111970,10110890000,4,49.0
29/11/2018,0,0,85(0.47 %),0,0,0,0,4,49.0
30/11/2018,0,0,84.5(-0.59 %),0,0,0,0,4,49.0
03/12/2018,0,0,88(4.14 %),0,0,0,0,4,49.0
04/12/2018,0,0,88(0.00 %),0,0,0,0,4,49.0
05/12/2018,0,0,88.8(0.91 %),0,0,0,0,4,49.0
06/12/2018,0,0,87.9(-1.01 %),0,0,0,0,4,49.0
07/12/2018,-2250,-198987000,88.6(0.80 %),0,0,2250,198987000,2254,65.31
10/12/2018,0,0,88(-0.68 %),0,0,0,0,0,49.0
11/12/2018,0,0,87.8(-0.23 %),0,0,0,0,0,49.0
12/12/2018,0,0,89.5(1.94 %),0,0,0,0,0,65.31
13/12/2018,0,0,89(-0.56 %),20000,1914000000,20000,1914000000,0,65.31
14/12/2018,0,0,87.9(-1.24 %),0,0,0,0,0,49.0
17/12/2018,-10,-870000,85(-3.30 %),196720,18491680000,196730,18492550000,0,49.0
18/12/2018,0,0,85.3(0.35 %),0,0,0,0,0,49.0
19/12/2018,0,0,85.8(0.59 %),0,0,0,0,0,49.0
20/12/2018,-20,-1700000,85.5(-0.35 %),0,0,20,1700000,0,49.0
21/12/2018,0,0,87(1.75 %),0,0,0,0,0,49.0
24/12/2018,0,0,86.5(-0.57 %),0,0,0,0,0,49.0
25/12/2018,0,0,85.4(-1.27 %),0,0,0,0,0,49.0
26/12/2018,0,0,85.4(0.00 %),0,0,0,0,0,65.31
27/12/2018,0,0,86.4(1.17 %),0,0,0,0,0,65.31
28/12/2018,0,0,87(0.69 %),88230,8152450000,88230,8152450000,0,49.0
02/01/2019,0,0,85.5(-1.72 %),0,0,0,0,0,65.31
03/01/2019,0,0,83(-2.92 %),0,0,0,0,0,65.31
04/01/2019,-10000,-830000000,83.6(0.72 %),0,0,10000,830000000,0,49.0
07/01/2019,0,0,85(1.67 %),0,0,0,0,0,65.31
08/01/2019,0,0,84(-1.18 %),0,0,0,0,0,49.0
09/01/2019,0,0,85.4(1.67 %),0,0,0,0,0,49.0
10/01/2019,0,0,86(0.70 %),0,0,0,0,0,49.0
11/01/2019,0,0,85(-1.16 %),0,0,0,0,0,65.31
14/01/2019,0,0,85(0.00 %),0,0,0,0,0,49.0
15/01/2019,0,0,85.7(0.82 %),0,0,0,0,0,49.0
16/01/2019,6188030,566707462000,85.3(-0.47 %),6188040,566708320000,10,858000,2,67.24
17/01/2019,0,0,85.3(0.00 %),0,0,0,0,2,49.0
18/01/2019,0,0,84.4(-1.06 %),0,0,0,0,2,49.0
21/01/2019,10,840000,83.7(-0.83 %),10,840000,0,0,2,49.0
22/01/2019,0,0,83.8(0.12 %),0,0,0,0,2,49.0
23/01/2019,0,0,83.6(-0.24 %),0,0,0,0,2,49.0
24/01/2019,0,0,83.6(0.00 %),0,0,0,0,2,64.7
25/01/2019,0,0,83.2(-0.48 %),0,0,0,0,2,64.7
28/01/2019,0,0,83.6(0.48 %),0,0,0,0,2,64.7
29/01/2019,0,0,85.5(2.27 %),0,0,0,0,2,64.7
30/01/2019,0,0,83.6(-2.22 %),0,0,0,0,2,64.7
31/01/2019,0,0,83(-0.72 %),0,0,0,0,2,49.0
01/02/2019,0,0,83(0.00 %),0,0,0,0,2,49.0
11/02/2019,0,0,84.6(1.93 %),0,0,0,0,2,64.7
12/02/2019,0,0,84.6(0.00 %),0,0,0,0,2,64.7
13/02/2019,0,0,86.2(1.89 %),0,0,0,0,2,64.7
14/02/2019,0,0,85.7(-0.58 %),0,0,0,0,2,49.0
15/02/2019,0,0,86.1(0.47 %),0,0,0,0,2,49.0
18/02/2019,0,0,86.1(0.00 %),0,0,0,0,2,64.7
19/02/2019,-550,-47575000,87(1.05 %),0,0,550,47575000,552,64.7
20/02/2019,0,0,87.1(0.11 %),0,0,0,0,2,49.0
21/02/2019,0,0,87.9(0.92 %),0,0,0,0,552,64.7
22/02/2019,550,48240000,89(1.25 %),550,48240000,0,0,2,49.0
25/02/2019,0,0,89.6(0.67 %),0,0,0,0,2,49.0
26/02/2019,0,0,88.5(-1.23 %),0,0,0,0,2,64.7
27/02/2019,0,0,88.2(-0.34 %),0,0,0,0,2,64.7
28/02/2019,0,0,86.8(-1.59 %),0,0,0,0,2,49.0
01/03/2019,0,0,87.5(0.81 %),0,0,0,0,2,64.7
04/03/2019,0,0,89(1.71 %),0,0,0,0,2,64.7
05/03/2019,0,0,87.8(-1.35 %),0,0,0,0,2,64.7
06/03/2019,0,0,88.1(0.34 %),0,0,0,0,2,64.7
07/03/2019,0,0,87.7(-0.45 %),0,0,0,0,2,64.7
08/03/2019,0,0,86.6(-1.25 %),0,0,0,0,2,64.7
11/03/2019,0,0,87.4(0.92 %),0,0,0,0,2,64.7
12/03/2019,0,0,88.5(1.26 %),0,0,0,0,2,64.7
13/03/2019,0,0,89.4(1.02 %),0,0,0,0,2,49.0
14/03/2019,0,0,89(-0.45 %),0,0,0,0,2,64.7
15/03/2019,0,0,88.6(-0.45 %),0,0,0,0,2,49.0
18/03/2019,0,0,89.2(0.68 %),0,0,0,0,2,49.0
19/03/2019,-1650,-147350000,89.1(-0.11 %),0,0,1650,147350000,2,49.0
20/03/2019,0,0,88.5(-0.67 %),0,0,0,0,2,49.0
21/03/2019,0,0,87.9(-0.68 %),0,0,0,0,2,49.0
22/03/2019,1650,145040000,87.2(-0.80 %),204970,17939400000,203320,17794360000,2,49.0
25/03/2019,-10690,-916471000,83.8(-3.90 %),0,0,10690,916471000,10692,64.69
26/03/2019,0,0,84.1(0.36 %),0,0,0,0,10692,64.69
27/03/2019,0,0,84.4(0.36 %),0,0,0,0,10692,64.69
28/03/2019,10690,903310000,84.4(0.00 %),10690,903310000,0,0,2,49.0
29/03/2019,0,0,84.8(0.47 %),0,0,0,0,2,64.7
01/04/2019,0,0,84.1(-0.83 %),0,0,0,0,2,49.0
02/04/2019,0,0,84.1(0.00 %),0,0,0,0,2,64.7
03/04/2019,0,0,83.8(-0.36 %),0,0,0,0,2,49.0
04/04/2019,0,0,83.5(-0.36 %),0,0,0,0,2,49.0
05/04/2019,0,0,84.1(0.72 %),0,0,0,0,2,49.0
08/04/2019,0,0,84(-0.12 %),0,0,0,0,2,64.7
09/04/2019,0,0,83.7(-0.36 %),0,0,0,0,2,64.7
10/04/2019,0,0,82.8(-1.08 %),0,0,0,0,2,64.7
11/04/2019,0,0,82.5(-0.36 %),0,0,0,0,2,49.0
12/04/2019,0,0,82.5(0.00 %),0,0,0,0,2,49.0
16/04/2019,0,0,81.7(-0.97 %),0,0,0,0,2,64.7
17/04/2019,-15270,-1247930000,81.8(0.12 %),0,0,15270,1247930000,2,49.0
18/04/2019,0,0,81.4(-0.49 %),0,0,0,0,2,49.0
19/04/2019,0,0,82.2(0.98 %),0,0,0,0,15272,64.69
22/04/2019,15270,1261302000,83(0.97 %),15270,1261302000,0,0,2,64.7
23/04/2019,0,0,82.8(-0.24 %),0,0,0,0,2,64.7
24/04/2019,0,0,83(0.24 %),0,0,0,0,2,64.7
25/04/2019,0,0,83.5(0.60 %),0,0,0,0,2,49.0
26/04/2019,0,0,84.9(1.68 %),0,0,0,0,2,64.7
02/05/2019,0,0,86(1.30 %),0,0,0,0,2,64.7
03/05/2019,0,0,85.9(-0.12 %),0,0,0,0,2,49.0
06/05/2019,0,0,83.8(-2.44 %),0,0,0,0,2,49.0
07/05/2019,0,0,83.9(0.12 %),0,0,0,0,2,49.0
08/05/2019,0,0,83.5(-0.48 %),0,0,0,0,2,64.7
09/05/2019,0,0,84.1(0.72 %),0,0,0,0,2,64.7
10/05/2019,0,0,85(1.07 %),0,0,0,0,2,64.7
13/05/2019,0,0,85.2(0.24 %),0,0,0,0,2,64.7
14/05/2019,0,0,85.5(0.35 %),0,0,0,0,2,64.7
15/05/2019,10,860000,87(1.75 %),10,860000,0,0,0,49.0
16/05/2019,0,0,86(-1.15 %),0,0,0,0,0,49.0
17/05/2019,0,0,86.5(0.58 %),0,0,0,0,2,49.0
20/05/2019,0,0,88.3(2.08 %),0,0,0,0,2,64.7
21/05/2019,0,0,88.2(-0.11 %),0,0,0,0,2,49.0
22/05/2019,0,0,88.5(0.34 %),0,0,0,0,2,49.0
23/05/2019,0,0,87.6(-1.02 %),0,0,0,0,2,49.0
24/05/2019,0,0,88.7(1.26 %),0,0,0,0,2,49.0
27/05/2019,0,0,87.7(-1.13 %),0,0,0,0,2,64.7
28/05/2019,0,0,88.2(0.57 %),0,0,0,0,2,49.0
29/05/2019,0,0,87.5(-0.79 %),0,0,0,0,2,64.7
30/05/2019,0,0,87.6(0.11 %),0,0,0,0,2,64.7
31/05/2019,0,0,86.1(-1.71 %),0,0,0,0,2,49.0
03/06/2019,0,0,85(-1.28 %),0,0,0,0,2,64.7
04/06/2019,0,0,86(1.18 %),0,0,0,0,2,49.0
05/06/2019,0,0,86.6(0.70 %),0,0,0,0,2,49.0
06/06/2019,0,0,86.5(-0.12 %),0,0,0,0,2,49.0
07/06/2019,0,0,88.3(2.08 %),862660,79796050000,862660,79796050000,2,49.0
10/06/2019,0,0,88.6(0.34 %),86993,8212139200,86993,8212139200,2,64.7
11/06/2019,0,0,89.6(1.13 %),0,0,0,0,2,49.0
12/06/2019,0,0,90.7(1.23 %),0,0,0,0,2,64.7
13/06/2019,0,0,89.4(-1.43 %),0,0,0,0,2,64.7
14/06/2019,0,0,89.1(-0.34 %),0,0,0,0,2,64.7
17/06/2019,0,0,87.8(-1.46 %),831947,79284549100,831947,79284549100,2,64.7
18/06/2019,0,0,88.3(0.57 %),0,0,0,0,2,64.7
19/06/2019,0,0,88.6(0.34 %),0,0,0,0,2,49.0
20/06/2019,0,0,90.7(2.37 %),0,0,0,0,2,49.0
21/06/2019,0,0,91(0.33 %),0,0,0,0,2,64.7
24/06/2019,0,0,91.4(0.44 %),0,0,0,0,2,64.7
25/06/2019,-11100,-1012300000,91.8(0.44 %),0,0,11100,1012300000,11102,64.69
26/06/2019,0,0,92.8(1.09 %),0,0,0,0,7,49.0
27/06/2019,0,0,91(-1.94 %),0,0,0,0,11102,64.69
28/06/2019,11100,1012320000,92.8(1.98 %),11100,1012320000,0,0,2,64.7
01/07/2019,0,0,94.7(2.05 %),0,0,0,0,7,64.7
02/07/2019,0,0,95.5(0.84 %),0,0,0,0,7,49.0
03/07/2019,0,0,95.6(0.10 %),0,0,0,0,7,49.0
04/07/2019,0,0,95.5(-0.10 %),0,0,0,0,7,64.7
05/07/2019,0,0,95.4(-0.10 %),0,0,0,0,7,49.0
08/07/2019,0,0,94.3(-1.15 %),0,0,0,0,7,49.0
09/07/2019,0,0,97(2.86 %),0,0,0,0,7,49.0
10/07/2019,-130,-12837000,98.4(1.44 %),0,0,130,12837000,137,64.7
11/07/2019,0,0,98(-0.41 %),0,0,0,0,137,64.7
12/07/2019,0,0,98.1(0.10 %),0,0,0,0,137,64.7
15/07/2019,130,12840000,101.2(3.16 %),130,12840000,0,0,7,49.0
16/07/2019,0,0,102.2(0.99 %),0,0,0,0,7,49.0
17/07/2019,0,0,101.6(-0.59 %),0,0,0,0,7,49.0
18/07/2019,0,0,103.9(2.26 %),0,0,0,0,7,64.7
19/07/2019,0,0,105.9(1.92 %),1340470,148121940000,1340470,148121940000,7,49.0
22/07/2019,0,0,106.5(0.57 %),0,0,0,0,7,49.0
23/07/2019,0,0,108.9(2.25 %),2293093,260266055500,2293093,260266055500,7,64.7
24/07/2019,0,0,107.4(-1.38 %),0,0,0,0,7,49.0
25/07/2019,0,0,107.9(0.47 %),0,0,0,0,7,49.0
26/07/2019,0,0,106.7(-1.11 %),0,0,0,0,7,64.7
29/07/2019,0,0,106(-0.66 %),40000,4564000000,40000,4564000000,7,49.0
30/07/2019,0,0,103.7(-2.17 %),0,0,0,0,7,49.0
31/07/2019,0,0,106.8(2.99 %),0,0,0,0,7,49.0
01/08/2019,0,0,108.5(1.59 %),0,0,0,0,7,49.0
02/08/2019,0,0,108(-0.46 %),0,0,0,0,7,49.0
05/08/2019,0,0,109.5(1.39 %),40000,4620000000,40000,4620000000,7,64.7
06/08/2019,-6020,-651690000,110(0.46 %),20000,2342000000,26020,2993690000,7,49.0
07/08/2019,0,0,114(3.64 %),70000,8239000000,70000,8239000000,7,49.0
08/08/2019,0,0,113(-0.88 %),2442000,289784000000,2442000,289784000000,7,49.0
09/08/2019,4680,530040000,115.9(2.57 %),85350,10278690000,80670,9748650000,7,49.0
12/08/2019,0,0,117(0.95 %),20000,2480000000,20000,2480000000,7,49.0
13/08/2019,0,0,117.8(0.68 %),40000,5004000000,40000,5004000000,1347,64.7
14/08/2019,670,79460000,118.9(0.93 %),30670,3859460000,30000,3780000000,7,49.0
15/08/2019,0,0,120(0.93 %),50000,6360000000,50000,6360000000,677,64.7
16/08/2019,0,0,117.3(-2.25 %),0,0,0,0,677,64.7
19/08/2019,0,0,117.9(0.51 %),0,0,0,0,677,64.7
20/08/2019,0,0,120(1.78 %),0,0,0,0,677,64.7
21/08/2019,0,0,120.3(0.25 %),0,0,0,0,677,64.7
22/08/2019,0,0,117.5(-2.33 %),0,0,0,0,677,64.7
23/08/2019,0,0,116.5(-0.85 %),26660,3351162000,26660,3351162000,677,64.7
26/08/2019,0,0,116.4(-0.09 %),0,0,0,0,677,64.7
27/08/2019,0,0,114(-2.06 %),0,0,0,0,677,64.7
28/08/2019,0,0,113.8(-0.18 %),0,0,0,0,677,64.7
29/08/2019,0,0,115(1.05 %),0,0,0,0,7,49.0
30/08/2019,0,0,116.9(1.65 %),0,0,0,0,7,49.0
03/09/2019,0,0,117.6(0.60 %),0,0,0,0,7,64.7
04/09/2019,0,0,117.9(0.26 %),0,0,0,0,7,49.0
05/09/2019,0,0,116.2(-1.44 %),0,0,0,0,7,64.7
06/09/2019,0,0,117(0.69 %),0,0,0,0,7,49.0
09/09/2019,0,0,116.1(-0.77 %),0,0,0,0,7,49.0
10/09/2019,0,0,114.9(-1.03 %),0,0,0,0,7,49.0
11/09/2019,0,0,115.1(0.17 %),0,0,0,0,7,64.7
12/09/2019,0,0,116.8(1.48 %),0,0,0,0,7,64.7
13/09/2019,0,0,122.4(4.79 %),0,0,0,0,7,64.7
16/09/2019,0,0,123.5(0.90 %),0,0,0,0,7,64.7
17/09/2019,0,0,123.4(-0.08 %),511788,63430430000,511788,63430430000,7,49.0
18/09/2019,0,0,122(-1.13 %),1615641,197108202000,1615641,197108202000,7,64.7
19/09/2019,0,0,125.2(2.62 %),0,0,0,0,7,64.7
20/09/2019,0,0,126.5(1.04 %),53330,7140890000,53330,7140890000,7,49.0
23/09/2019,0,0,124(-1.98 %),2225236,300412860000,2225236,300412860000,7,49.0
24/09/2019,0,0,122(-1.61 %),0,0,0,0,7,49.0
25/09/2019,0,0,125.5(2.87 %),0,0,0,0,7,49.0
26/09/2019,0,0,126(0.40 %),79240,10634010000,79240,10634010000,7,49.0
27/09/2019,0,0,128(1.59 %),0,0,0,0,7,64.7
30/09/2019,0,0,126.1(-1.48 %),156946,21485907400,156946,21485907400,7,64.7
01/10/2019,0,0,127.5(1.11 %),0,0,0,0,7,49.0
02/10/2019,0,0,125.2(-1.80 %),75330,9768112000,75330,9768112000,7,64.7
03/10/2019,0,0,125.1(-0.08 %),0,0,0,0,7,49.0
04/10/2019,-2200,-273762000,123(-1.68 %),0,0,2200,273762000,2207,64.7
07/10/2019,0,0,121(-1.63 %),0,0,0,0,2207,64.7
08/10/2019,0,0,123(1.65 %),0,0,0,0,7,49.0
09/10/2019,2200,271480000,123.6(0.49 %),2200,271480000,0,0,7,49.0
10/10/2019,0,0,123.6(0.00 %),0,0,0,0,7,64.7
11/10/2019,0,0,123.4(-0.16 %),0,0,0,0,0,49.0
14/10/2019,0,0,124.7(1.05 %),0,0,0,0,0,49.0
15/10/2019,0,0,125.5(0.64 %),0,0,0,0,7,64.7
16/10/2019,0,0,125.1(-0.32 %),0,0,0,0,0,49.0
17/10/2019,0,0,122.9(-1.76 %),0,0,0,0,7,64.7
18/10/2019,0,0,122.9(0.00 %),50000,6575000000,50000,6575000000,7,64.7
21/10/2019,0,0,122.9(0.00 %),0,0,0,0,7,64.7
22/10/2019,0,0,123.1(0.16 %),0,0,0,0,7,64.7
23/10/2019,0,0,123.2(0.08 %),0,0,0,0,7,64.7
24/10/2019,0,0,127.5(3.49 %),0,0,0,0,0,49.0
25/10/2019,0,0,127.9(0.31 %),0,0,0,0,7,64.7
28/10/2019,0,0,127.6(-0.23 %),0,0,0,0,7,64.7
29/10/2019,0,0,127(-0.47 %),0,0,0,0,7,64.7
30/10/2019,0,0,124.9(-1.65 %),0,0,0,0,7,64.7
31/10/2019,0,0,124.6(-0.24 %),0,0,0,0,0,49.0
01/11/2019,-10,-1246000,125.2(0.48 %),0,0,10,1246000,17,64.7
04/11/2019,0,0,126.1(0.72 %),194000,25976600000,194000,25976600000,17,64.7
05/11/2019,0,0,125.6(-0.40 %),0,0,0,0,17,64.7
06/11/2019,10,1256000,124.6(-0.80 %),10,1256000,0,0,7,64.7
07/11/2019,0,0,125.3(0.56 %),0,0,0,0,0,49.0
08/11/2019,0,0,124.6(-0.56 %),0,0,0,0,0,49.0
11/11/2019,0,0,121.9(-2.17 %),0,0,0,0,0,49.0
12/11/2019,0,0,122.3(0.33 %),0,0,0,0,1,49.0
13/11/2019,0,0,119.9(-1.96 %),0,0,0,0,7,64.7
14/11/2019,0,0,116.8(-2.59 %),0,0,0,0,1,49.0
15/11/2019,0,0,118.5(1.46 %),0,0,0,0,7,64.7
18/11/2019,0,0,117.8(-0.59 %),0,0,0,0,1,49.0
19/11/2019,0,0,119(1.02 %),0,0,0,0,7,64.7
20/11/2019,0,0,117.1(-1.60 %),0,0,0,0,0,49.0
21/11/2019,0,0,113.5(-3.07 %),0,0,0,0,7,64.7
22/11/2019,0,0,112(-1.32 %),0,0,0,0,0,49.0
25/11/2019,-10,-1127000,112(0.00 %),0,0,10,1127000,17,64.7
26/11/2019,0,0,113.5(1.34 %),0,0,0,0,17,64.7
27/11/2019,0,0,113.2(-0.26 %),0,0,0,0,17,64.7
28/11/2019,10,1110000,109(-3.71 %),10,1110000,0,0,2,49.0
29/11/2019,0,0,109(0.00 %),0,0,0,0,7,64.7
02/12/2019,0,0,108.4(-0.55 %),0,0,0,0,2,49.0
03/12/2019,-160,-17380000,109.2(0.74 %),100000,11590000000,100160,11607380000,2,49.0
04/12/2019,0,0,113(3.48 %),0,0,0,0,162,64.7
05/12/2019,0,0,110.6(-2.12 %),0,0,0,0,2,49.0
06/12/2019,160,17700000,110.8(0.18 %),160,17700000,0,0,2,49.0
09/12/2019,0,0,110.9(0.09 %),0,0,0,0,2,49.0
10/12/2019,0,0,111(0.09 %),0,0,0,0,2,64.7
11/12/2019,0,0,113(1.80 %),0,0,0,0,2,49.0
12/12/2019,0,0,113.4(0.35 %),0,0,0,0,2,49.0
13/12/2019,0,0,113(-0.35 %),0,0,0,0,2,64.7
16/12/2019,0,0,113.2(0.18 %),0,0,0,0,2,64.7
17/12/2019,-110,-12518000,113.3(0.09 %),0,0,110,12518000,112,64.7
18/12/2019,0,0,110(-2.91 %),0,0,0,0,2,49.0
19/12/2019,0,0,110(0.00 %),0,0,0,0,2,49.0
20/12/2019,-90,-9963000,110.7(0.64 %),110,12177000,200,22140000,202,64.7
23/12/2019,0,0,111(0.27 %),0,0,0,0,2,49.0
24/12/2019,0,0,111.3(0.27 %),66786,7927500000,66786,7927500000,2,49.0
25/12/2019,200,22320000,113.9(2.34 %),200,22320000,0,0,2,49.0
26/12/2019,0,0,113.3(-0.53 %),0,0,0,0,2,49.0
27/12/2019,0,0,113.5(0.18 %),0,0,0,0,2,64.7
30/12/2019,0,0,114(0.44 %),0,0,0,0,2,64.7
31/12/2019,-50,-5715000,114(0.00 %),0,0,50,5715000,52,64.7
02/01/2020,0,0,117(2.63 %),0,0,0,0,2,64.7
03/01/2020,0,0,115.3(-1.45 %),0,0,0,0,2,64.7
06/01/2020,50,5740000,114.7(-0.52 %),50,5740000,0,0,2,49.0
07/01/2020,0,0,115.6(0.78 %),0,0,0,0,2,64.7
08/01/2020,0,0,112.8(-2.42 %),0,0,0,0,2,49.0
09/01/2020,-4000,-455600000,114.5(1.51 %),0,0,4000,455600000,2,49.0
10/01/2020,-8720,-998547000,115.1(0.52 %),0,0,8720,998547000,12722,64.7
13/01/2020,0,0,114.5(-0.52 %),0,0,0,0,2,49.0
14/01/2020,4000,459200000,113.9(-0.52 %),4000,459200000,0,0,8722,64.7
15/01/2020,8720,993210000,114(0.09 %),8720,993210000,0,0,2,49.0
16/01/2020,0,0,115.4(1.23 %),0,0,0,0,2,49.0
17/01/2020,0,0,116.1(0.61 %),0,0,0,0,2,49.0
20/01/2020,4735260,588117030000,118.6(2.15 %),5272320,654819880000,537060,66702850000,8,49.0
21/01/2020,0,0,120(1.18 %),250000,31725000000,250000,31725000000,8,49.0
22/01/2020,0,0,119.2(-0.67 %),0,0,0,0,8,66.11
30/01/2020,-2930,-339880000,114(-4.36 %),0,0,2930,339880000,2938,66.11
31/01/2020,0,0,110.8(-2.81 %),0,0,0,0,8,49.0
03/02/2020,0,0,108.8(-1.81 %),0,0,0,0,8,64.26
04/02/2020,2930,319370000,107.9(-0.83 %),2930,319370000,0,0,8,49.0
05/02/2020,0,0,108(0.09 %),0,0,0,0,8,49.0
06/02/2020,0,0,109.5(1.39 %),0,0,0,0,8,64.26
07/02/2020,0,0,108.7(-0.73 %),0,0,0,0,8,49.0
10/02/2020,0,0,105.8(-2.67 %),0,0,0,0,8,49.0
11/02/2020,0,0,106.5(0.66 %),0,0,0,0,8,64.26
12/02/2020,0,0,109(2.35 %),0,0,0,0,8,64.26
13/02/2020,0,0,108(-0.92 %),0,0,0,0,8,64.26
14/02/2020,0,0,107.1(-0.83 %),0,0,0,0,8,49.0
17/02/2020,-5000,-531000000,107.5(0.37 %),0,0,5000,531000000,5008,64.26
18/02/2020,0,0,108.9(1.30 %),0,0,0,0,8,49.0
19/02/2020,0,0,110.5(1.47 %),0,0,0,0,5008,64.26
20/02/2020,5000,555000000,110.6(0.09 %),5000,555000000,0,0,8,64.26
21/02/2020,0,0,110.6(0.00 %),0,0,0,0,8,64.26
24/02/2020,0,0,106.2(-3.98 %),0,0,0,0,8,64.26
25/02/2020,0,0,107(0.75 %),0,0,0,0,8,49.0
26/02/2020,0,0,106.2(-0.75 %),0,0,0,0,8,64.26
27/02/2020,0,0,108.4(2.07 %),0,0,0,0,8,49.0
28/02/2020,-260,-27529000,106.5(-1.75 %),0,0,260,27529000,268,64.26
02/03/2020,-2200,-234300000,106.5(0.00 %),0,0,2200,234300000,2468,64.26
03/03/2020,10,1080000,106.4(-0.09 %),10,1080000,0,0,3,49.0
04/03/2020,260,27534000,106(-0.38 %),260,27534000,0,0,2198,64.26
05/03/2020,2200,233200000,105.5(-0.47 %),2200,233200000,0,0,3,49.0
06/03/2020,0,0,103.1(-2.27 %),0,0,0,0,3,64.26
09/03/2020,0,0,95.9(-6.98 %),0,0,0,0,3,64.26
10/03/2020,-36470,-3315480000,93.9(-2.09 %),0,0,36470,3315480000,3,49.0
11/03/2020,0,0,87.4(-6.92 %),0,0,0,0,3,49.0
12/03/2020,0,0,81.3(-6.98 %),0,0,0,0,36473,64.25
13/03/2020,24550,2225520000,79(-2.83 %),95830,8327630000,71280,6102110000,3,49.0
16/03/2020,0,0,76(-3.80 %),61590,5204360000,61590,5204360000,3,49.0
17/03/2020,0,0,77.3(1.71 %),0,0,0,0,3,49.0
18/03/2020,8670,674526000,78.8(1.94 %),8670,674526000,0,0,36473,64.25
19/03/2020,0,0,75.6(-4.06 %),0,0,0,0,0,49.0
20/03/2020,0,0,77.2(2.12 %),0,0,0,0,0,49.0
23/03/2020,0,0,71.8(-6.99 %),0,0,0,0,27803,64.26
24/03/2020,0,0,68.8(-4.18 %),340000,26112000000,340000,26112000000,0,49.0
25/03/2020,0,0,73(6.10 %),0,0,0,0,0,49.0
26/03/2020,0,0,68(-6.85 %),0,0,0,0,27803,64.26
27/03/2020,0,0,63.3(-6.91 %),0,0,0,0,27803,64.26
30/03/2020,0,0,59.5(-6.00 %),0,0,0,0,0,49.0
31/03/2020,0,0,58.9(-1.01 %),0,0,0,0,27803,64.26
01/04/2020,0,0,61.2(3.90 %),0,0,0,0,0,49.0
03/04/2020,0,0,65.4(6.86 %),0,0,0,0,27803,64.26
06/04/2020,0,0,69.9(6.88 %),0,0,0,0,0,49.0
07/04/2020,0,0,74.6(6.72 %),0,0,0,0,27803,64.26
08/04/2020,0,0,74(-0.80 %),0,0,0,0,0,49.0
09/04/2020,0,0,73(-1.35 %),0,0,0,0,27803,64.26
10/04/2020,0,0,71.7(-1.78 %),0,0,0,0,0,49.0
13/04/2020,-8490,-611280000,75(4.60 %),0,0,8490,611280000,36293,64.25
14/04/2020,0,0,74.8(-0.27 %),0,0,0,0,0,49.0
15/04/2020,0,0,76.8(2.67 %),0,0,0,0,36293,64.25
16/04/2020,8490,645240000,76.9(0.13 %),8490,645240000,0,0,0,49.0
17/04/2020,0,0,82(6.63 %),363620,29889564000,363620,29889564000,27803,64.26
20/04/2020,0,0,84.3(2.80 %),0,0,0,0,0,49.0
21/04/2020,-6000,-496600000,79.4(-5.81 %),1336661,120426822200,1342661,120923422200,33803,64.25
22/04/2020,0,0,82(3.27 %),49710,4220380000,49710,4220380000,0,49.0
23/04/2020,0,0,83.5(1.83 %),0,0,0,0,33803,64.25
24/04/2020,6000,501000000,83(-0.60 %),6000,501000000,0,0,0,49.0
27/04/2020,0,0,82.2(-0.96 %),0,0,0,0,27803,64.26
28/04/2020,0,0,80.9(-1.58 %),0,0,0,0,27803,64.26
29/04/2020,0,0,81.7(0.99 %),0,0,0,0,0,49.0
04/05/2020,0,0,79.4(-2.82 %),0,0,0,0,0,49.0
05/05/2020,0,0,79.3(-0.13 %),0,0,0,0,27803,64.26
06/05/2020,-9140,-740340000,81.2(2.40 %),0,0,9140,740340000,36943,64.25
07/05/2020,0,0,82.6(1.72 %),0,0,0,0,0,49.0
08/05/2020,0,0,83.8(1.45 %),0,0,0,0,36943,64.25
11/05/2020,9140,767760000,85(1.43 %),9140,767760000,0,0,0,49.0
12/05/2020,0,0,83.3(-2.00 %),0,0,0,0,27803,64.26
13/05/2020,0,0,83.9(0.72 %),20000,1782000000,20000,1782000000,27803,64.26
14/05/2020,0,0,83(-1.07 %),0,0,0,0,0,49.0
15/05/2020,0,0,82.1(-1.08 %),0,0,0,0,27803,64.26
18/05/2020,0,0,85.5(4.14 %),0,0,0,0,27803,64.26
19/05/2020,0,0,87.2(1.99 %),0,0,0,0,0,49.0
20/05/2020,0,0,86.5(-0.80 %),0,0,0,0,27803,64.26
21/05/2020,0,0,87(0.58 %),0,0,0,0,27803,64.26
22/05/2020,0,0,85(-2.30 %),84580,15188284340,84580,15188284340,27803,64.26
25/05/2020,0,0,86.1(1.29 %),200000,17280000000,200000,17280000000,27803,64.26
26/05/2020,0,0,86.5(0.46 %),0,0,0,0,6,49.0
27/05/2020,0,0,84.8(-1.97 %),0,0,0,0,6,49.0
28/05/2020,0,0,84.7(-0.12 %),0,0,0,0,27803,64.26
29/05/2020,0,0,84.6(-0.12 %),0,0,0,0,0,49.0
01/06/2020,0,0,86(1.65 %),0,0,0,0,27803,64.26
02/06/2020,0,0,85.3(-0.81 %),0,0,0,0,27803,64.26
03/06/2020,0,0,85.4(0.12 %),0,0,0,0,27803,64.26
04/06/2020,0,0,85.5(0.12 %),0,0,0,0,27803,64.26
05/06/2020,0,0,86.1(0.70 %),0,0,0,0,0,49.0
08/06/2020,0,0,90.1(4.65 %),0,0,0,0,0,49.0
09/06/2020,0,0,88.7(-1.55 %),0,0,0,0,27803,64.26
10/06/2020,0,0,89.4(0.79 %),0,0,0,0,27803,64.26
11/06/2020,0,0,83.2(-6.94 %),0,0,0,0,0,49.0
12/06/2020,0,0,86(3.37 %),0,0,0,0,0,49.0
15/06/2020,0,0,82.5(-4.07 %),0,0,0,0,0,49.0
16/06/2020,0,0,84.4(2.30 %),0,0,0,0,0,49.0
17/06/2020,0,0,83.8(-0.71 %),0,0,0,0,0,49.0
18/06/2020,0,0,83.8(0.00 %),0,0,0,0,0,49.0
19/06/2020,0,0,84.5(0.84 %),250000,21150000000,250000,21150000000,27803,64.26
22/06/2020,0,0,85.9(1.66 %),250000,21400000000,250000,21400000000,0,49.0
23/06/2020,0,0,85.3(-0.70 %),820000,75358000000,820000,75358000000,27803,64.26
24/06/2020,0,0,85(-0.35 %),1200000,101880000000,1200000,101880000000,0,49.0
25/06/2020,0,0,83.6(-1.65 %),0,0,0,0,0,49.0
26/06/2020,0,0,84.2(0.72 %),0,0,0,0,0,49.0
29/06/2020,0,0,81.5(-3.21 %),0,0,0,0,0,49.0
30/06/2020,0,0,80.8(-0.86 %),0,0,0,0,27803,64.26
01/07/2020,0,0,82(1.49 %),0,0,0,0,27803,64.26
02/07/2020,0,0,81.8(-0.24 %),0,0,0,0,27803,64.26
03/07/2020,0,0,81.7(-0.12 %),0,0,0,0,0,49.0
06/07/2020,0,0,83.5(2.20 %),0,0,0,0,27803,64.26
07/07/2020,0,0,83.7(0.24 %),1151963,102870295900,1151963,102870295900,27803,64.26
08/07/2020,0,0,83.6(-0.12 %),0,0,0,0,0,49.0
09/07/2020,0,0,84(0.48 %),2147078,180783970000,2147078,180783970000,0,49.0
10/07/2020,0,0,82.9(-1.31 %),0,0,0,0,27803,64.26
13/07/2020,0,0,82.8(-0.12 %),0,0,0,0,0,49.0
14/07/2020,0,0,82.9(0.12 %),0,0,0,0,27803,64.26
15/07/2020,0,0,84.6(2.05 %),0,0,0,0,27803,64.26
16/07/2020,0,0,84.8(0.24 %),0,0,0,0,0,49.0
17/07/2020,0,0,84(-0.94 %),0,0,0,0,0,49.0
20/07/2020,0,0,83.3(-0.83 %),0,0,0,0,27803,64.26
21/07/2020,0,0,83.7(0.48 %),0,0,0,0,0,49.0
22/07/2020,0,0,83.2(-0.60 %),0,0,0,0,0,49.0
23/07/2020,0,0,83(-0.24 %),0,0,0,0,27803,64.26
24/07/2020,0,0,79.2(-4.58 %),0,0,0,0,0,49.0
27/07/2020,0,0,73.7(-6.94 %),0,0,0,0,0,49.0
28/07/2020,-500,-37150000,76(3.12 %),0,0,500,37150000,28303,64.26
29/07/2020,0,0,73(-3.95 %),0,0,0,0,28303,64.26
30/07/2020,0,0,74.3(1.78 %),296931,21930660000,296931,21930660000,0,49.0
31/07/2020,500,36250000,74.5(0.27 %),500,36250000,0,0,27803,64.26
03/08/2020,0,0,76(2.01 %),0,0,0,0,27803,64.26
04/08/2020,0,0,77(1.32 %),0,0,0,0,0,49.0
05/08/2020,0,0,79.2(2.86 %),0,0,0,0,0,49.0
06/08/2020,0,0,79.3(0.13 %),0,0,0,0,27803,64.26
07/08/2020,0,0,78.6(-0.88 %),0,0,0,0,0,49.0
10/08/2020,0,0,79(0.51 %),0,0,0,0,27803,64.26
11/08/2020,0,0,79.5(0.63 %),0,0,0,0,0,49.0
12/08/2020,0,0,79.8(0.38 %),0,0,0,0,27803,64.26
13/08/2020,0,0,82.2(3.01 %),0,0,0,0,27803,64.26
14/08/2020,0,0,83.1(1.09 %),0,0,0,0,27803,64.26
17/08/2020,0,0,82.2(-1.08 %),0,0,0,0,27803,64.26
18/08/2020,0,0,81.4(-0.97 %),0,0,0,0,0,49.0
19/08/2020,0,0,81.8(0.49 %),0,0,0,0,27803,64.26
20/08/2020,0,0,81.7(-0.12 %),0,0,0,0,0,49.0
21/08/2020,0,0,82(0.37 %),0,0,0,0,27803,64.26
24/08/2020,0,0,84.1(2.56 %),0,0,0,0,27803,64.26
25/08/2020,0,0,87.6(4.16 %),0,0,0,0,0,49.0
26/08/2020,0,0,87.3(-0.34 %),0,0,0,0,27803,64.26
27/08/2020,0,0,88.9(1.83 %),0,0,0,0,27803,64.26
28/08/2020,0,0,92.8(4.39 %),20000,1902000000,20000,1902000000,0,49.0
31/08/2020,0,0,93.4(0.65 %),0,0,0,0,0,49.0
01/09/2020,0,0,93.8(0.43 %),27010,2698299000,27010,2698299000,27803,64.26
03/09/2020,0,0,94.8(1.07 %),0,0,0,0,0,49.0
04/09/2020,0,0,94.1(-0.74 %),0,0,0,0,0,49.0
07/09/2020,-8000,-752000000,90.3(-4.04 %),0,0,8000,752000000,35803,64.25
08/09/2020,0,0,93.1(3.10 %),0,0,0,0,0,49.0
09/09/2020,0,0,93.4(0.32 %),0,0,0,0,0,49.0
10/09/2020,0,0,93.9(0.54 %),0,0,0,0,35803,64.25
11/09/2020,0,0,93.4(-0.53 %),0,0,0,0,0,49.0
14/09/2020,0,0,93(-0.43 %),0,0,0,0,0,49.0
15/09/2020,0,0,92.9(-0.11 %),0,0,0,0,35803,64.25
16/09/2020,0,0,94.6(1.83 %),0,0,0,0,35803,64.25
17/09/2020,0,0,94.2(-0.42 %),0,0,0,0,35803,64.25
18/09/2020,0,0,94.5(0.32 %),0,0,0,0,0,49.0
21/09/2020,0,0,98.4(4.13 %),0,0,0,0,0,49.0
22/09/2020,0,0,99.6(1.22 %),0,0,0,0,35803,48.99
23/09/2020,0,0,101.9(2.31 %),0,0,0,0,0,49.0
24/09/2020,0,0,101.2(-0.69 %),0,0,0,0,0,49.0
25/09/2020,0,0,100.5(-0.69 %),0,0,0,0,0,49.0
28/09/2020,-330,-33660000,103(2.49 %),0,0,330,33660000,0,49.0
29/09/2020,-500,-52450000,103.5(0.49 %),0,0,500,52450000,0,49.0
30/09/2020,0,0,104.3(0.77 %),0,0,0,0,36633,64.25
01/10/2020,0,0,105(0.67 %),0,0,0,0,36633,64.25
02/10/2020,500,52500000,104(-0.95 %),500,52500000,0,0,0,49.0
05/10/2020,0,0,104(0.00 %),0,0,0,0,0,49.0
06/10/2020,0,0,105.2(1.15 %),0,0,0,0,36133,64.25
07/10/2020,-500,-53850000,107.6(2.28 %),0,0,500,53850000,36633,64.25
08/10/2020,0,0,109.5(1.77 %),0,0,0,0,36633,64.25
09/10/2020,0,0,109(-0.46 %),0,0,0,0,36633,64.25
12/10/2020,0,0,107.5(-1.38 %),32500,3740750000,32500,3740750000,36633,64.25
13/10/2020,0,0,106.2(-1.21 %),0,0,0,0,36633,64.25
14/10/2020,-670,-72780000,109(2.64 %),0,0,670,72780000,37303,64.25
15/10/2020,0,0,109.4(0.37 %),0,0,0,0,37303,64.25
16/10/2020,0,0,108.4(-0.91 %),0,0,0,0,37303,64.25
19/10/2020,650,69810000,106.8(-1.48 %),650,69810000,0,0,36653,64.25
20/10/2020,-10,-1060000,106.8(0.00 %),0,0,10,1060000,0,49.0
21/10/2020,0,0,105.8(-0.94 %),0,0,0,0,36663,64.25
22/10/2020,-500,-53800000,108.5(2.55 %),0,0,500,53800000,37163,64.25
23/10/2020,-500,-55000000,110(1.38 %),0,0,500,55000000,37663,64.25
26/10/2020,0,0,110(0.00 %),0,0,0,0,37663,64.25
27/10/2020,500,55000000,110(0.00 %),20500,2409000000,20000,2354000000,0,49.0
28/10/2020,0,0,105(-4.55 %),0,0,0,0,0,49.0
29/10/2020,0,0,102.3(-2.57 %),0,0,0,0,37163,64.25
30/10/2020,0,0,104.7(2.35 %),32520,3557688000,32520,3557688000,37163,64.25
02/11/2020,0,0,106.4(1.62 %),0,0,0,0,37163,64.25
03/11/2020,0,0,107.2(0.75 %),66649,7584656200,66649,7584656200,37163,64.25
04/11/2020,0,0,106.8(-0.37 %),0,0,0,0,0,49.0
05/11/2020,0,0,106.8(0.00 %),66649,7611320000,66649,7611320000,0,49.0
06/11/2020,0,0,105(-1.69 %),0,0,0,0,0,49.0
09/11/2020,0,0,105.7(0.67 %),0,0,0,0,37163,64.25
10/11/2020,0,0,106(0.28 %),0,0,0,0,37163,64.25
11/11/2020,-2660,-288080000,108(1.89 %),0,0,2660,288080000,0,49.0
12/11/2020,-400,-44200000,111.1(2.87 %),0,0,400,44200000,0,49.0
13/11/2020,-200,-22320000,111.1(0.00 %),0,0,200,22320000,0,49.0
16/11/2020,-100,-11260000,109.7(-1.26 %),0,0,100,11260000,0,49.0
17/11/2020,400,43880000,112(2.10 %),400,43880000,0,0,40123,64.25
18/11/2020,200,22340000,110.6(-1.25 %),200,22340000,0,0,0,49.0
19/11/2020,-760,-84096000,112(1.27 %),0,0,760,84096000,40683,64.25
20/11/2020,0,0,110.8(-1.07 %),0,0,0,0,0,49.0
23/11/2020,-100,-11300000,113.2(2.17 %),0,0,100,11300000,0,49.0
24/11/2020,760,86560000,112(-1.06 %),760,86560000,0,0,0,49.0
25/11/2020,0,0,112(0.00 %),0,0,0,0,0,49.0
26/11/2020,100,11200000,112.8(0.71 %),100,11200000,0,0,0,49.0
27/11/2020,0,0,115.5(2.39 %),0,0,0,0,0,49.0
30/11/2020,0,0,116(0.43 %),0,0,0,0,0,49.0
01/12/2020,0,0,116(0.00 %),0,0,0,0,0,64.26
02/12/2020,0,0,114(-1.72 %),0,0,0,0,0,49.0
03/12/2020,0,0,114.7(0.61 %),330000,40227000000,330000,40227000000,0,64.26
04/12/2020,0,0,113.9(-0.70 %),0,0,0,0,0,49.0
07/12/2020,-3660,-418086000,114.3(0.35 %),0,0,3660,418086000,0,64.26
08/12/2020,0,0,114.5(0.17 %),0,0,0,0,0,64.26
09/12/2020,0,0,115(0.44 %),0,0,0,0,0,64.26
10/12/2020,500,57500000,113.8(-1.04 %),500,57500000,0,0,504,64.26
11/12/2020,0,0,114.3(0.44 %),0,0,0,0,504,64.26
14/12/2020,0,0,115.7(1.22 %),0,0,0,0,504,64.26
15/12/2020,0,0,115.3(-0.35 %),0,0,0,0,4,49.0
16/12/2020,0,0,115.5(0.17 %),0,0,0,0,504,64.26
17/12/2020,0,0,113.5(-1.73 %),0,0,0,0,0,49.0
18/12/2020,0,0,115(1.32 %),0,0,0,0,504,64.26
21/12/2020,0,0,116.2(1.04 %),0,0,0,0,504,64.26
22/12/2020,0,0,119.9(3.18 %),0,0,0,0,0,49.0
23/12/2020,0,0,118.1(-1.50 %),0,0,0,0,504,64.26
24/12/2020,0,0,116.7(-1.19 %),0,0,0,0,504,64.26
25/12/2020,-490,-57820000,118.5(1.54 %),0,0,490,57820000,994,64.26
28/12/2020,0,0,117.3(-1.01 %),0,0,0,0,0,49.0
29/12/2020,-3050,-358375000,117.2(-0.09 %),0,0,3050,358375000,4044,64.26
30/12/2020,130,0,117.3(0.09 %),490,0,360,0,3914,64.26
31/12/2020,0,0,118.9(1.36 %),0,0,0,0,0,49.0
04/01/2021,300,358500000,120.6(1.43 %),300,358500000,0,0,50,49.0
05/01/2021,40,48000000,121.9(1.08 %),40,48000000,0,0,10,49.0
06/01/2021,0,0,121.3(-0.49 %),0,0,0,0,10,64.26
07/01/2021,0,0,120.8(-0.41 %),0,0,0,0,10,64.26
08/01/2021,0,0,121.8(0.83 %),0,0,0,0,10,49.0
11/01/2021,-20,-24960000,126.2(3.61 %),10000,13030000000,10020,13054960000,10,49.0
12/01/2021,0,0,126.2(0.00 %),0,0,0,0,210,64.26
13/01/2021,0,0,126.2(0.00 %),0,0,0,0,210,64.26
14/01/2021,200,25240000,127.9(1.35 %),200,25240000,0,0,10,64.26
15/01/2021,0,0,127.8(-0.08 %),0,0,0,0,10,49.0
18/01/2021,0,0,126.4(-1.10 %),30000,4101000000,30000,4101000000,10,64.26
19/01/2021,0,0,120(-5.06 %),0,0,0,0,10,64.26
20/01/2021,0,0,122.8(2.33 %),0,0,0,0,10,49.0
21/01/2021,0,0,125(1.79 %),0,0,0,0,10,46.71
22/01/2021,0,0,127.2(1.76 %),10000,13370000000,10000,13370000000,10,49.0
25/01/2021,0,0,132(3.77 %),0,0,0,0,10,64.26
26/01/2021,0,0,132(0.00 %),257000,36288400000,257000,36288400000,10,64.26
27/01/2021,0,0,133.5(1.14 %),825200,116518240000,825200,116518240000,10,64.26
28/01/2021,0,0,124.2(-6.97 %),410970,586865160000,410970,586865160000,10,49.0
29/01/2021,632759,840225740000,132.7(6.84 %),632789,840264740000,30,39000000,98,49.0
01/02/2021,-16700,-2124700000,123.7(-6.78 %),70000,9933000000,86700,12057700000,16798,66.09
02/02/2021,0,0,128(3.48 %),0,0,0,0,98,66.1
03/02/2021,30,38400000,127.5(-0.39 %),30,38400000,0,0,98,49.0
04/02/2021,1670,2129250000,128.5(0.78 %),1670,2129250000,0,0,98,49.0
05/02/2021,0,0,130.5(1.56 %),0,0,0,0,98,66.1
08/02/2021,0,0,128.5(-1.53 %),0,0,0,0,98,66.1
09/02/2021,0,0,129.5(0.78 %),0,0,0,0,0,49.0
17/02/2021,0,0,138(6.56 %),0,0,0,0,0,49.0
18/02/2021,0,0,139.5(1.09 %),0,0,0,0,0,66.1
19/02/2021,0,0,137.6(-1.36 %),0,0,0,0,0,49.0
22/02/2021,0,0,137(-0.44 %),0,0,0,0,0,66.1
23/02/2021,0,0,136.2(-0.58 %),0,0,0,0,0,49.0
24/02/2021,0,0,133.8(-1.76 %),0,0,0,0,0,66.1
25/02/2021,0,0,135.7(1.42 %),0,0,0,0,0,66.1
26/02/2021,0,0,135(-0.52 %),0,0,0,0,0,49.0
01/03/2021,-300,-40500000,134.8(-0.15 %),0,0,300,40500000,0,66.1
02/03/2021,0,0,135.8(0.74 %),0,0,0,0,0,66.1
03/03/2021,0,0,136.2(0.29 %),0,0,0,0,0,66.1
04/03/2021,0,0,132.8(-2.50 %),0,0,0,0,0,66.1
05/03/2021,0,0,132.2(-0.45 %),0,0,0,0,0,66.1
08/03/2021,0,0,130.8(-1.06 %),35700,5047980000,35700,5047980000,0,66.1
09/03/2021,0,0,128.1(-2.06 %),133333,186533290000,133333,186533290000,0,49.0
10/03/2021,0,0,130.5(1.87 %),0,0,0,0,0,49.0
11/03/2021,0,0,132.5(1.53 %),65100,90879600000,65100,90879600000,0,49.0
12/03/2021,0,0,131.1(-1.06 %),0,0,0,0,0,66.1
15/03/2021,0,0,132.7(1.22 %),0,0,0,0,0,49.0
16/03/2021,0,0,133.2(0.38 %),5000,7095000000,5000,7095000000,0,49.0
17/03/2021,0,0,132.8(-0.52 %),4932,7028530000,4932,7028530000,0,49.0
18/03/2021,0,0,133.6(0.60 %),0,0,0,0,0,66.1
19/03/2021,0,0,133(-0.45 %),0,0,0,0,0,49.0
22/03/2021,0,0,131.9(-0.83 %),0,0,0,0,0,49.0
23/03/2021,0,0,131(-0.68 %),0,0,0,0,0,49.0
24/03/2021,0,0,129.9(-0.84 %),0,0,0,0,0,49.0
25/03/2021,0,0,128.8(-0.85 %),0,0,0,0,0,49.0
26/03/2021,0,0,130(0.93 %),0,0,0,0,0,66.1
29/03/2021,-2000,-261000000,130.1(0.08 %),30000,4173000000,32000,4434000000,0,66.1
30/03/2021,0,0,129.4(-0.54 %),0,0,0,0,0,49.0
31/03/2021,0,0,129.7(0.23 %),0,0,0,0,0,49.0
01/04/2021,0,0,134.3(3.55 %),12120,16810440000,12120,16810440000,0,49.0
02/04/2021,0,0,134.8(0.37 %),0,0,0,0,0,49.0
05/04/2021,0,0,134.1(-0.52 %),0,0,0,0,0,66.1
06/04/2021,0,0,133.3(-0.60 %),0,0,0,0,0,66.1
07/04/2021,0,0,134.5(0.90 %),150000,21390000000,150000,21390000000,0,66.1
08/04/2021,0,0,134(-0.37 %),0,0,0,0,0,66.1
09/04/2021,0,0,133.3(-0.52 %),0,0,0,0,0,66.1
12/04/2021,0,0,134.9(1.20 %),0,0,0,0,0,49.0
13/04/2021,0,0,134.9(0.00 %),0,0,0,0,0,66.1
14/04/2021,-250,-337500000,135.4(0.37 %),0,0,250,337500000,0,49.0
15/04/2021,0,0,133.7(-1.26 %),0,0,0,0,0,31.2
16/04/2021,0,0,134(0.22 %),0,0,0,0,0,49.0
19/04/2021,0,0,137.4(2.54 %),0,0,0,0,0,66.1
20/04/2021,0,0,142.5(3.71 %),25600,37632000000,25600,37632000000,0,49.0
22/04/2021,456040,694934670000,142.5(0.00 %),541868,825235100000,85828,130300430000,15,49.0
23/04/2021,0,0,147.5(3.51 %),8113440,1236488256000,8113440,1236488256000,15,67.42
26/04/2021,0,0,142.5(-3.39 %),2265000,355737000000,2265000,355737000000,15,67.42
27/04/2021,0,0,141.9(-0.42 %),0,0,0,0,15,67.42
28/04/2021,0,0,140(-1.34 %),7160,10868880000,7160,10868880000,0,49.0
29/04/2021,0,0,140.9(0.64 %),0,0,0,0,15,67.42
04/05/2021,0,0,139.4(-1.06 %),136060,178375320000,136060,178375320000,0,49.0
05/05/2021,0,0,140.9(1.08 %),1360605,178375315500,1360605,178375315500,15,67.42
06/05/2021,0,0,142(0.78 %),0,0,0,0,15,67.42
07/05/2021,0,0,140.2(-1.27 %),0,0,0,0,0,49.0
10/05/2021,0,0,138.1(-1.50 %),520000,78000000000,520000,78000000000,15,67.42
11/05/2021,0,0,137.5(-0.43 %),77900,11505830000,77900,11505830000,15,67.42
12/05/2021,0,0,139.5(1.45 %),20000,2942000000,20000,2942000000,15,67.42
13/05/2021,0,0,140(0.36 %),0,0,0,0,0,49.0
14/05/2021,0,0,142.5(1.79 %),0,0,0,0,0,49.0
17/05/2021,0,0,141.5(-0.70 %),40000,6096000000,40000,6096000000,15,67.42
18/05/2021,0,0,141.7(0.14 %),46200,6994680000,46200,6994680000,15,67.42
19/05/2021,0,0,141.7(0.00 %),400000,60640000000,400000,60640000000,15,67.42
20/05/2021,0,0,150(5.86 %),10000,15160000000,10000,15160000000,0,49.0
21/05/2021,0,0,145.4(-3.07 %),345550,554285000000,345550,554285000000,0,49.0
24/05/2021,0,0,146(0.41 %),22180,34489900000,22180,34489900000,0,49.0
25/05/2021,0,0,146(0.00 %),0,0,0,0,0,49.0
26/05/2021,0,0,144.9(-0.75 %),0,0,0,0,15,67.42
27/05/2021,0,0,142.4(-1.73 %),0,0,0,0,0,49.0
28/05/2021,0,0,142.7(0.21 %),7900,12031700000,7900,12031700000,0,49.0
31/05/2021,0,0,138.5(-2.94 %),32750,49976500000,32750,49976500000,0,49.0
01/06/2021,-1300,-177620000,136.5(-1.44 %),0,0,1300,177620000,1315,67.41
02/06/2021,0,0,138.8(1.68 %),0,0,0,0,0,49.0
03/06/2021,0,0,139(0.14 %),120000,17780000000,120000,17780000000,1315,67.41
04/06/2021,1200,166800000,137.5(-1.08 %),1200,166800000,0,0,115,67.41
07/06/2021,-14600,-1978900000,136.1(-1.02 %),36800,5413280000,51400,7392180000,14715,67.41
08/06/2021,0,0,136(-0.07 %),0,0,0,0,14715,67.41
09/06/2021,0,0,136.4(0.29 %),2000,2910000000,2000,2910000000,86,49.0
10/06/2021,0,0,135.3(-0.81 %),0,0,0,0,0,49.0
11/06/2021,0,0,137(1.26 %),0,0,0,0,0,49.0
14/06/2021,0,0,138.1(0.80 %),2100,3076500000,2100,3076500000,0,49.0
15/06/2021,0,0,137.9(-0.14 %),33500,4947950000,33500,4947950000,14715,67.41
16/06/2021,0,0,137(-0.65 %),45500,6711250000,45500,6711250000,14715,67.41
17/06/2021,0,0,139(1.46 %),0,0,0,0,14715,67.41
18/06/2021,0,0,141(1.44 %),0,0,0,0,14715,67.41
21/06/2021,0,0,145.8(3.40 %),0,0,0,0,0,49.0
22/06/2021,0,0,146(0.14 %),194000,302640000000,194000,302640000000,0,49.0
23/06/2021,0,0,144(-1.37 %),1100000,171820000000,1100000,171820000000,0,67.42
24/06/2021,0,0,144(0.00 %),0,0,0,0,0,67.42
25/06/2021,0,0,143.7(-0.21 %),0,0,0,0,0,49.0
28/06/2021,0,0,145.5(1.25 %),30500,4687850000,30500,4687850000,0,67.42
29/06/2021,0,0,147(1.03 %),30000,46680000000,30000,46680000000,0,49.0
30/06/2021,0,0,152(3.40 %),0,0,0,0,0,67.42
01/07/2021,0,0,151.1(-0.59 %),190000,30894000000,190000,30894000000,0,67.42
02/07/2021,-10,-15300000,156.8(3.77 %),0,0,10,15300000,0,49.0
05/07/2021,0,0,166.5(6.19 %),88740,146588500000,88740,146588500000,0,49.0
06/07/2021,0,0,155(-6.91 %),2073333,368850607300,2073333,368850607300,0,67.42
07/07/2021,0,0,165.8(6.97 %),25150,41698700000,25150,41698700000,97,49.0
08/07/2021,0,0,172.5(4.04 %),38680,68618320000,38680,68618320000,97,49.0
09/07/2021,0,0,176.5(2.32 %),224720,414608400000,224720,414608400000,97,49.0
12/07/2021,-20,-34210000,176.6(0.06 %),215250,406392000000,215270,406426210000,0,49.0
13/07/2021,0,0,175(-0.91 %),582300,109996470000,582300,109996470000,297,67.41
14/07/2021,0,0,166.5(-4.86 %),106278,198819940000,106278,198819940000,0,49.0
15/07/2021,0,0,167.1(0.36 %),389800,67873380000,389800,67873380000,297,67.41
16/07/2021,0,0,168.1(0.60 %),2085700,372714590000,2085700,372714590000,297,67.41
19/07/2021,0,0,156.5(-6.90 %),94000,168032000000,94000,168032000000,0,49.0
20/07/2021,-10,-16020000,164.6(5.18 %),5330,8922420000,5340,8938440000,40,49.0
21/07/2021,-100,-16350000,163.4(-0.73 %),653700,114186570000,653800,114202920000,497,67.41
22/07/2021,0,0,165.2(1.10 %),0,0,0,0,40,49.0
23/07/2021,10,16310000,161.7(-2.12 %),81241,143552370000,81231,143536060000,40,49.0
26/07/2021,0,0,160.3(-0.87 %),121100,20950300000,121100,20950300000,397,49.0
27/07/2021,0,0,158(-1.43 %),952700,154988050000,952700,154988050000,397,49.0
28/07/2021,0,0,157.1(-0.57 %),0,0,0,0,397,49.0
29/07/2021,0,0,162.8(3.63 %),0,0,0,0,397,49.0
30/07/2021,0,0,164.1(0.80 %),950000,165395000000,950000,165395000000,397,49.0
02/08/2021,0,0,169.9(3.53 %),0,0,0,0,397,49.0
03/08/2021,0,0,169.9(0.00 %),0,0,0,0,397,49.0
04/08/2021,0,0,170(0.06 %),0,0,0,0,397,49.0
05/08/2021,0,0,173(1.76 %),0,0,0,0,397,49.0
06/08/2021,0,0,171.5(-0.87 %),0,0,0,0,397,49.0
09/08/2021,0,0,173.8(1.34 %),0,0,0,0,397,49.0
10/08/2021,0,0,173.9(0.06 %),0,0,0,0,397,49.0
11/08/2021,0,0,175(0.63 %),0,0,0,0,397,49.0
12/08/2021,0,0,170(-2.86 %),300000,56160000000,300000,56160000000,397,49.0
13/08/2021,0,0,171(0.59 %),95000,17280500000,95000,17280500000,397,49.0
16/08/2021,0,0,170.1(-0.53 %),1342500,245543250000,1342500,245543250000,397,49.0
17/08/2021,0,0,169.9(-0.12 %),50000,9100000000,50000,9100000000,397,49.0
18/08/2021,0,0,172.5(1.53 %),289298,52565446600,289298,52565446600,397,49.0
19/08/2021,0,0,172.5(0.00 %),190000,35055000000,190000,35055000000,397,49.0
20/08/2021,0,0,164(-4.93 %),0,0,0,0,397,49.0
23/08/2021,0,0,158.1(-3.60 %),150000,26310000000,150000,26310000000,397,49.0
24/08/2021,0,0,160.5(1.52 %),0,0,0,0,397,49.0
25/08/2021,0,0,161.5(0.62 %),0,0,0,0,397,49.0
26/08/2021,0,0,162(0.31 %),160000,27648000000,160000,27648000000,397,49.0
27/08/2021,0,0,164.5(1.54 %),0,0,0,0,397,49.0
30/08/2021,0,0,110.6(-32.77 %),0,0,0,0,397,49.0
31/08/2021,0,0,111(0.36 %),0,0,0,0,397,49.0
01/09/2021,0,0,110.2(-0.72 %),0,0,0,0,397,49.0
06/09/2021,0,0,111(0.73 %),21100,2487690000,21100,2487690000,397,49.0
07/09/2021,0,0,110.3(-0.63 %),0,0,0,0,397,49.0
08/09/2021,0,0,111.4(1.00 %),0,0,0,0,397,49.0
09/09/2021,0,0,118.9(6.73 %),0,0,0,0,397,49.0
10/09/2021,0,0,118.9(0.00 %),2013000,256053600000,2013000,256053600000,397,49.0
13/09/2021,0,0,125(5.13 %),0,0,0,0,397,49.0
14/09/2021,0,0,124.5(-0.40 %),550000,73535000000,550000,73535000000,397,49.0
15/09/2021,-1000,-124800000,124.6(0.08 %),0,0,1000,124800000,1397,49.0
16/09/2021,0,0,123.6(-0.80 %),0,0,0,0,1397,49.0
17/09/2021,0,0,123(-0.49 %),0,0,0,0,1397,49.0
20/09/2021,0,0,123(0.00 %),0,0,0,0,1397,73.49
21/09/2021,0,0,123.8(0.65 %),912500,120085000000,912500,120085000000,1397,73.49
22/09/2021,0,0,125.7(1.53 %),0,0,0,0,1397,73.49
23/09/2021,0,0,132(5.01 %),270000,36288000000,270000,36288000000,1397,73.49
24/09/2021,0,0,130.5(-1.14 %),706900,99814280000,706900,99814280000,1397,73.49
27/09/2021,0,0,126(-3.45 %),1975650,275800740000,1975650,275800740000,1397,73.49
28/09/2021,0,0,126.7(0.56 %),0,0,0,0,1397,73.49
29/09/2021,0,0,127.8(0.87 %),300000,40650000000,300000,40650000000,1397,73.49
30/09/2021,0,0,127.8(0.00 %),425300,58138510000,425300,58138510000,1397,73.49
01/10/2021,0,0,126.2(-1.25 %),83631,9943725900,83631,9943725900,1397,73.49
04/10/2021,0,0,126.2(0.00 %),0,0,0,0,1397,73.49
05/10/2021,0,0,126.8(0.48 %),30000,4050000000,30000,4050000000,1397,73.49
06/10/2021,0,0,128.3(1.18 %),105709,14334140400,105709,14334140400,1397,0.0
07/10/2021,0,0,128(-0.23 %),575260,78925672000,575260,78925672000,1397,0.0
08/10/2021,0,0,128.8(0.62 %),165000,22588500000,165000,22588500000,1397,0.0
11/10/2021,0,0,129.5(0.54 %),400000,0,400000,0,1397,0.0
12/10/2021,0,0,132.1(2.01 %),921110,127573735000,921110,127573735000,1397,0.0
13/10/2021,0,0,133.9(1.36 %),500000,70650000000,500000,70650000000,1397,0.0
14/10/2021,0,0,133.5(-0.30 %),200000,28640000000,200000,28640000000,1397,0.0
15/10/2021,0,0,132.4(-0.82 %),70000,9996000000,70000,9996000000,1397,0.0
18/10/2021,0,0,130.7(-1.28 %),93600,13253760000,93600,13253760000,1397,0.0
19/10/2021,0,0,129.7(-0.77 %),239800,33524040000,239800,33524040000,1397,0.0
20/10/2021,-1100,-143420000,129.2(-0.39 %),1486170,206131779000,1487270,206275199000,2497,0.0
21/10/2021,0,0,127(-1.70 %),0,0,0,0,1397,0.0
22/10/2021,0,0,127.6(0.47 %),168400,22868720000,168400,22868720000,1397,0.0
25/10/2021,0,0,128.4(0.63 %),0,0,0,0,1397,0.0
26/10/2021,0,0,128(-0.31 %),0,0,0,0,1397,0.0
27/10/2021,0,0,132(3.12 %),0,0,0,0,1397,0.0
28/10/2021,0,0,132(0.00 %),0,0,0,0,1397,73.49
29/10/2021,0,0,131.4(-0.45 %),0,0,0,0,1397,73.49
01/11/2021,0,0,130(-1.07 %),80320,11284960000,80320,11284960000,0,0.0
02/11/2021,0,0,128.9(-0.85 %),0,0,0,0,1397,73.49
03/11/2021,0,0,128.8(-0.08 %),164800,22725920000,164800,22725920000,1397,0.0
04/11/2021,0,0,129.9(0.85 %),0,0,0,0,1397,0.0
05/11/2021,0,0,132(1.62 %),0,0,0,0,1397,0.0
08/11/2021,0,0,131.6(-0.30 %),0,0,0,0,1397,73.49
09/11/2021,0,0,130(-1.22 %),0,0,0,0,1397,73.49
10/11/2021,0,0,131.5(1.15 %),0,0,0,0,1397,73.49
11/11/2021,0,0,135(2.66 %),0,0,0,0,1397,73.49
12/11/2021,0,0,136(0.74 %),0,0,0,0,1397,73.49
15/11/2021,0,0,139.4(2.50 %),0,0,0,0,1397,73.49
16/11/2021,0,0,137.9(-1.08 %),0,0,0,0,1397,73.49
17/11/2021,0,0,137.9(0.00 %),639900,94385250000,639900,94385250000,1397,0.0
18/11/2021,0,0,139(0.80 %),3118442,459970195000,3118442,459970195000,1397,0.0
19/11/2021,0,0,139(0.00 %),0,0,0,0,1397,73.49
22/11/2021,0,0,138.6(-0.29 %),0,0,0,0,1397,73.49
23/11/2021,0,0,143(3.17 %),0,0,0,0,1397,73.49
24/11/2021,-7000,-993060000,144(0.70 %),0,0,7000,993060000,8397,73.49
25/11/2021,0,0,145(0.69 %),91200,14044800000,91200,14044800000,8397,0.0
26/11/2021,0,0,141.5(-2.41 %),4884500,757585950000,4884500,757585950000,8397,0.0
29/11/2021,0,0,137.5(-2.83 %),0,0,0,0,8397,0.0
30/11/2021,0,0,138.9(1.02 %),0,0,0,0,8397,73.49
01/12/2021,0,0,138.9(0.00 %),0,0,0,0,8397,73.49
02/12/2021,0,0,137(-1.37 %),47500,7058500000,47500,7058500000,8397,0.0
03/12/2021,0,0,133.5(-2.55 %),64100,9390650000,64100,9390650000,8397,0.0
06/12/2021,-37500,-4944520000,131.4(-1.57 %),20000,2856000000,57500,7800520000,45897,0.0
07/12/2021,0,0,133.5(1.60 %),65700,9230850000,65700,9230850000,45897,0.0
08/12/2021,0,0,133.9(0.30 %),0,0,0,0,45897,73.48
09/12/2021,6700,897130000,134(0.07 %),75500,10749290000,68800,9852160000,39197,0.0
10/12/2021,0,0,134.1(0.07 %),0,0,0,0,39197,73.48
13/12/2021,0,0,134.9(0.60 %),220000,31548000000,220000,31548000000,39197,0.0
14/12/2021,0,0,135.4(0.37 %),275000,39682500000,275000,39682500000,39197,49.01
15/12/2021,0,0,135.9(0.37 %),0,0,0,0,39197,49.01
16/12/2021,0,0,133.6(-1.69 %),196200,28527480000,196200,28527480000,39197,0.0
17/12/2021,0,0,134.5(0.67 %),116700,16676430000,116700,16676430000,39197,0.0
20/12/2021,0,0,133(-1.12 %),0,0,0,0,39197,49.01
21/12/2021,0,0,133(0.00 %),48500,6901550000,48500,6901550000,39197,0.0
22/12/2021,0,0,134.8(1.35 %),0,0,0,0,39197,49.01
23/12/2021,0,0,133.6(-0.89 %),1000000,144200000000,1000000,144200000000,39197,0.0
24/12/2021,0,0,134.6(0.75 %),0,0,0,0,39197,49.01
27/12/2021,-1800,-240840000,134.9(0.22 %),0,0,1800,240840000,0,49.0
28/12/2021,0,0,135.8(0.67 %),0,0,0,0,0,49.02
29/12/2021,0,0,134.4(-1.03 %),0,0,0,0,0,49.0
30/12/2021,0,0,134.3(-0.07 %),0,0,0,0,0,49.0
31/12/2021,0,0,135.9(1.19 %),45700,6567090000,45700,6567090000,0,49.0
04/01/2022,0,0,137.8(1.40 %),0,0,0,0,0,49.0
05/01/2022,0,0,137.1(-0.51 %),1074000,158307600000,1074000,158307600000,-51,49.0
06/01/2022,0,0,137.5(0.29 %),0,0,0,0,-51,49.0
07/01/2022,0,0,135.5(-1.45 %),4757200,699784120000,4757200,699784120000,-51,49.0
10/01/2022,0,0,133(-1.85 %),4461500,0,4461500,0,-51,49.0
11/01/2022,0,0,131.8(-0.90 %),1185800,168739340000,1185800,168739340000,-51,49.0
12/01/2022,0,0,136(3.19 %),376200,53044200000,376200,53044200000,-51,49.0
13/01/2022,0,0,135.5(-0.37 %),0,0,0,0,-51,49.0
14/01/2022,0,0,134(-1.11 %),1372200,198831780000,1372200,198831780000,-51,49.0
17/01/2022,0,0,130(-2.99 %),97400,13957420000,97400,13957420000,-51,49.0
18/01/2022,-100,-13110000,130.1(0.08 %),0,0,100,13110000,-51,49.0
19/01/2022,0,0,131.9(1.38 %),1002090,139490928000,1002090,139490928000,-51,49.0
20/01/2022,0,0,132.7(-0.60 %),338000,48266400000,338000,48266400000,36,49.0
21/01/2022,0,0,133.2(-0.60 %),1145000,164078500000,1145000,164078500000,0,49.0
24/01/2022,0,0,129.9(-2.48 %),53000,7552500000,53000,7552500000,0,49.0
25/01/2022,0,0,131(0.85 %),655700,91076730000,655700,91076730000,0,49.0
26/01/2022,0,0,131.9(0.69 %),150000,0,150000,0,0,49.0
27/01/2022,0,0,131.5(-0.30 %),488800,68969680000,488800,68969680000,0,49.0
28/01/2022,0,0,132.5(0.76 %),0,0,0,0,0,49.0
07/02/2022,0,0,133.9(1.06 %),22200,3145740000,22200,3145740000,0,49.0
08/02/2022,0,0,136.3(1.79 %),0,0,0,0,0,49.0
09/02/2022,0,0,137(0.51 %),0,0,0,0,0,49.0
10/02/2022,0,0,136.3(-0.51 %),176600,25871900000,176600,25871900000,0,49.0
11/02/2022,0,0,135.3(-0.73 %),100000,14580000000,100000,14580000000,0,49.0
14/02/2022,0,0,132(-2.44 %),453000,65549100000,453000,65549100000,0,49.0
15/02/2022,0,0,133.3(0.98 %),710500,100322600000,710500,100322600000,-9,49.0
16/02/2022,0,0,132.9(-0.30 %),0,0,0,0,-9,49.0
17/02/2022,0,0,134.5(1.20 %),27700,3938940000,27700,3938940000,-9,49.0
18/02/2022,0,0,134(-0.37 %),0,0,0,0,-9,49.0
21/02/2022,0,0,133.9(-0.07 %),0,0,0,0,-9,49.0
22/02/2022,0,0,137.7(2.84 %),466800,66845760000,466800,66845760000,-9,49.0
23/02/2022,0,0,137.8(0.07 %),294200,43335660000,294200,43335660000,-9,49.0
24/02/2022,0,0,136.8(-0.73 %),50000,7370000000,50000,7370000000,-9,49.0
25/02/2022,0,0,137.6(0.58 %),25000,3657500000,25000,3657500000,-9,49.0
28/02/2022,0,0,136(-1.16 %),322400,47457280000,322400,47457280000,-9,49.0
01/03/2022,0,0,136(0.00 %),0,0,0,0,-9,49.0
02/03/2022,0,0,134.5(-1.10 %),100000,14550000000,100000,14550000000,-9,49.0
03/03/2022,-10500,-1433250000,136.5(1.49 %),78900,11353710000,89400,12786960000,-9,49.0
04/03/2022,0,0,135.8(-0.51 %),949800,138580800000,949800,138580800000,-9,49.0
07/03/2022,0,0,134.2(-1.18 %),345100,50143030000,345100,50143030000,0,49.0
08/03/2022,0,0,134.2(0.00 %),400300,57443050000,400300,57443050000,0,49.0
09/03/2022,0,0,133.8(-0.30 %),170600,24481100000,170600,24481100000,0,49.0
10/03/2022,-700,-93800000,133.5(-0.22 %),246500,35274150000,247200,35367950000,0,49.0
11/03/2022,0,0,133(-0.37 %),120000,17136000000,120000,17136000000,0,49.0
14/03/2022,0,0,131.7(-0.98 %),0,0,0,0,700,49.0
15/03/2022,700,91490000,131.4(-0.23 %),127700,17985790000,127000,17894300000,0,49.0
16/03/2022,0,0,131.4(0.00 %),175500,24657750000,175500,24657750000,0,49.0
17/03/2022,0,0,130.8(-0.46 %),361700,50818850000,361700,50818850000,0,49.0
18/03/2022,0,0,131.6(0.61 %),102300,14311770000,102300,14311770000,0,49.0
21/03/2022,0,0,134.9(2.51 %),0,0,0,0,0,49.0
22/03/2022,0,0,135.2(0.22 %),65000,9379500000,65000,9379500000,0,49.0
23/03/2022,0,0,135(-0.15 %),240200,34732920000,240200,34732920000,0,49.0
24/03/2022,0,0,134(-0.74 %),179800,25963120000,179800,25963120000,0,49.0
25/03/2022,0,0,138.9(3.66 %),40000,5732000000,40000,5732000000,0,49.0
28/03/2022,0,0,144(3.67 %),786000,116799600000,786000,116799600000,0,49.0
29/03/2022,0,0,146.5(1.74 %),899400,138507600000,899400,138507600000,0,49.0
30/03/2022,0,0,144.4(-1.43 %),166000,26012200000,166000,26012200000,0,49.0
31/03/2022,0,0,145.8(0.97 %),50000,7725000000,50000,7725000000,0,49.0
01/04/2022,0,0,156(7.00 %),0,0,0,0,0,49.0
04/04/2022,0,0,155(-0.64 %),338600,56512340000,338600,56512340000,0,49.0
05/04/2022,0,0,155.2(0.13 %),0,0,0,0,0,49.0
06/04/2022,0,0,158.8(2.32 %),220000,36520000000,220000,36520000000,0,49.0
07/04/2022,0,0,155(-2.39 %),0,0,0,0,0,47.73
08/04/2022,0,0,150(-3.23 %),808700,134082460000,808700,134082460000,-65,49.0
12/04/2022,0,0,152.7(1.80 %),0,0,0,0,0,23.88
13/04/2022,9387500,1498969800000,156.2(2.29 %),9567500,1527589800000,180000,28620000000,9387510,47.72
14/04/2022,0,0,159.5(2.11 %),0,0,0,0,0,49.0
15/04/2022,0,0,160.2(0.44 %),620000,0,620000,0,0,49.0
18/04/2022,-3800,-612110000,160.2(0.00 %),316900,54316660000,320700,54928770000,0,49.0
19/04/2022,0,0,156(-2.62 %),796200,136468680000,796200,136468680000,0,49.0
20/04/2022,0,0,156(0.00 %),300000,50070000000,300000,50070000000,0,49.02
21/04/2022,0,0,155.5(-0.32 %),0,0,0,0,0,49.0
22/04/2022,0,0,155.8(0.19 %),590000,98117000000,590000,98117000000,0,49.0
25/04/2022,0,0,144.9(-7.00 %),320000,49834000000,320000,49834000000,0,49.0
26/04/2022,-40000,-5818850000,148.8(2.69 %),889000,137795000000,929000,143613850000,0,49.0
27/04/2022,0,0,147.2(-1.08 %),0,0,0,0,0,49.0
28/04/2022,0,0,145(-1.49 %),705500,111116250000,705500,111116250000,40000,48.99
29/04/2022,37600,5847600000,149.2(2.90 %),1177500,182630250000,1139900,176782650000,0,49.0
04/05/2022,-400,-60320000,149.5(0.20 %),114700,18306120000,115100,18366440000,0,49.0
05/05/2022,0,0,149.4(-0.07 %),0,0,0,0,0,49.02
06/05/2022,2400,351840000,146.6(-1.87 %),273600,40109760000,271200,39757920000,400,49.0
09/05/2022,-2100,-286440000,136.4(-6.96 %),301500,41124600000,303600,41411040000,0,49.0
10/05/2022,-5000,-700500000,140.1(2.71 %),355000,49735500000,360000,50436000000,0,49.0
11/05/2022,-1000,-138170000,141(0.64 %),0,0,1000,138170000,0,49.02
12/05/2022,1500,212250000,134.4(-4.68 %),2500,349750000,1000,137500000,2500,49.02
13/05/2022,0,0,125.1(-6.92 %),849700,122186860000,849700,122186860000,1000,49.0
16/05/2022,1000,123000000,123(-1.68 %),30700,3776100000,29700,3653100000,1000,49.0
17/05/2022,1000,131600000,131.6(6.99 %),1000,131600000,0,0,0,49.0
18/05/2022,0,131600000,133.5(1.44 %),0,131600000,0,0,0,49.0
19/05/2022,0,131600000,133(-0.37 %),0,131600000,0,0,0,49.0
20/05/2022,0,0,134(0.75 %),76100,10197400000,76100,10197400000,0,49.0
23/05/2022,0,0,130.8(-2.39 %),595100,77839080000,595100,77839080000,0,49.0
24/05/2022,0,0,133(1.68 %),0,77839080000,0,77839080000,0,49.0
25/05/2022,0,0,139(4.51 %),0,77839080000,0,77839080000,0,49.0
26/05/2022,0,0,139(0.00 %),490500,68179500000,490500,68179500000,0,49.0
27/05/2022,0,0,146.7(5.54 %),0,68179500000,0,68179500000,0,49.0
30/05/2022,0,0,145.2(-1.02 %),351600,51052320000,351600,51052320000,0,49.0
31/05/2022,0,0,144.9(-0.21 %),518700,75159630000,518700,75159630000,0,49.0
01/06/2022,0,0,145.5(0.41 %),28700,4175850000,28700,4175850000,0,49.0
02/06/2022,0,0,147.7(1.51 %),252300,37264710000,252300,37264710000,0,49.0
03/06/2022,0,0,153.2(3.72 %),171000,26197200000,171000,26197200000,0,49.0
06/06/2022,-10000,-1547000000,154.7(0.98 %),429340,65272630000,439340,66819630000,0,49.0
07/06/2022,-178000,-27234000000,153(-0.46 %),0,0,178000,27234000000,0,49.0
08/06/2022,-234700,-36002980000,153.4(0.26 %),179400,27519960000,414100,63522940000,10000,49.0
09/06/2022,-20300,-3101840000,152.8(-0.39 %),219100,33478480000,239400,36580320000,178000,48.98
10/06/2022,38600,5790000000,150(-1.83 %),279700,41955000000,241100,36165000000,234700,48.97
13/06/2022,216200,30268000000,140(-6.67 %),900500,126070000000,684300,95802000000,7800,49.0
14/06/2022,-168600,-24194100000,143.5(2.50 %),1187900,170463650000,1356500,194657750000,139400,48.98
15/06/2022,117400,17339980000,147.7(2.93 %),1010500,149250850000,893100,131910870000,18500,49.0
16/06/2022,-592200,-46783800000,79(6.90 %),695000,54905000000,1287200,101688800000,176400,48.98
17/06/2022,-651500,-50621550000,77.7(-1.65 %),1821500,141530550000,2473000,192152100000,21950,49.0
20/06/2022,-2554100,-191944960000,73.9(-4.89 %),343400,25916150000,2897500,217861110000,610750,48.92
21/06/2022,-428700,-31509450000,73.5(-0.54 %),795700,58483950000,1224400,89993400000,827950,48.89
22/06/2022,-692500,-48336500000,69.8(-5.03 %),1679300,117215140000,2371800,165551640000,2576050,48.65
23/06/2022,1658700,120255750000,72.5(3.87 %),2576000,186760000000,917300,66504250000,1039450,48.86
24/06/2022,-389400,-27997860000,71.9(-0.83 %),1839400,132252860000,2228800,160250720000,1520450,48.79
27/06/2022,830400,59639060000,71.5(-0.56 %),1520400,109241340000,690000,49602280000,917350,48.87
28/06/2022,-399100,-29054480000,72.8(1.82 %),984700,71686160000,1383800,100740640000,1428850,48.8
29/06/2022,199400,15210900000,73(0.27 %),1835800,133836540000,1636400,118625640000,690050,48.91
30/06/2022,-644400,-46074600000,71.5(-2.05 %),1002100,71650150000,1646500,117724750000,1316450,48.82
01/07/2022,-416200,-29258860000,70.3(-1.68 %),870600,61203180000,1286800,90462040000,1675250,48.77
04/07/2022,-1180500,-80505810000,67.8(-3.56 %),953700,65395150000,2134200,145900960000,1546250,24.41
05/07/2022,-277000,-18143500000,65.5(-3.39 %),1206000,78993000000,1483000,97136500000,2156793,48.85
06/07/2022,-259600,-16614400000,64(-2.29 %),576500,36896000000,836100,53510400000,3907293,48.73
07/07/2022,87400,5593600000,64(0.00 %),521400,33369600000,434000,27776000000,4868893,48.67
08/07/2022,-1000,20253000000,65(1.56 %),195400,57134100000,196400,36881100000,4869893,0.0
11/07/2022,314000,20253000000,64.5(-0.77 %),885800,57134100000,571800,36881100000,3902593,48.73
12/07/2022,-340300,-21915320000,64.4(-0.16 %),293900,18927160000,634200,40842480000,4564193,48.69
13/07/2022,750700,47744520000,63.6(-1.24 %),1219500,77560200000,468800,29815680000,3758526,48.74
14/07/2022,558300,34949580000,62.6(-1.57 %),1215700,76102820000,657400,41153240000,3177026,48.78
15/07/2022,-151400,-9311100000,61.5(-1.76 %),1100900,67705350000,1252300,77016450000,2332026,48.84
18/07/2022,-27400,-1671400000,61(-0.81 %),615900,37569900000,643300,39241300000,2373526,48.84
19/07/2022,324300,19458000000,60(-1.64 %),987700,59262000000,663400,39804000000,2949826,48.8
20/07/2022,-438100,-26811720000,61.2(2.00 %),1299300,79517160000,1737400,106328880000,2909126,48.8
21/07/2022,638000,40895800000,64.1(4.74 %),1876900,120309290000,1238900,79413490000,2272926,48.84
22/07/2022,1658700,104670600000,64.5(0.62 %),2576000,206870850000,917300,102200250000,1122126,48.92
25/07/2022,1065000,67414500000,63.3(-1.86 %),2977800,188494740000,1912800,121080240000,349926,48.98
26/07/2022,346400,21823200000,63(-0.47 %),925500,58306500000,579100,36483300000,650126,48.96
27/07/2022,650100,40371210000,62.1(-1.43 %),2412300,149803830000,1762200,109432620000,12126,49.0
28/07/2022,3400,210800000,62(-0.16 %),1315000,81530000000,1311600,81319200000,3526,49.0
29/07/2022,-29700,-1811700000,61(-1.61 %),945500,57675500000,975200,59487200000,26,49.0
01/08/2022,-5000,-306500000,61.3(0.49 %),956400,58627320000,961400,58933820000,8726,49.0
02/08/2022,2100,130200000,62(1.14 %),39700,2461400000,37600,2331200000,33226,49.0
03/08/2022,31800,1965240000,61.8(-0.32 %),1107600,68449680000,1075800,66484440000,5026,49.0
04/08/2022,5000,313500000,62.7(1.46 %),405300,25412310000,400300,25098810000,6626,49.0
05/08/2022,6600,413820000,62.7(0.00 %),1187400,74449980000,1180800,74036160000,1426,49.0
08/08/2022,-26900,-1692010000,62.9(0.32 %),880600,55389740000,907500,57081750000,-113654,49.01
09/08/2022,-100000,-6330000000,63.3(0.64 %),726100,45962130000,826100,52292130000,-113654,49.01
10/08/2022,0,0,63.6(0.47 %),546100,34731960000,546100,34731960000,-85354,49.01
11/08/2022,0,0,63(-0.94 %),706900,44534700000,706900,44534700000,14646,49.0
12/08/2022,14600,919800000,63(0.00 %),514600,32419800000,500000,31500000000,46,49.0
15/08/2022,-200,-13000000,65(3.17 %),1177300,76524500000,1177500,76537500000,46,49.0
16/08/2022,-300,-19800000,66(1.54 %),411778,27177348000,412078,27197148000,46,49.0
17/08/2022,0,-19800000,65(-1.52 %),0,27177348000,0,27197148000,0,49.0
18/08/2022,-1000,-64500000,64.5(-0.77 %),389400,25116300000,390400,25180800000,300,49.0
19/08/2022,100,6410000,64.1(-0.62 %),590300,37838230000,590200,37831820000,0,49.0
22/08/2022,-2100,-139650000,66.5(3.74 %),0,0,2100,139650000,1000,49.0
23/08/2022,1000,66900000,66.9(0.60 %),449700,30084930000,448700,30018030000,0,49.0
24/08/2022,0,0,66.8(-0.15 %),231700,15477560000,231700,15477560000,2100,49.0
25/08/2022,1200,82080000,68.4(2.40 %),150300,10280520000,149100,10198440000,0,49.0
26/08/2022,-8000,-577600000,72.2(5.56 %),0,0,8000,577600000,0,49.0
29/08/2022,-7400,-547600000,74(2.49 %),1685200,124704800000,1692600,125252400000,900,49.0
30/08/2022,900,65970000,73.3(-0.95 %),589100,43181030000,588200,43115060000,8000,49.0
31/08/2022,4000,296000000,74(0.95 %),406200,30058800000,402200,29762800000,7400,49.0
05/09/2022,7400,536500000,72.5(-2.03 %),60800,4408000000,53400,3871500000,0,49.0
06/09/2022,-7100,-517590000,72.9(0.55 %),0,0,7100,517590000,0,49.0
07/09/2022,0,0,70.7(-3.02 %),211300,14938910000,211300,14938910000,0,49.0
08/09/2022,0,0,71.5(1.13 %),447800,32017700000,447800,32017700000,7100,49.0
09/09/2022,-2900,-208800000,72(0.70 %),7100,511200000,10000,720000000,0,49.0
12/09/2022,-685,-208800000,74(2.78 %),0,511200000,685,720000000,0,49.0
13/09/2022,0,0,74.1(0.14 %),200300,11470680000,200300,11470680000,10000,49.0
14/09/2022,9200,0,73.7(-0.54 %),260700,11470680000,251500,11470680000,685,49.0
15/09/2022,685,678040000,73.9(0.27 %),821585,19213590000,820900,18535550000,0,49.0
16/09/2022,0,0,72(-2.57 %),200000,14400000000,200000,14400000000,800,49.0
19/09/2022,800,56400000,70.5(-2.08 %),550800,38831400000,550000,38775000000,0,0.0
20/09/2022,0,56400000,71.7(1.70 %),0,38831400000,0,38775000000,0,49.0
21/09/2022,0,0,70(-2.37 %),260000,18200000000,260000,18200000000,0,49.0
22/09/2022,-167800,-11762780000,70.1(0.14 %),1297200,90933720000,1465000,102696500000,0,49.0
23/09/2022,0,0,69.4(-1.00 %),2702696,187567102400,2702696,187567102400,0,49.0
26/09/2022,-11600,-788800000,68(-2.02 %),109100,7418800000,120700,8207600000,167800,48.99
27/09/2022,167654,11249583400,67.1(-1.32 %),1204800,80842080000,1037146,69592496600,0,49.0
28/09/2022,-1200,-78000000,65(-3.13 %),32700,2125500000,33900,2203500000,11600,49.0
29/09/2022,3500,224000000,64(-1.54 %),11600,742400000,8100,518400000,146,49.0
30/09/2022,-6554,-419456000,64(0.00 %),1330946,85180544000,1337500,85600000000,1200,49.0
03/10/2022,100,5960000,59.6(-6.88 %),227700,13570920000,227600,13564960000,8100,49.0
04/10/2022,1600,97600000,61(2.35 %),128100,7814100000,126500,7716500000,6700,49.0
05/10/2022,6700,416740000,62.2(1.97 %),29700,1847340000,23000,1430600000,1100,49.0
06/10/2022,-7600,-440800000,58(-6.75 %),1088700,63144600000,1096300,63585400000,6500,49.0
07/10/2022,6500,351000000,54(-6.90 %),2915000,157410000000,2908500,157059000000,0,49.0
10/10/2022,-16018,-914627800,57.1(5.74 %),0,0,16018,914627800,8700,49.0
11/10/2022,-10700,-592780000,55.4(-2.98 %),232500,12880500000,243200,13473280000,0,49.0
12/10/2022,-12000,-690000000,57.5(3.79 %),0,0,12000,690000000,16018,49.0
13/10/2022,-16182,-932083200,57.6(0.17 %),16018,922636800,32200,1854720000,19400,49.0
14/10/2022,19400,1162060000,59.9(3.99 %),239400,14340060000,220000,13178000000,12000,49.0
17/10/2022,12000,706800000,58.9(-1.67 %),12000,706800000,0,0,32200,49.0
18/10/2022,32200,1899800000,59(0.17 %),284600,16791400000,252400,14891600000,0,49.0
19/10/2022,0,0,59(0.00 %),0,0,0,0,0,49.01
20/10/2022,0,0,58.4(-1.02 %),0,0,0,0,0,49.01
21/10/2022,0,0,54.4(-6.85 %),0,0,0,0,0,49.01
24/10/2022,0,0,50.6(-6.99 %),0,0,0,0,0,49.01
25/10/2022,-6700,-337590000,52(2.77 %),0,0,6700,337590000,0,49.01
26/10/2022,-1500,-77250000,51.9(-0.19 %),0,0,1500,77250000,0,49.01
27/10/2022,-100,-5200000,53.3(2.70 %),0,0,100,5200000,6700,49.0
28/10/2022,6700,356440000,53.2(-0.19 %),29700,1580040000,23000,1223600000,1500,49.0
31/10/2022,-14000,-722400000,51.6(-3.01 %),1553100,80139960000,1567100,80862360000,100,49.0
01/11/2022,-19800,-991980000,50.1(-2.91 %),100,5010000,19900,996990000,0,49.0
02/11/2022,-200,-9600000,48(-4.19 %),532700,25569600000,532900,25579200000,15500,49.0
03/11/2022,15500,767250000,49.5(3.12 %),15500,767250000,0,0,19900,49.0
04/11/2022,19900,916395000,46.05(-6.97 %),599900,27625395000,580000,26709000000,200,49.0
07/11/2022,-3300,-141405000,42.85(-7.05 %),1040200,44572570000,1043500,44713975000,0,49.0
08/11/2022,0,0,44.6(3.96 %),36800,1641280000,36800,1641280000,0,49.0
09/11/2022,0,0,45.5(2.02 %),0,1641280000,0,1641280000,3500,49.0
10/11/2022,1700,71995000,42.35(-6.92 %),3500,148225000,1800,76230000,0,49.0
11/11/2022,0,0,43(1.42 %),80800,3474400000,80800,3474400000,0,49.0
14/11/2022,-1500,-60975000,40.65(-5.47 %),47600,1934940000,49100,1995915000,1800,49.0
15/11/2022,1800,68130000,37.85(-7.00 %),1346100,50949885000,1344300,50881755000,0,49.0
16/11/2022,0,0,40.45(6.73 %),802900,32477305000,802900,32477305000,1500,49.0
17/11/2022,1500,62700000,41.8(3.21 %),345000,14421000000,343500,14358300000,0,49.0
18/11/2022,0,0,42.15(0.84 %),80000,3372000000,80000,3372000000,0,49.0
21/11/2022,0,0,40.65(-3.67 %),100000,4065000000,100000,4065000000,0,49.0
22/11/2022,0,0,40.2(-1.23 %),0,4065000000,0,4065000000,0,49.0
23/11/2022,-3000,-121500000,40.5(0.75 %),0,0,3000,121500000,0,49.0
24/11/2022,0,0,37.7(-6.91 %),6022000,227029400000,6022000,227029400000,0,49.0
25/11/2022,0,0,37.8(0.27 %),600000,22680000000,600000,22680000000,3000,49.0
28/11/2022,-6100,-244915000,40.15(6.22 %),3000,120450000,9100,365365000,9100,49.01
29/11/2022,0,0,42.8(6.47 %),200000,8560000000,200000,8560000000,9100,49.01
30/11/2022,-309,-13626900,44.1(3.04 %),0,0,309,13626900,9409,49.01
01/12/2022,9100,400855000,44.05(-0.11 %),9100,400855000,0,0,309,49.01
02/12/2022,0,0,47(6.58 %),600000,28200000000,600000,28200000000,309,0.0
05/12/2022,309,14708400,47.6(1.28 %),500309,23814708400,500000,23800000000,0,49.01
06/12/2022,-500,-22175000,44.35(-6.83 %),467600,20738060000,468100,20760235000,0,49.01
07/12/2022,-600,-26910000,44.85(1.01 %),0,0,600,26910000,0,0.0
08/12/2022,-10,-460000,46(2.45 %),51200,2355200000,51210,2355660000,500,49.0
09/12/2022,500,23100000,46.2(0.43 %),500,23100000,0,0,600,49.0
12/12/2022,592,27172800,45.9(-0.65 %),600,27540000,8,367200,0,49.01
13/12/2022,-12990,-602736000,46.4(1.09 %),789010,36610064000,802000,37212800000,0,49.01
14/12/2022,0,-602736000,46.45(0.11 %),0,36610064000,0,37212800000,0,49.01
15/12/2022,-2,-94000,47(1.08 %),8,376000,10,470000,0,49.01
16/12/2022,12980,621093000,47.85(1.81 %),13000,622050000,20,957000,0,49.01
19/12/2022,-20,-943000,47.15(-1.57 %),0,0,20,943000,0,49.01
20/12/2022,10,465000,46.5(-1.48 %),10,465000,0,0,0,49.02
21/12/2022,20,928000,46.4(-0.22 %),43820,2033248000,43800,2032320000,0,49.02
22/12/2022,0,0,46.5(0.22 %),683200,31768800000,683200,31768800000,0,49.02
23/12/2022,0,0,45.8(-1.51 %),1067000,48868600000,1067000,48868600000,0,0.0
26/12/2022,-1700,-72420000,42.6(-6.99 %),6650000,283290000000,6651700,283362420000,0,0.0
27/12/2022,-4078,-178616400,43.8(2.82 %),130400,5711520000,134478,5890136400,0,49.02
28/12/2022,0,0,43(-1.83 %),1740000,74820000000,1740000,74820000000,0,49.02
29/12/2022,1700,72930000,42.9(-0.23 %),301700,12942930000,300000,12870000000,4078,49.0
30/12/2022,4078,174946200,42.9(0.00 %),1754078,75249946200,1750000,75075000000,0,49.0
03/01/2023,0,174946200,43.95(2.45 %),0,75249946200,0,75075000000,0,49.02
04/01/2023,0,174946200,43.5(-1.14 %),0,75249946200,0,75075000000,0,49.0
05/01/2023,-11,-479600,43.6(0.23 %),500000,21800000000,500011,21800479600,0,49.0
06/01/2023,0,0,43.15(-1.03 %),500000,21575000000,500000,21575000000,0,49.0
09/01/2023,0,23100000,42(-2.78 %),0,23100000,0,0,11,49.0
10/01/2023,11,464200,42.2(0.48 %),11,464200,0,0,0,49.0
11/01/2023,0,0,42.55(0.83 %),500000,21275000000,500000,21275000000,0,49.0
12/01/2023,0,0,42.1(-1.17 %),574000,24165400000,574000,24165400000,0,49.0
13/01/2023,0,0,42.05(-0.12 %),42000,1766100000,42000,1766100000,0,49.0
16/01/2023,0,0,41.9(-0.48 %),0,1766100000,0,1766100000,0,49.0
17/01/2023,-200,-8610000,43.05(2.74 %),0,0,200,8610000,0,49.0
18/01/2023,-500,-22475000,44.95(4.29 %),0,0,500,22475000,0,49.0
19/01/2023,-100,-4560000,45.6(1.33 %),0,0,100,4560000,200,49.0
27/01/2023,200,9180000,45.9(0.66 %),200,9180000,0,0,500,49.0
30/01/2023,300,13860000,46.2(0.65 %),500,23100000,200,9240000,100,49.0
31/01/2023,100,4650000,46.5(0.65 %),4960100,230644650000,4960000,230640000000,0,49.0
01/02/2023,-100,-4710000,47.1(1.29 %),2000000,94200000000,2000100,94204710000,200,49.0
02/02/2023,200,9980000,49.9(5.94 %),8500200,424159980000,8500000,424150000000,0,49.0
03/02/2023,0,0,47.8(-4.21 %),7063865,337652747000,7063865,337652747000,100,49.0
06/02/2023,100,4715000,47.15(-1.36 %),9080000,428122000000,9079900,428117285000,0,49.0
07/02/2023,-13454,-614847800,45.7(-3.18 %),1970800,90065560000,1984254,90680407800,0,49.0
08/02/2023,-600,-26700000,44.5(-2.63 %),4857800,216172100000,4858400,216198800000,0,49.0
09/02/2023,-5200,-228800000,44(-1.12 %),3255300,143233200000,3260500,143462000000,13454,49.0
10/02/2023,13454,566413400,42.1(-4.32 %),3399854,143133853400,3386400,142567440000,600,49.0
13/02/2023,-3500,-148750000,42.5(0.95 %),1835100,77991750000,1838600,78140500000,5200,49.0
14/02/2023,5102,216835000,42.5(0.00 %),3141400,133509500000,3136298,133292665000,0,49.0
15/02/2023,-1000,-42750000,42.75(0.59 %),2038700,87154425000,2039700,87197175000,4100,49.0
16/02/2023,4100,177530000,43.3(1.17 %),2371400,102681620000,2367300,102504090000,98,49.0
17/02/2023,98,4238500,43.25(-0.12 %),1277498,55251788500,1277400,55247550000,1000,49.0
20/02/2023,1000,44300000,44.3(2.31 %),484900,21481070000,483900,21436770000,0,49.0
21/02/2023,-18,-801000,44.5(0.45 %),0,0,18,801000,0,49.0
22/02/2023,-200,-8600000,43(-3.37 %),900000,38700000000,900200,38708600000,0,49.0
23/02/2023,-23225,-998675000,43(0.00 %),3411400,146690200000,3434625,147688875000,18,49.0
24/02/2023,-182,-7662200,42.1(-2.09 %),1028118,43283767800,1028300,43291430000,200,49.02
27/02/2023,-4100,-166050000,40.5(-3.80 %),239500,9699750000,243600,9865800000,0,49.0
28/02/2023,0,0,40(-1.23 %),29000,1160000000,29000,1160000000,0,49.0
01/03/2023,-300,-12240000,40.8(2.00 %),383600,15650880000,383900,15663120000,4100,49.0
02/03/2023,4100,165230000,40.3(-1.23 %),255500,10296650000,251400,10131420000,0,49.0
03/03/2023,-2000,-78800000,39.4(-2.23 %),20600,811640000,22600,890440000,0,49.0
06/03/2023,-200,-7880000,39.4(0.00 %),0,0,200,7880000,0,49.0
07/03/2023,0,0,39.7(0.76 %),33118,1314784600,33118,1314784600,2000,49.0
08/03/2023,2000,78800000,39.4(-0.76 %),1222300,48158620000,1220300,48079820000,200,49.0
09/03/2023,0,0,40(1.52 %),680610,27224400000,680610,27224400000,0,49.0
10/03/2023,0,0,39.75(-0.62 %),38840,1543890000,38840,1543890000,0,49.0
13/03/2023,0,0,39.4(-1.01 %),0,1543890000,0,1543890000,0,49.02
14/03/2023,200,7720000,38.6(-2.03 %),223200,8615520000,223000,8607800000,0,49.0
15/03/2023,-200,-8000000,40(3.63 %),417400,16696000000,417600,16704000000,0,49.0
16/03/2023,0,0,39.4(-1.50 %),350000,13790000000,350000,13790000000,0,49.0
17/03/2023,0,0,39.4(0.00 %),418478,16488033200,418478,16488033200,200,49.0
20/03/2023,200,7620000,38.1(-3.30 %),990400,37734240000,990200,37726620000,0,49.0
21/03/2023,0,-7662200,38.5(1.05 %),1966800,43283767800,1966800,43291430000,0,49.0
22/03/2023,-5000,-190355000,37.95(-1.43 %),0,0,5000,190355000,0,49.02
23/03/2023,0,0,37.8(-0.53 %),0,0,0,0,0,49.02
24/03/2023,-100,-3760000,37.95(0.40 %),0,0,100,3760000,0,49.02
27/03/2023,4000,152400000,38.1(0.26 %),710000,27051000000,706000,26898600000,0,0.0
28/03/2023,-54,-2111400,39.1(2.62 %),1631300,63783830000,1631354,63785941400,0,0.0
29/03/2023,-20359,-787893300,38.7(-1.02 %),1176200,45518940000,1196559,46306833300,1000,49.0
30/03/2023,1000,38600000,38.6(-0.26 %),3826300,147695180000,3825300,147656580000,54,49.0
31/03/2023,54,2081700,38.55(-0.13 %),1658954,63952676700,1658900,63950595000,20459,49.0
03/04/2023,20359,794001000,39(1.04 %),1073059,41849301000,1052700,41055300000,0,49.0
04/04/2023,0,794001000,39.8(2.05 %),0,41849301000,0,41055300000,0,49.0
05/04/2023,0,794001000,39.75(-0.13 %),0,41849301000,0,41055300000,100,49.0
06/04/2023,100,3910000,39.1(-1.76 %),559900,21892090000,559800,21888180000,0,49.0
07/04/2023,0,0,39(-0.26 %),628800,24523200000,628800,24523200000,0,49.0
10/04/2023,-72,-2952000,41(5.13 %),5403900,221559900000,5403972,221562852000,0,49.0
11/04/2023,0,0,40.7(-0.73 %),2897200,117916040000,2897200,117916040000,0,49.0
12/04/2023,0,0,40.75(0.12 %),1695700,69099775000,1695700,69099775000,72,49.0
13/04/2023,72,2955600,41.05(0.61 %),581072,23853005600,581000,23850050000,0,49.0
14/04/2023,0,2955600,40(-2.68 %),0,23853005600,0,23850050000,0,49.0
17/04/2023,0,0,39.85(-0.38 %),464400,18506340000,464400,18506340000,0,49.0
18/04/2023,0,0,39.95(0.13 %),875000,34956250000,875000,34956250000,0,49.0
19/04/2023,0,0,40.5(1.25 %),801400,32456700000,801400,32456700000,0,49.0
20/04/2023,0,0,40.4(-0.25 %),0,0,0,0,0,49.03
21/04/2023,0,0,39.3(-2.72 %),450000,17685000000,450000,17685000000,0,49.0
24/04/2023,0,0,38.4(-2.29 %),2067100,79376640000,2067100,79376640000,0,49.0
25/04/2023,0,0,37.7(-1.82 %),1466056,55270311200,1466056,55270311200,0,49.0
26/04/2023,0,0,38.4(1.86 %),50000,1920000000,50000,1920000000,0,49.0
27/04/2023,-500,-19125000,38.65(0.65 %),0,0,500,19125000,0,49.02
28/04/2023,0,0,39.2(1.42 %),0,0,0,0,0,49.02
04/05/2023,0,0,37.9(-3.32 %),0,0,0,0,0,49.02
05/05/2023,500,18950000,37.8(-0.26 %),500,18950000,0,0,0,49.0
08/05/2023,-301100,-11431010000,37.85(0.13 %),0,0,301100,11431010000,0,49.0
09/05/2023,-2000,-76000000,37.95(0.13 %),0,0,2000,76000000,0,49.0
10/05/2023,0,0,39(2.63 %),0,0,0,0,0,49.02
11/05/2023,0,0,38.7(-0.77 %),0,0,0,0,0,49.0
12/05/2023,-2300,-88525000,39(0.78 %),0,0,2300,88525000,0,49.0
15/05/2023,-400,-15560000,38.9(-0.26 %),0,0,400,15560000,0,49.04
16/05/2023,0,0,38.45(-1.16 %),0,0,0,0,0,49.04
17/05/2023,2300,88435000,38.15(-0.78 %),2300,88435000,0,0,2300,49.04
18/05/2023,0,0,38.1(-0.13 %),0,0,0,0,2300,49.04
19/05/2023,0,0,38.3(0.52 %),0,0,0,0,2300,49.04
22/05/2023,-100,-3835000,38.55(0.65 %),0,0,100,3835000,2400,49.04
23/05/2023,0,0,38.25(-0.78 %),0,0,0,0,2400,49.03
24/05/2023,0,0,37.95(-0.78 %),0,0,0,0,2400,49.03
25/05/2023,0,0,38(0.13 %),0,0,0,0,2400,49.03
26/05/2023,0,0,38.2(0.53 %),0,0,0,0,2400,49.03
29/05/2023,0,0,38.7(1.31 %),0,0,0,0,2400,49.03
30/05/2023,0,0,39.4(1.81 %),0,0,0,0,2400,49.03
31/05/2023,-200,-7880000,39.2(-0.51 %),0,0,200,7880000,2600,49.03
01/06/2023,-15000,-586280000,39.3(0.26 %),0,0,15000,586280000,17600,49.03
02/06/2023,0,0,40.8(3.82 %),0,0,0,0,17600,49.03
05/06/2023,0,0,41.2(0.98 %),0,0,0,0,17600,49.03
06/06/2023,0,0,41.8(1.46 %),0,0,0,0,17600,49.03
07/06/2023,-3000,-125100000,41.8(0.00 %),0,0,3000,125100000,20600,49.03
08/06/2023,-1000,-41350000,40.65(-2.75 %),0,0,1000,41350000,21600,49.03
09/06/2023,0,0,41.4(1.85 %),0,0,0,0,21600,49.03
12/06/2023,0,0,43(3.86 %),0,0,0,0,21600,49.03
13/06/2023,0,0,43(0.00 %),0,0,0,0,21600,49.03
14/06/2023,0,0,42.05(-2.21 %),0,0,0,0,21600,49.03
15/06/2023,-4800,-201745000,41.7(-0.83 %),0,0,4800,201745000,26400,49.03
16/06/2023,0,0,41.35(-0.84 %),0,0,0,0,-226870,49.02
19/06/2023,0,0,41.5(0.24 %),0,0,0,0,-222070,49.02
20/06/2023,0,0,42.5(2.41 %),0,0,0,0,0,49.01
21/06/2023,0,0,42.7(0.47 %),0,0,0,0,-222070,49.02
22/06/2023,0,0,43.05(0.82 %),0,0,0,0,0,49.03
23/06/2023,0,0,42.9(-0.46 %),0,0,0,0,0,49.01
26/06/2023,-2000,-87000000,44.35(3.38 %),0,0,2000,87000000,-222070,49.02
27/06/2023,0,0,44.2(-0.45 %),0,0,0,0,0,49.01
28/06/2023,-119700,-5254430000,43.9(-0.68 %),0,0,119700,5254430000,0,49.01
29/06/2023,-800,-34720000,42.7(-2.73 %),0,0,800,34720000,0,49.01
30/06/2023,-2400,-103490000,43.3(1.41 %),0,0,2400,103490000,0,49.01
03/07/2023,0,0,43(-0.69 %),0,0,0,0,0,49.01
04/07/2023,-310000,-13420750000,43.25(0.58 %),0,0,310000,13420750000,0,49.01
05/07/2023,-420000,-18339560000,43.35(0.12 %),0,0,420000,18339560000,0,49.01
06/07/2023,0,0,43.2(-0.46 %),0,0,0,0,213015,48.99
07/07/2023,0,0,45.5(5.32 %),0,0,0,0,420000,48.97
10/07/2023,-936700,-44759990000,47.75(4.95 %),420000,19341000000,1356700,64100990000,1356700,48.92
11/07/2023,-35100,-1682700000,48.8(2.09 %),0,0,35100,1682700000,1391800,48.92
12/07/2023,0,0,49.15(0.72 %),0,0,0,0,1391800,48.92
13/07/2023,-3200,-158080000,49.35(0.30 %),0,0,3200,158080000,1395000,48.92
14/07/2023,-652700,-32094510000,49.45(0.10 %),0,0,652700,32094510000,0,49.0
17/07/2023,0,0,48.65(-1.72 %),0,0,0,0,0,49.01
18/07/2023,-28600,-1373260000,48.05(-1.33 %),3200,154880000,31800,1528140000,3200,49.01
19/07/2023,2700,130680000,48.5(0.83 %),2700,130680000,0,0,0,49.0
20/07/2023,0,0,49.1(1.24 %),0,0,0,0,0,49.01
21/07/2023,-1150000,-59310980000,52.5(6.92 %),0,0,1150000,59310980000,31800,49.01
24/07/2023,0,0,54.5(3.81 %),0,0,0,0,0,49.0
25/07/2023,-700,-38000000,53.6(-1.65 %),0,0,700,38000000,1150000,48.92
26/07/2023,6700,359120000,52.6(-1.87 %),6700,359120000,0,0,1143300,48.93
27/07/2023,-439000,-23725530000,54.1(2.85 %),0,0,439000,23725530000,1582300,48.9
28/07/2023,-372800,-20079860000,54.5(0.74 %),0,0,372800,20079860000,1955100,48.88
31/07/2023,-119200,-6331160000,53.7(-1.47 %),0,0,119200,6331160000,2074300,48.87
01/08/2023,-410300,-21531740000,51.7(-3.72 %),438800,23472840000,849100,45004580000,439000,48.98
02/08/2023,-969100,-50362720000,51.7(0.00 %),372800,19393210000,1341900,69755930000,1408100,48.92
03/08/2023,-1021500,-54019260000,52.7(1.93 %),119100,6179180000,1140600,60198440000,2429600,48.85
04/08/2023,-296300,-15769190000,53(0.57 %),420100,22065850000,716400,37835040000,1770822,48.88
07/08/2023,-303900,-16421990000,53.8(1.51 %),390700,21114930000,694600,37536920000,2074722,48.87
08/08/2023,1510400,81080260000,53.6(-0.37 %),1841700,98937380000,331300,17857120000,564322,48.97
09/08/2023,1192000,63060570000,52.6(-1.87 %),1395000,73747250000,203000,10686680000,0,49.06
10/08/2023,134600,7128080000,52(-1.14 %),694500,36543840000,559900,29415760000,694600,48.96
11/08/2023,294700,15472770000,53.3(2.50 %),331300,17379260000,36600,1906490000,399900,48.98
14/08/2023,-450500,-24104570000,54.2(1.69 %),13000,700700000,463500,24805270000,274900,48.98
15/08/2023,-562200,-30896620000,54(-0.37 %),274800,15131780000,837000,46028400000,0,49.0
16/08/2023,-160300,-8618280000,53.8(-0.37 %),0,0,160300,8618280000,197500,48.99
17/08/2023,-942400,-51096060000,53.9(0.19 %),197500,10684750000,1139900,61780810000,1139900,48.93
18/08/2023,-610800,-30199860000,50.2(-6.86 %),647000,34871960000,1257800,65071820000,84300,48.99
21/08/2023,-1777200,-87781465000,49(-2.39 %),65300,3265000000,1842500,91046465000,1139900,48.92
22/08/2023,-1357800,-67499680000,50(2.04 %),1139800,55919550000,2497600,123419230000,1043600,48.93
23/08/2023,-232700,-11440925000,49.7(-0.60 %),1043500,52767640000,1276200,64208565000,1595560,48.89
24/08/2023,-1314700,-66298665000,50.3(1.21 %),214300,10700485000,1529000,76999150000,2910260,48.81
25/08/2023,-2609600,-132242110000,50.5(0.40 %),308400,15568770000,2918000,147810880000,4542685,48.69
28/08/2023,-1871500,-96151990000,51.7(2.38 %),1030700,52790380000,2902200,148942370000,6414185,48.57
29/08/2023,175500,9337670000,52.9(2.32 %),1269600,66471630000,1094100,57133960000,6518173,48.55
30/08/2023,870700,46951060000,53.8(1.70 %),1160900,62595110000,290200,15644050000,5647473,48.63
31/08/2023,438000,23571450000,53.8(0.00 %),894200,48134170000,456200,24562720000,8459183,48.42
05/09/2023,516300,27681040000,54.3(0.93 %),991600,53552880000,475300,25871840000,7757832,48.47
06/09/2023,61400,3301130000,55(1.29 %),353800,19366550000,292400,16065420000,7696432,48.49
07/09/2023,713100,39151920000,55(0.00 %),1052900,57917460000,339800,18765540000,7130469,48.51
08/09/2023,231900,12639540000,55.5(0.91 %),1644900,91237050000,1413000,78597510000,5683009,48.61
11/09/2023,230000,12533380000,54.5(-1.80 %),1683500,93490940000,1453500,80957560000,4149309,48.72
12/09/2023,-115800,-6349300000,55.8(2.39 %),367600,20193310000,483400,26542610000,5215560,48.64
13/09/2023,-1360800,-78999950000,57.5(3.05 %),1359600,78077690000,2720400,157077640000,5119558,48.65
14/09/2023,-680000,-39386150000,57.3(-0.35 %),794600,45804920000,1474600,85191070000,4808358,48.67
15/09/2023,-1171500,-66106730000,55.9(-2.44 %),262400,14782610000,1433900,80889340000,7228316,48.51
18/09/2023,0,0,55(-1.61 %),0,0,0,0,7228316,48.53
19/09/2023,142100,7637310000,55.5(0.91 %),1945900,105914740000,1803800,98277430000,8363886,48.44
20/09/2023,-1791800,-99723530000,55.8(0.54 %),141300,7844440000,1933100,107567970000,10155686,48.32
21/09/2023,46100,1938950000,54.2(-2.87 %),899200,49155350000,853100,47216400000,10109586,48.32
22/09/2023,-622600,-32648860000,52.1(-3.87 %),406500,21187900000,1029100,53836760000,10848163,48.26
25/09/2023,1105900,56660120000,51(-2.11 %),1304500,66916290000,198600,10256170000,10358783,48.29
26/09/2023,-743400,-38015110000,51.5(0.98 %),1023400,52296340000,1766800,90311450000,10357985,48.29
27/09/2023,862700,43900000000,52(0.97 %),1174300,60042630000,311600,16142630000,9495285,48.36
28/09/2023,-686500,-36486670000,53(1.92 %),448700,23766250000,1135200,60252920000,10181785,48.32
29/09/2023,278300,14795810000,52.6(-0.75 %),1468600,77905630000,1190300,63109820000,9733437,48.33
02/10/2023,-143500,-7653330000,51.9(-1.33 %),526800,27453400000,670300,35106730000,10341775,48.29
03/10/2023,710900,35161045000,49(-5.59 %),1858900,92457500000,1148000,57296455000,9673175,48.34
04/10/2023,-659700,-32539525000,49.2(0.41 %),768500,37841275000,1428200,70380800000,10332875,48.31
05/10/2023,-822200,-40009840000,47(-4.47 %),519100,25139545000,1341300,65149385000,10203805,48.3
06/10/2023,-131400,-6115570000,48.3(2.77 %),645300,30612675000,776700,36728245000,10335205,48.31
09/10/2023,-221200,-10675175000,47.95(-0.72 %),238000,11417680000,459200,22092855000,10556405,48.29
10/10/2023,143500,6987190000,48.85(1.88 %),563600,27519450000,420100,20532260000,12310158,48.16
11/10/2023,65000,3200850000,49.3(0.92 %),252800,12377835000,187800,9176985000,12516496,48.14
12/10/2023,-4869800,-237652770000,48.4(-1.83 %),690600,33624840000,5560400,271277610000,12245996,48.16
13/10/2023,-2511100,-123303635000,49.5(2.27 %),1199200,58798755000,3710300,182102390000,11234684,48.23
16/10/2023,-2837900,-141283825000,48.6(-1.82 %),731800,36496745000,3569700,177780570000,16063284,47.9
17/10/2023,-654000,-31796785000,46.3(-4.73 %),912900,44373340000,1566900,76170125000,18860684,47.71
18/10/2023,134000,4475275000,44.7(-3.46 %),1835100,82781040000,1701100,78305765000,20595364,47.59
19/10/2023,-753400,-33482835000,43(-3.80 %),1624800,71305125000,2378200,104787960000,20537454,47.6
20/10/2023,189300,8116585000,44.7(3.95 %),1542300,67854340000,1353000,59737755000,20772288,47.58
23/10/2023,-3681300,-160554390000,43(-3.80 %),676700,29437590000,4358000,189991980000,22473758,47.46
24/10/2023,-3188100,-135179045000,43(0.00 %),1253300,53436200000,4441400,188615245000,25661858,47.26
25/10/2023,-690800,-30025530000,43.5(1.16 %),146200,6375875000,837000,36401405000,22573458,47.46
26/10/2023,1564200,64781250000,42(-3.45 %),2901600,120833085000,1337400,56051835000,28287144,47.07
27/10/2023,-178500,-7573845000,42(0.00 %),881500,37098720000,1060000,44672565000,28248826,47.07
30/10/2023,79100,3114790000,40.5(-3.57 %),923400,38165400000,844300,35050610000,28675826,47.04
31/10/2023,-2546500,-97707335000,37.7(-6.91 %),1043500,39860040000,3590000,137567375000,28196171,47.07
01/11/2023,-5301900,-187839510000,35.1(-6.90 %),2597200,92011770000,7899100,279851280000,26443101,47.19
02/11/2023,-8097300,-284306905000,37(5.41 %),2748400,97153350000,10845700,381460255000,34540401,46.65
03/11/2023,1471500,56545915000,38.95(5.27 %),2586100,99099715000,1114600,42553800000,33068901,46.75
06/11/2023,-1094900,-41721800000,38.05(-2.31 %),1786300,68441390000,2881200,110163190000,34163801,46.68
07/11/2023,-787200,-30138800000,38.2(0.39 %),1760200,67932175000,2547400,98070975000,34951001,46.62
08/11/2023,-6189200,-235747940000,39.6(3.66 %),1397600,52794850000,7586800,288542790000,42746957,46.08
09/11/2023,-1320800,-53960330000,40.3(1.77 %),802800,32654245000,2123600,86614575000,46974537,45.79
10/11/2023,197700,7802130000,39.4(-2.23 %),871400,34652145000,673700,26850015000,53718469,45.33
13/11/2023,-1190800,-47446830000,40(1.52 %),683300,27141730000,1874100,74588560000,55232669,45.23
14/11/2023,-3120477,-129891006450,41.5(3.75 %),2105421,87344429550,5225898,217235436000,58029746,45.05
15/11/2023,-945300,-40044580000,41.9(0.96 %),1744700,73469225000,2690000,113513805000,58975046,44.98
16/11/2023,0,0,41.5(-0.95 %),0,0,0,0,58975046,45.0
17/11/2023,-1553900,-65127915000,41.4(-0.24 %),1204500,49926820000,2758400,115054735000,59611666,44.93
20/11/2023,-500000,-20738725000,40.55(-2.05 %),709600,29003265000,1209600,49741990000,61898166,44.77
21/11/2023,-574600,-23568595000,40.9(0.86 %),528900,21612140000,1103500,45180735000,64127666,44.62
22/11/2023,-1465000,-58407550000,39.8(-2.69 %),835900,33475720000,2300900,91883270000,64501366,44.59
23/11/2023,-1035600,-41395740000,37.3(-6.28 %),241400,9646825000,1277000,51042565000,65536966,44.55
24/11/2023,171500,5907255000,38.55(3.35 %),1697600,64184955000,1526100,58277700000,65365466,44.56
27/11/2023,88000,3226965000,38(-1.43 %),733700,27946065000,645700,24719100000,65277466,44.56
28/11/2023,-476300,-18179545000,38(0.00 %),1248800,47080755000,1725100,65260300000,65753766,44.53
29/11/2023,-3135000,-121719685000,38.8(2.11 %),586900,22609235000,3721900,144328920000,68888766,44.32
30/11/2023,55100,2117535000,38.5(-0.77 %),482500,18700000000,427400,16582465000,68833666,44.32
01/12/2023,136900,5229755000,38.75(0.65 %),543700,20852300000,406800,15622545000,68088723,44.37
04/12/2023,-293700,-11980410000,39.95(3.10 %),563300,22317095000,857000,34297505000,68382423,44.35
05/12/2023,1900,34300000,40(0.13 %),560700,22320650000,558800,22286350000,68380523,44.35
06/12/2023,-365600,-14764250000,40.95(2.38 %),1148400,46615095000,1514000,61379345000,68746123,44.33
07/12/2023,-415500,-16870970000,40.85(-0.24 %),1602300,64514755000,2017800,81385725000,69161623,44.3
08/12/2023,559300,23396100000,42.6(4.28 %),1526000,63960870000,966700,40564770000,68602323,44.34
11/12/2023,11600,501665000,42.5(-0.23 %),1038300,43932840000,1026700,43431175000,68590723,44.34
12/12/2023,-134100,-5687460000,42.5(0.00 %),905600,38344420000,1039700,44031880000,68724823,44.33
13/12/2023,-801700,-34214540000,41.7(-1.88 %),1309400,55568105000,2111100,89782645000,69526523,44.27
14/12/2023,545700,22823165000,41.6(-0.24 %),1576400,65886550000,1030700,43063385000,68980823,44.31
15/12/2023,-693600,-28342895000,40.75(-2.04 %),1490900,61065510000,2184500,89408405000,69674423,44.26
18/12/2023,-175000,-7059575000,39.6(-2.82 %),1109800,44306510000,1284800,51366085000,69849423,44.25
19/12/2023,279800,10960530000,40.65(2.65 %),1342800,53308515000,1063000,42347985000,69569623,44.27
20/12/2023,2522700,105582920000,42.4(4.31 %),4215200,176438600000,1692500,70855680000,67046923,44.44
21/12/2023,900100,38175820000,42.65(0.59 %),1781600,75624120000,881500,37448300000,66146823,44.5
22/12/2023,1295900,54893110000,42.35(-0.70 %),2465900,104418020000,1170000,49524910000,64850923,44.59
25/12/2023,-247900,-10708550000,42.65(0.71 %),398300,17098575000,646200,27807125000,65098823,44.58
26/12/2023,172200,7229890000,42.7(0.12 %),1421300,60663535000,1249100,53433645000,64926623,44.59
27/12/2023,522300,22341975000,42.85(0.35 %),1577400,67579810000,1055100,45237835000,64404323,44.62
28/12/2023,644300,27742740000,43.05(0.47 %),1448700,62399775000,804400,34657035000,63760023,44.67
29/12/2023,-141500,-6128135000,42.8(-0.58 %),433600,18587880000,575100,24716015000,63901523,44.66
02/01/2024,341300,14328110000,42.45(-0.82 %),1611200,68327155000,1269900,53999045000,65460070,44.53
03/01/2024,-449500,-19357080000,43.2(1.77 %),727000,31124720000,1176500,50481800000,66697374,44.47
04/01/2024,-213200,-9190020000,43.2(0.00 %),424600,18471600000,637800,27661620000,66910574,44.45
05/01/2024,1600,-44535000,43.85(1.50 %),1566500,68317475000,1564900,68362010000,66908974,44.45
08/01/2024,-458300,-19895295000,43.2(-1.48 %),606700,26519360000,1065000,46414655000,67367274,44.42
09/01/2024,480600,20419720000,42.7(-1.16 %),1587400,67615360000,1106800,47195640000,65908070,44.5
10/01/2024,1008300,42836620000,42.25(-1.05 %),1674900,71172125000,666600,28335505000,65140056,44.55
11/01/2024,-665100,-28161805000,42.45(0.47 %),1356100,57874265000,2021200,86036070000,64574790,44.59
12/01/2024,1230200,51859580000,41.9(-1.30 %),1590800,67113715000,360600,15254135000,63702074,44.67
15/01/2024,2283700,97870135000,42.9(2.39 %),3568900,152993165000,1285200,55123030000,61803390,44.78
16/01/2024,3351900,147760140000,44.3(3.26 %),6431500,283033830000,3079600,135273690000,55574440,45.2
17/01/2024,3523800,158951640000,44.9(1.35 %),6184000,278842350000,2660200,119890710000,51517640,45.48
18/01/2024,2675900,121672030000,45.85(2.12 %),3539800,160713375000,863900,39041345000,51866774,45.48
19/01/2024,1399100,64316465000,46.05(0.44 %),2311600,106426235000,912500,42109770000,50467674,45.58
22/01/2024,578700,26456145000,46.15(0.22 %),958900,43810680000,380200,17354535000,49888974,45.62
23/01/2024,-515700,-23406090000,45.4(-1.63 %),933100,42675370000,1448800,66081460000,50404674,45.58
24/01/2024,-1408300,-63199755000,44.4(-2.20 %),442700,19914480000,1851000,83114235000,51812974,45.48
25/01/2024,-706000,-31505595000,45.2(1.80 %),524600,23275465000,1230600,54781060000,52518974,45.44
26/01/2024,-263100,-11816775000,44.9(-0.66 %),462400,20903840000,725500,32720615000,52782074,45.42
29/01/2024,-602100,-26935595000,44.6(-0.67 %),716000,32058540000,1318100,58994135000,53896070,45.32
30/01/2024,-613000,-27594400000,45.4(1.79 %),403700,18190960000,1016700,45785360000,54247572,45.29
31/01/2024,-20900,-733055000,45(-0.88 %),1573600,71675165000,1594500,72408220000,54008624,45.31
01/02/2024,1223500,56528275000,46.2(2.67 %),2629700,121436395000,1406200,64908120000,54008623,45.33
02/02/2024,1172500,55306720000,47.4(2.60 %),2924700,137188495000,1752200,81881775000,52395536,45.42
05/02/2024,-29000,-1378040000,47.4(0.00 %),919600,43374600000,948600,44752640000,50235334,45.59
06/02/2024,-1000706,-47058091700,47(-0.84 %),436500,20509310000,1437206,67567401700,52767630,45.39
07/02/2024,-963800,-45058455000,46.6(-0.85 %),61800,2886830000,1025600,47945285000,53654430,45.33
15/02/2024,-1822400,-84188520000,45.85(-1.61 %),607800,28045695000,2430200,112234215000,54255840,45.29
16/02/2024,-1144800,-52859150000,46.3(0.98 %),103600,4777550000,1248400,57636700000,55177840,45.23
19/02/2024,-1305700,-61001365000,46.8(1.08 %),453600,21104720000,1759300,82106085000,57154440,45.09
20/02/2024,-1856020,-86215437000,46.8(0.00 %),284300,13272120000,2140320,99487557000,58078540,45.03
21/02/2024,-2047800,-94706755000,46.1(-1.50 %),194600,8991845000,2242400,103698600000,59603240,44.93
22/02/2024,-2312778,-105491048400,45.3(-1.74 %),476800,21720820000,2789578,127211868400,59603240,44.93
23/02/2024,-4110700,-183558720000,44(-2.87 %),1037100,45967430000,5147800,229526150000,66800038,44.46
26/02/2024,-1871980,-81415091950,44.35(0.80 %),4083150,179455613550,5955130,260870705500,62602388,44.72
27/02/2024,-1413918,-63267010500,44.75(0.90 %),4639200,207468090000,6053118,270735100500,70085936,44.24
28/02/2024,377214,16977955500,45.3(1.23 %),4483500,202869365000,4106286,185891409500,69708722,44.26
29/02/2024,273650,12405393500,46.2(1.99 %),2022510,93468221500,1748860,81062828000,68858930,44.29
01/03/2024,1972700,92041515000,46.6(0.87 %),3194000,149377070000,1221300,57335555000,64632426,44.61
04/03/2024,1606195,75824894750,47.4(1.72 %),4049610,191073305500,2443415,115248410750,63026231,44.72
05/03/2024,4328764,210044695150,50(5.49 %),7308300,354177190000,2979536,144132494850,58166160,45.03
06/03/2024,-629100,-31266655000,48.7(-2.60 %),1247200,61481205000,1876300,92747860000,59326567,44.97
07/03/2024,-1172800,-57118815000,49(0.62 %),799100,38895545000,1971900,96014360000,60499367,44.89
08/03/2024,-1007782,-48270820750,47.75(-2.55 %),2330018,111754934250,3337800,160025755000,61507149,44.82
11/03/2024,-695700,-32941895000,46.4(-2.83 %),3556000,167824820000,4251700,200766715000,62202849,44.77
12/03/2024,-5589000,-262709045000,46.75(0.75 %),2676700,125458095000,8265700,388167140000,58983390,44.97
13/03/2024,1429000,68464820000,48.55(3.85 %),2195700,105129070000,766700,36664250000,61039293,44.83
14/03/2024,-1174100,-56245000000,47.25(-2.68 %),1590700,75853060000,2764800,132098060000,62213393,44.77
15/03/2024,-153500,-7117905000,47.35(0.21 %),1166900,54902975000,1320400,62020880000,62366893,44.76
18/03/2024,311100,14174995000,45.9(-3.06 %),1495300,69459890000,1184200,55284895000,68583720,44.31
19/03/2024,-863200,-39408505000,45.5(-0.87 %),106200,4853510000,969400,44262015000,69843920,44.23
20/03/2024,1238000,59751135000,48(5.49 %),2860700,136631740000,1622700,76880605000,61680993,44.81
21/03/2024,1058300,51068435000,48.5(1.04 %),1394600,67310005000,336300,16241570000,60622693,44.88
22/03/2024,804000,38997760000,49.1(1.24 %),1279700,62140480000,475700,23142720000,59818693,44.94
25/03/2024,37200,1784665000,48.3(-1.63 %),773400,37925175000,736200,36140510000,67409420,44.39
26/03/2024,-2919200,-140739685000,48.65(0.72 %),830600,40158290000,3749800,180897975000,64742693,44.6
27/03/2024,592000,29477435000,50.7(4.21 %),1173000,58683170000,581000,29205735000,66564610,44.45
28/03/2024,676200,34734470000,51(0.59 %),1489400,76589320000,813200,41854850000,68805176,44.3
29/03/2024,3294800,169746450000,51.1(0.20 %),3772500,194334930000,477700,24588480000,65613590,44.52
01/04/2024,2506400,129696930000,51.4(0.59 %),3117800,161507080000,611400,31810150000,63308990,44.67
02/04/2024,1390300,70726640000,51.6(0.39 %),2307900,117474240000,917600,46747600000,64223294,44.64
03/04/2024,-786500,-40172435000,50.2(-2.71 %),2919900,146912790000,3706400,187085225000,59130310,44.96
04/04/2024,2199300,110449505000,50.7(1.00 %),4206300,210633740000,2007000,100184235000,62810494,44.73
05/04/2024,2383600,120951195000,51(0.59 %),3553900,179994525000,1170300,59043330000,55883320,45.18
08/04/2024,327700,16390790000,50(-1.96 %),1641100,82211970000,1313400,65821180000,60099194,44.92
09/04/2024,5266400,276119435000,52.8(5.60 %),6959100,363416305000,1692700,87296870000,54832794,45.28
10/04/2024,-929400,-48528230000,52(-1.52 %),1690400,88329380000,2619800,136857610000,55762194,45.21
11/04/2024,1432600,74814410000,52.3(0.58 %),2733100,142540800000,1300500,67726390000,49044190,45.65
12/04/2024,256800,13300870000,52(-0.57 %),1627300,84576460000,1370500,71275590000,50130696,45.57
15/04/2024,2090000,105562810000,49.9(-4.04 %),2764500,139830035000,674500,34267225000,51982794,45.47
16/04/2024,1168600,57682315000,49.9(0.00 %),3033000,149428460000,1864400,91746145000,50814194,45.55
17/04/2024,570800,28221315000,49.4(-1.00 %),2220200,109839565000,1649400,81618250000,51411994,45.51
19/04/2024,-2021000,-97902025000,48.2(-2.43 %),538400,26097085000,2559400,123999110000,53432994,45.37
22/04/2024,-1833900,-88573145000,48.6(0.83 %),3963400,192264950000,5797300,280838095000,44391824,45.97
23/04/2024,1827000,91231880000,49.8(2.47 %),6701100,333162805000,4874100,241930925000,40244470,46.25
24/04/2024,3100000,160361570000,52.3(5.02 %),3666400,189566190000,566400,29204620000,50339894,45.59
25/04/2024,3955200,210583440000,53.8(2.87 %),5003200,266019460000,1048000,55436020000,46384694,45.86
26/04/2024,5035100,274667080000,54.9(2.04 %),5777100,315115290000,742000,40448210000,37227230,46.46
02/05/2024,4353500,239650750000,55.6(1.28 %),5637400,311308620000,1283900,71657870000,32637744,46.77
03/05/2024,9766700,545475910000,55.7(0.18 %),11074300,618232190000,1307600,72756280000,22308204,47.48
06/05/2024,1782500,101497150000,58.3(4.67 %),2429400,138746300000,646900,37249150000,21162704,47.55
07/05/2024,2108300,123763290000,59.3(1.72 %),3190600,186897470000,1082300,63134180000,19279716,47.68
08/05/2024,1132600,66871010000,59.1(-0.34 %),2450200,144196050000,1317600,77325040000,17456416,47.81
09/05/2024,1872600,110173800000,58.9(-0.34 %),3159400,185995890000,1286800,75822090000,15284315,47.96
10/05/2024,1204900,70965190000,58.9(0.00 %),2750300,161184310000,1545400,90219120000,13756703,48.06
13/05/2024,2104100,123330750000,58.3(-1.02 %),3117500,182481310000,1013400,59150560000,11925993,48.19
14/05/2024,3701600,221676720000,60.1(3.09 %),4921300,294348000000,1219700,72671280000,13553933,48.1
15/05/2024,4828100,295563840000,60.8(1.16 %),5605100,343214090000,777000,47650250000,8725833,48.43
16/05/2024,3493400,210892710000,59.9(-1.48 %),3958300,239013080000,464900,28120370000,5232433,48.67
17/05/2024,-977300,-58238650000,59.6(-0.50 %),1219700,72512860000,2197000,130751510000,1167105,48.92
20/05/2024,-1747700,-105606520000,60(0.67 %),1167000,70816500000,2914700,176423020000,465003,48.97
21/05/2024,-29500,-1766460000,60.5(0.83 %),465000,28204010000,494500,29970470000,2159126,48.85
22/05/2024,144300,8584260000,61(0.83 %),2017400,121840750000,1873100,113256490000,2980506,48.8
23/05/2024,1314300,81256250000,62(1.64 %),2200100,134905820000,885800,53649570000,1275053,48.91
24/05/2024,-2180700,-131869530000,60.5(-2.42 %),1275000,76856520000,3455700,208726050000,12202433,48.19
27/05/2024,-919600,-54701970000,60(-0.83 %),1394200,83591070000,2313800,138293040000,1364880,48.91
28/05/2024,-498200,-30638990000,61.5(2.50 %),738700,45549280000,1236900,76188270000,4082037,48.72
29/05/2024,-729200,-44771150000,60.5(-1.63 %),1090900,66339420000,1820100,111110570000,5261414,48.64
30/05/2024,-1183000,-68856520000,62.8(3.80 %),2230500,136312960000,3413500,205169480000,3713272,48.75
31/05/2024,-2043000,-129594480000,63.6(1.27 %),977900,61911030000,3020900,191505510000,4555662,48.69
03/06/2024,-2032200,-129735290000,64(0.63 %),911900,58282110000,2944100,188017400000,4555662,48.68
04/06/2024,-1158000,-73502680000,63.8(-0.31 %),1221900,77802280000,2379900,151304960000,5713662,48.6
05/06/2024,-2209000,-137682620000,62(-2.82 %),1189000,73917050000,3398000,211599670000,7922662,48.45
06/06/2024,-1482099,-91746275700,61.9(-0.16 %),8935379,554878096000,10417478,646624371700,11839416,48.19
07/06/2024,-510043,-31705790600,62.1(0.32 %),886300,55046260000,1396343,86752050600,14313391,48.02
10/06/2024,287411,18065746900,63(1.45 %),908202,56985014400,620791,38919267500,14025980,48.03
11/06/2024,-1630928,-101585141600,62.3(-1.11 %),642820,40102798400,2273748,141687940000,11839416,48.19
12/06/2024,105600,6949690000,63.4(1.77 %),1811546,113353558300,1705946,106403868300,16840517,47.85
13/06/2024,0,0,64(0.95 %),0,0,0,0,17879765,47.78
14/06/2024,-1460675,-93081419000,63(-1.56 %),1656230,104724059000,3116905,197805478000,16853135,47.85
17/06/2024,473200,29399990000,62(-1.59 %),1839700,113742070000,1366500,84342080000,17944925,47.77
18/06/2024,-1552200,-95362190000,62.2(0.32 %),575300,35734640000,2127500,131096830000,20181530,47.62
19/06/2024,975296,61904636100,63.3(1.77 %),1710805,107595129500,735509,45690493400,19813225,47.65
20/06/2024,166982,11191545900,63.5(0.32 %),1304000,82688290000,1137018,71496744100,20638225,47.59
21/06/2024,-669827,-42460154300,63.5(0.00 %),811950,51616437600,1481777,94076591900,20631784,47.59
24/06/2024,-550771,-34252818600,62(-2.36 %),854400,52964450000,1405171,87217268600,20914402,47.57
25/06/2024,-2076568,-128785975800,62(0.00 %),889300,55104290000,2965868,183890265800,21584892,47.52
26/06/2024,-2014931,-124516755200,62.6(0.97 %),1302700,81329070000,3317631,205845825200,21761963,47.51
27/06/2024,1674178,105629146500,63.4(1.28 %),2449392,154064104600,775214,48434958100,22287949,47.48
28/06/2024,-842900,-52469200000,62.4(-0.79 %),1190200,74228380000,2033100,126697580000,24434395,47.33
04/07/2024,-722700,-47248670000,65.1(-0.61 %),431900,28236160000,1154600,75484830000,25005094,0.0
05/07/2024,-38400,-2250150000,65.6(0.77 %),1323700,86721240000,1362100,88971390000,25043494,0.0
08/07/2024,-2776900,-184681640000,67(2.13 %),823400,54944900000,3600300,239626540000,27820394,0.0
09/07/2024,-1241600,-82519300000,66.8(-0.30 %),1008100,67226860000,2249700,149746160000,29061994,0.0
10/07/2024,-2414400,-159618610000,65.2(-2.40 %),1305300,86122850000,3719700,245741460000,31476394,0.0
11/07/2024,-1408600,-91743500000,64.8(-0.61 %),886100,57587770000,2294700,149331270000,32884994,0.0
12/07/2024,-1920200,-124105950000,64.8(0.00 %),742300,48083560000,2662500,172189510000,34805194,0.0
15/07/2024,-736800,-47526210000,64.3(-0.77 %),422500,27198950000,1159300,74725160000,35541994,0.0
16/07/2024,-2291300,-148034770000,64.1(-0.31 %),509100,32814420000,2800400,180849190000,37833294,0.0
17/07/2024,2562000,162752510000,63.5(-0.94 %),4046900,257265810000,1484900,94513300000,35271294,0.0
18/07/2024,2035700,130661800000,65(2.36 %),2942100,188516850000,906400,57855050000,33235594,0.0
19/07/2024,2694200,176524380000,65.6(0.92 %),3557400,233290730000,863200,56766350000,30541394,0.0
22/07/2024,-481100,-30830640000,65.3(-0.46 %),373500,24202770000,854600,55033410000,31022494,0.0
23/07/2024,160000,9824100000,62.5(-4.29 %),668300,42097710000,508300,32273610000,30862494,0.0
24/07/2024,-1483000,-89098360000,61.4(-1.76 %),1629500,98848650000,3112500,187947010000,32345494,0.0
25/07/2024,-226000,-13363180000,61(-0.65 %),415600,25237480000,641600,38600660000,32571494,0.0
26/07/2024,-1390500,-84539630000,61(0.00 %),410900,25024350000,1801400,109563980000,33961994,0.0
29/07/2024,-437800,-26971270000,62(1.64 %),458700,28456530000,896500,55427800000,34399794,0.0
30/07/2024,-437800,-26971270000,63(1.61 %),458700,28456530000,896500,55427800000,34837594,0.0
31/07/2024,1574400,100578740000,63.8(1.27 %),2774000,177293380000,1199600,76714640000,33263194,0.0
01/08/2024,1755500,109839830000,62.1(-2.66 %),2450400,153207690000,694900,43367860000,35653621,0.0
02/08/2024,750700,46681360000,62.9(1.29 %),1286100,79500800000,535400,32819440000,34902921,0.0
05/08/2024,-1317800,-80660290000,61.6(-2.07 %),725900,44555210000,2043700,125215500000,36220721,0.0
06/08/2024,-1671300,-102308380000,62.3(1.14 %),909700,56385950000,2581000,158694330000,37892021,0.0
07/08/2024,-1315400,-81313150000,62.3(0.00 %),845500,52559790000,2160900,133872940000,39207421,0.0
08/08/2024,-938000,-58365610000,62.4(0.16 %),654900,40798890000,1592900,99164500000,40145421,0.0
09/08/2024,2254800,144770840000,65.6(5.13 %),4117600,264552380000,1862800,119781540000,37890621,0.0
12/08/2024,2148000,142300410000,66.6(1.52 %),3134600,207596400000,986600,65295990000,35742621,0.0
13/08/2024,716400,47772820000,66.7(0.15 %),2446700,162559290000,1730300,114786470000,35026221,0.0
14/08/2024,136000,9253440000,66.6(-0.15 %),848500,56453390000,712500,47199950000,34890221,0.0
15/08/2024,100400,6716210000,65.9(-1.05 %),1208000,79405020000,1107600,72688810000,34789821,0.0
16/08/2024,1487400,101601910000,69(4.70 %),3910500,266883710000,2423100,165281800000,33302421,0.0
19/08/2024,-267200,-18289780000,69(0.00 %),1108800,76497950000,1376000,94787730000,33569621,0.0
20/08/2024,1421700,98263700000,69.5(0.72 %),1857800,128351690000,436100,30087990000,32147921,0.0
21/08/2024,-1388100,-96353510000,69.8(0.43 %),1639600,114109970000,3027700,210463480000,33536021,0.0
22/08/2024,538500,37710580000,70(0.29 %),1417600,98883210000,879100,61172630000,32997521,0.0
23/08/2024,-151800,-10263340000,70(0.00 %),1024700,71591060000,1176500,81854400000,33149321,0.0
26/08/2024,-45700,-3368440000,69.8(-0.29 %),998500,69892880000,1044200,73261320000,33195021,0.0
27/08/2024,1165700,81268880000,69.8(0.00 %),2463800,170534570000,1298100,89265690000,32029321,0.0
28/08/2024,-145700,-9867310000,69.4(-0.57 %),1946400,134601390000,2092100,144468700000,32175021,0.0
29/08/2024,632000,43729740000,69.1(-0.43 %),1245500,86041540000,613500,42311800000,31543021,0.0
30/08/2024,904600,63494230000,69.8(1.01 %),1786500,124400390000,881900,60906160000,30638421,0.0
04/09/2024,-360600,-24827890000,69.1(-1.00 %),911700,62990980000,1272300,87818870000,29165315,0.0
05/09/2024,326600,22123500000,67.9(-1.74 %),846800,57713550000,520200,35590050000,28838715,0.0
06/09/2024,-47400,-2865360000,68(0.15 %),876600,59353390000,924000,62218750000,28886115,0.0
09/09/2024,-155100,-10432190000,67.5(-0.74 %),482600,32614490000,637700,43046680000,29041215,0.0
10/09/2024,362400,24595970000,67.8(0.44 %),1813700,123157230000,1451300,98561260000,28678815,0.0
11/09/2024,-832300,-56269270000,67.8(0.00 %),2886500,195001830000,3718800,251271100000,29511115,0.0
12/09/2024,-683200,-46122720000,67.5(-0.44 %),362800,24482000000,1046000,70604720000,30194315,0.0
13/09/2024,-1854300,-124315600000,67.2(-0.44 %),734600,49334890000,2588900,173650490000,32048615,0.0
16/09/2024,-616600,-41063680000,66.1(-1.64 %),569500,37781090000,1186100,78844770000,32665215,0.0
17/09/2024,-2184700,-143830380000,66.8(1.06 %),1432900,94508240000,3617600,238338620000,34849915,0.0
18/09/2024,-372800,-25003780000,68.2(2.10 %),2093900,141274360000,2466700,166278140000,35222715,0.0
19/09/2024,502600,34187680000,68.2(0.00 %),1226000,83463080000,723400,49275400000,34720115,0.0
20/09/2024,160900,11044360000,68(-0.29 %),642400,43843090000,481500,32798730000,34559215,0.0
23/09/2024,1031800,69481090000,67.3(-1.03 %),2004900,134980060000,973100,65498970000,33527415,0.0
24/09/2024,1377700,93982610000,68.1(1.19 %),2084900,142094490000,707200,48111880000,32149715,0.0
25/09/2024,1233000,84363240000,68.7(0.88 %),1755900,120094500000,522900,35731260000,30916715,0.0
26/09/2024,526000,35952790000,68.3(-0.58 %),1034700,70845320000,508700,34892530000,30390715,0.0
27/09/2024,-999800,-67682690000,67.5(-1.17 %),719400,48543080000,1719200,116225770000,31390515,0.0
30/09/2024,245900,16994490000,68.1(0.89 %),2240300,151685270000,1994400,134690780000,31144615,0.0
01/10/2024,2404700,163688330000,67.8(-0.44 %),2549200,173534630000,144500,9846300000,29463962,0.0
02/10/2024,90000,6032110000,67.4(-0.59 %),376600,25388540000,286600,19356430000,29373962,0.0
03/10/2024,115500,7568920000,66.3(-1.63 %),870300,57991530000,754800,50422610000,29258462,0.0
04/10/2024,-195300,-12951890000,66.4(0.15 %),515500,34221700000,710800,47173590000,29453762,0.0
07/10/2024,505800,33462290000,66.3(-0.15 %),914400,60570550000,408600,27108260000,28947962,0.0
08/10/2024,-1840600,-120987270000,65.2(-1.66 %),1126900,73646020000,2967500,194633290000,30788562,0.0
09/10/2024,-2370300,-152425010000,64.2(-1.53 %),2233400,143201630000,4603700,295626640000,33158862,0.0
10/10/2024,-142900,-9270180000,65(1.25 %),667800,43248300000,810700,52518480000,33301762,0.0
11/10/2024,661500,42646380000,64.5(-0.77 %),1350700,87038210000,689200,44391830000,32640262,0.0
14/10/2024,-736500,-47420840000,63.6(-1.40 %),886600,56397320000,1623100,103818160000,33376762,0.0
15/10/2024,-233800,-14746140000,64.4(1.26 %),863800,55615270000,1097600,70361410000,33610562,0.0
16/10/2024,748800,48827280000,65.5(1.71 %),1920500,125331520000,1171700,76504240000,32861762,0.0
17/10/2024,-140600,-9229870000,65.8(0.46 %),733100,48080490000,873700,57310360000,33002362,0.0
18/10/2024,1078100,70851510000,65.7(-0.15 %),1088300,71523590000,10200,672080000,31924262,0.0
21/10/2024,-247500,-16291770000,65.8(0.15 %),175100,11473170000,422600,27764940000,32171762,0.0
22/10/2024,1156100,76643470000,66.3(0.76 %),1948200,129073410000,792100,52429940000,31015662,0.0
23/10/2024,286100,18781940000,65.7(-0.90 %),1194900,78251050000,908800,59469110000,30729562,0.0
24/10/2024,945700,61773210000,65.4(-0.46 %),1318800,86207120000,373100,24433910000,29783862,0.0
25/10/2024,1082300,70912310000,65.5(0.15 %),1525300,99931310000,443000,29019000000,28701562,0.0
28/10/2024,683000,44464200000,65.5(0.00 %),1073500,69886080000,390500,25421880000,28018562,0.0
29/10/2024,915400,60434800000,66.5(1.53 %),2734100,180427100000,1818700,119992300000,27103162,0.0
30/10/2024,-265200,-17630270000,66(-0.75 %),1497500,98722170000,1762700,116352440000,27368362,0.0
31/10/2024,-630900,-41754100000,66.5(0.76 %),1071100,70570310000,1702000,112324410000,27999262,0.0
01/11/2024,1635400,108047410000,66(-0.75 %),5961300,393215990000,4325900,285168580000,25714891,0.0
04/11/2024,971300,63425750000,65.1(-1.36 %),2604800,169693610000,1633500,106267860000,24743591,0.0
05/11/2024,-72300,-4784540000,65.6(0.77 %),1240900,81068110000,1313200,85852650000,24815891,0.0
06/11/2024,410700,26849970000,65.6(0.00 %),955300,62495870000,544600,35645900000,24405191,0.0
07/11/2024,729300,47639530000,65.4(-0.30 %),1300300,84889370000,571000,37249840000,23675891,0.0
08/11/2024,247300,16102650000,65(-0.61 %),470200,30547980000,222900,14445330000,23428591,0.0
11/11/2024,-760700,-48177560000,63(-3.08 %),490800,30977750000,1251500,79155310000,24189291,0.0
12/11/2024,-458500,-29072630000,60.8(-3.49 %),1241400,76928610000,1699900,106001240000,39581184,46.29
13/11/2024,-677100,-41490730000,61.9(1.81 %),638800,39170170000,1315900,80660900000,25324891,0.0
14/11/2024,244000,14988860000,61.3(-0.97 %),564100,34558190000,320100,19569330000,25080891,0.0
15/11/2024,258900,15243010000,59.9(-2.28 %),1040400,62359740000,781500,47116730000,24821991,0.0
18/11/2024,-1377800,-80286250000,58.9(-1.67 %),2438600,141851660000,3816400,222137910000,26199791,0.0
19/11/2024,-875300,-50714260000,57.5(-2.38 %),1009900,58280290000,1885200,108994550000,27075091,0.0
20/11/2024,-1316000,-75467550000,56.8(-1.22 %),2716100,155708080000,4032100,231175630000,28391091,0.0
21/11/2024,-1813900,-104569280000,58.7(3.35 %),685500,39474690000,2499400,144043970000,30204991,0.0
22/11/2024,729100,43135540000,59(0.51 %),1590100,93964410000,861000,50828870000,29475891,0.0
25/11/2024,-438500,-25835690000,59(0.00 %),879700,51878020000,1318200,77713710000,31336149,46.86
26/11/2024,-176600,-10447260000,60(1.69 %),612600,36653670000,789200,47100930000,31363446,46.86
27/11/2024,197000,11927630000,60.2(0.33 %),795700,47898210000,598700,35970580000,31845896,46.82
28/11/2024,33300,1993600000,60(-0.33 %),521100,31304100000,487800,29310500000,32093974,46.81
29/11/2024,642700,38906870000,60.5(0.83 %),1130100,67977940000,487400,29071070000,31562574,46.84
02/12/2024,171300,10369170000,60.4(-0.17 %),545700,32902970000,374400,22533800000,31504664,46.85
03/12/2024,-976300,-58438930000,59.8(-0.99 %),457400,27364090000,1433700,85803020000,31534578,46.84
04/12/2024,-4438500,-260150560000,58.1(-2.84 %),146400,8584200000,4584900,268734760000,31818578,46.82
05/12/2024,-351100,-21807430000,61(4.99 %),1350400,81139810000,1701500,102947240000,31929972,46.82
09/12/2024,-484500,-29608830000,61.1(0.00 %),706700,43159510000,1191200,72768340000,37011963,46.47
10/12/2024,-1317700,-80116270000,60.8(-0.49 %),400600,24370870000,1718300,104487140000,38651263,46.36
16/12/2024,-308800,-18798210000,61(0.00 %),664600,40514610000,973400,59312820000,41062242,46.19
17/12/2024,-1326700,-80228560000,60.3(-1.15 %),782300,47274280000,2109000,127502840000,42141842,46.12
18/12/2024,-1182700,-71023780000,60.2(-0.17 %),510100,30662970000,1692800,101686750000,42605220,46.09
19/12/2024,298900,17833340000,59.8(-0.66 %),1804400,107627040000,1505500,89793700000,42909923,46.07
20/12/2024,588600,35637140000,60.6(1.34 %),1756700,105951860000,1168100,70314720000,42813830,46.07
24/12/2024,0,0,61.3(0.49 %),0,0,0,0,43170428,46.05
25/12/2024,291800,18128400000,62.2(1.47 %),512500,31794240000,220700,13665840000,43964182,45.99
26/12/2024,88400,5294880000,61.5(-1.13 %),619200,37988140000,530800,32693260000,43456342,46.03
27/12/2024,-276500,-16373320000,61.4(-0.16 %),882600,54034900000,1159100,70408220000,42754410,46.08
30/12/2024,-463100,-28271530000,61(-0.65 %),472800,28778740000,935900,57050270000,42792410,46.07
31/12/2024,614900,37436590000,61(0.00 %),714200,43463890000,99300,6027300000,43237310,46.04
02/01/2025,240000,14498080000,60.6(-0.66 %),648300,39308320000,408300,24810240000,43524910,46.02
03/01/2025,-405100,-24391350000,58.6(-3.30 %),490300,28998200000,895400,53389550000,43133910,46.05
06/01/2025,-282100,-16705660000,57(-2.73 %),844900,48984990000,1127000,65690650000,42714150,46.08
07/01/2025,-214400,-12230070000,57.1(0.18 %),1289600,73683420000,1504000,85913490000,42714150,46.08
08/01/2025,-581400,-32849740000,58.1(1.75 %),513600,29442590000,1095000,62292330000,42893420,46.07
09/01/2025,-187500,-10808910000,57.7(-0.69 %),357200,20608170000,544700,31417080000,44040265,45.99
10/01/2025,263300,15171240000,57.5(-0.35 %),1176800,67775770000,913500,52604530000,43992065,45.99
13/01/2025,-280200,-16147250000,57.3(-0.35 %),783500,44908960000,1063700,61056210000,43753265,46.01
14/01/2025,-584300,-33227560000,57.2(-0.17 %),588700,33592900000,1173000,66820460000,44038027,45.99
15/01/2025,-483500,-27651890000,57.3(0.17 %),164400,9402950000,647900,37054840000,44917336,45.93
16/01/2025,-120200,-6760150000,57.8(0.87 %),534900,30782770000,655100,37542920000,45037536,0.0
17/01/2025,-80800,-4561160000,57.7(-0.17 %),586200,33803620000,667000,38364780000,45617136,45.88
20/01/2025,46400,2660830000,57.5(-0.35 %),441200,25364460000,394800,22703630000,45761036,45.87
21/01/2025,-352800,-20275150000,57.7(0.35 %),414400,23920200000,767200,44195350000,46013586,45.85
22/01/2025,-439300,-25316040000,57.4(-0.52 %),606700,34946010000,1046000,60262050000,45801686,45.87
23/01/2025,117900,7584880000,59.2(3.14 %),1081300,63353320000,963400,55768440000,45487586,45.89
24/01/2025,10900,1020440000,60.1(1.52 %),1313100,78077160000,1302200,77056720000,45220578,45.91
03/02/2025,-1287000,-75631130000,0(0.00 %),997700,59009850000,2284700,134640980000,45186278,45.91
04/02/2025,-192000,-11347660000,59.6(0.00 %),572600,34005640000,764600,45353300000,45915878,45.86
05/02/2025,-742500,-44005800000,59.4(-0.34 %),397000,23562140000,1139500,67567940000,47803578,45.73
06/02/2025,-697600,-41039310000,59.1(-0.51 %),530600,31333920000,1228200,72373230000,47942578,45.72
07/02/2025,-1652000,-95949430000,58.9(-0.34 %),1137200,66594760000,2789200,162544190000,47944878,45.72
10/02/2025,-1875600,-108146660000,57.4(-2.55 %),586900,33870270000,2462500,142016930000,48586178,45.68
11/02/2025,-2028900,-115110140000,56.4(-1.74 %),386700,22001100000,2415600,137111240000,50950790,45.52
12/02/2025,-1968500,-111643300000,56.4(0.00 %),347600,19751280000,2316100,131394580000,53027690,45.37
13/02/2025,-867400,-47866730000,54.8(-2.84 %),1042900,57358050000,1910300,105224780000,54379333,45.28
14/02/2025,-3558800,-193326150000,55.2(0.73 %),1155800,63457110000,4714600,256783260000,55089633,45.23
17/02/2025,-2975100,-161672840000,54.1(-1.99 %),161600,8788980000,3136700,170461820000,56728393,45.12
18/02/2025,-1228000,-66730790000,54.5(0.74 %),570200,31030690000,1798200,97761480000,60893793,44.84
19/02/2025,-84100,-4764160000,55.8(2.39 %),619700,34330160000,703800,39094320000,63323961,44.67
20/02/2025,256500,14569130000,56.7(1.61 %),507800,28659190000,251300,14090060000,64542385,44.59
21/02/2025,1179800,68457360000,58.1(2.47 %),1405600,81393640000,225800,12936280000,64042985,44.62
24/02/2025,1382600,80272780000,58.4(0.52 %),2097100,121679700000,714500,41406920000,59675185,44.92
25/02/2025,-676000,-38648670000,58.3(-0.17 %),2206600,128232640000,2882600,166881310000,55234381,45.22
26/02/2025,392100,22957640000,58.7(0.69 %),1643400,96343840000,1251300,73386200000,53452089,45.34
27/02/2025,38200,2213730000,58.6(-0.17 %),723100,42290120000,684900,40076390000,55592619,45.2
28/02/2025,-891500,-51923860000,58.3(-0.51 %),866600,50409490000,1758100,102333350000,55977319,45.17
03/03/2025,-61400,-3674470000,58.8(0.86 %),1769200,103704500000,1830600,107378970000,54893219,45.25
04/03/2025,851500,50445850000,59.5(1.19 %),1905900,112857900000,1054400,62412050000,54673419,45.26
05/03/2025,2056800,122960410000,59.6(0.17 %),3063000,183116680000,1006200,60156270000,53140987,45.37
06/03/2025,2894800,177206870000,61.9(3.86 %),4293700,262706680000,1398900,85499810000,49865987,45.59
07/03/2025,1130900,69766680000,61.9(0.00 %),1526800,94136010000,395900,24369330000,49309087,45.63
10/03/2025,340100,21101200000,62.2(0.48 %),1407700,87128640000,1067600,66027440000,47404365,45.76
11/03/2025,698000,44286950000,63(1.29 %),1722600,108383000000,1024600,64096050000,47404365,45.76
12/03/2025,-335100,-20737130000,62.7(-0.48 %),1590300,99311520000,1925400,120048650000,45518051,45.89
13/03/2025,671095,41350294900,61.5(-1.91 %),2534795,156713338500,1863700,115363043600,44641856,45.95
14/03/2025,2204900,136479980000,61.5(0.00 %),3125200,193175730000,920300,56695750000,43406967,46.03
17/03/2025,-428900,-26383400000,62(0.81 %),313500,19323480000,742400,45706880000,44251098,45.97
18/03/2025,340000,21115070000,61.8(-0.32 %),1574200,97446740000,1234200,76331670000,43582088,46.02
19/03/2025,-2906900,-174634110000,59.5(-3.72 %),1137700,67957660000,4044600,242591770000,43086939,46.05
20/03/2025,-205900,-11961850000,60(0.84 %),925400,55187310000,1131300,67149160000,43384071,46.03
21/03/2025,-296200,-17570730000,60.3(0.50 %),660500,39658930000,956700,57229660000,46753422,45.8
24/03/2025,-241300,-14319680000,60.3(0.00 %),533200,32034440000,774500,46354120000,47352087,45.76
25/03/2025,334200,20349380000,60.5(0.33 %),964300,58277290000,630100,37927910000,47314090,45.76
26/03/2025,-102200,-6219810000,60.8(0.50 %),411600,24982230000,513800,31202040000,47674690,45.74
27/03/2025,-161300,-9693420000,60.4(-0.66 %),370400,22366030000,531700,32059450000,47824938,45.73
28/03/2025,-322700,-19349450000,59.8(-0.99 %),850300,50834900000,1173000,70184350000,47268438,45.77
31/03/2025,-1006200,-58634800000,59(-1.34 %),638100,37523280000,1644300,96158080000,47062336,45.78
01/04/2025,-439900,-25470280000,58.6(-0.68 %),973600,57018380000,1413500,82488660000,47213411,45.77
02/04/2025,-912500,-53626720000,58.8(0.34 %),680300,39942220000,1592800,93568940000,47811385,45.73
03/04/2025,-3580200,-196889600000,54.7(-6.97 %),2370400,129788100000,5950600,326677700000,46827159,45.8
04/04/2025,483200,23502990000,52.8(-3.47 %),9830600,503819870000,9347400,480316880000,38408759,46.37
08/04/2025,2020800,99338180000,49.15(-6.91 %),4324100,212601915000,2303300,113263735000,39686932,46.29
09/04/2025,8187100,385997135000,46.25(-5.90 %),11465000,540875690000,3277900,154878555000,36976506,46.47
10/04/2025,-95600,-4727420000,49.45(6.92 %),0,0,95600,4727420000,38899256,46.34
11/04/2025,2263500,116914450000,52.9(6.98 %),3834900,198930530000,1571400,82016080000,38342225,46.38
14/04/2025,1776700,98771990000,56.6(6.99 %),4153900,231574630000,2377200,132802640000,34283975,46.66
15/04/2025,3092500,175109900000,57.1(0.88 %),4205400,238012470000,1112900,62902570000,31750025,46.83
16/04/2025,261600,14918540000,56.8(-0.53 %),2415500,137438630000,2153900,122520090000,31711725,46.83
17/04/2025,1406100,79530440000,56.8(0.00 %),2097900,118345160000,691800,38814720000,30726825,46.9
18/04/2025,158600,9658090000,56.2(-1.06 %),2603600,148649560000,2445000,138991470000,30277108,46.93
21/04/2025,278600,15544870000,55.6(-1.07 %),872500,48567270000,593900,33022400000,30087408,46.94
22/04/2025,3281000,184000470000,57.3(3.06 %),4900400,274797840000,1619400,90797370000,27632008,47.11
23/04/2025,68700,3927160000,58.8(2.62 %),1859900,109285330000,1791200,105358170000,26376008,47.2
24/04/2025,2329400,138202640000,59.7(1.53 %),3047400,180738900000,718000,42536260000,24948277,47.29
25/04/2025,-143100,-9391810000,60.5(1.34 %),2913100,174527080000,3056200,183918890000,32376386,46.81
28/04/2025,251400,15307100000,60.9(0.66 %),2373900,143853440000,2122500,128546340000,30600456,46.93
29/04/2025,2525900,153556450000,60.8(-0.16 %),2939600,178708440000,413700,25151990000,30717056,46.92
05/05/2025,1465801,33910814700,61(0.33 %),1465801,88924775400,0,55013960700,32285155,46.82
06/05/2025,-523000,-31706130000,60.5(-0.82 %),301900,18270210000,824900,49976340000,33060861,46.77
07/05/2025,724500,43540370000,60.1(-0.66 %),2244300,134377810000,1519800,90837440000,32336361,46.81
08/05/2025,-291900,-16812160000,60.3(0.33 %),1873300,112005510000,2165200,128817670000,32859361,46.78
09/05/2025,-175000,-10542420000,60.4(0.17 %),741500,44800130000,916500,55342550000,32859361,46.78
12/05/2025,210300,12723860000,60.8(0.66 %),879000,53129980000,668700,40406120000,32940961,46.77
13/05/2025,4822300,301805400000,63.5(4.44 %),5798100,363101760000,975800,61296360000,28093788,47.1
14/05/2025,4444500,284538780000,64(0.79 %),5507800,352594120000,1063300,68055340000,23649260,47.4
15/05/2025,4354600,155403572000,64.3(0.47 %),4354600,277547760000,0,122144188000,21215660,47.57
16/05/2025,2668100,125614422000,63.8(-0.78 %),2668100,170646680000,0,45032258000,19251302,47.7
19/05/2025,3321660,52686463100,63.7(-0.16 %),3321660,211583652000,0,158897188900,18423632,47.75
20/05/2025,3822600,104769298200,64.7(1.57 %),3822600,245863870000,0,141094571800,16792802,47.87
21/05/2025,3162175,24949896000,64.3(-0.62 %),3162175,203002034000,0,178052138000,16405227,47.89
22/05/2025,2794212,134106575500,64.3(0.00 %),2794212,179613585500,0,45507010000,14318515,48.03
23/05/2025,-1396900,-88571890000,64.2(-0.16 %),1507800,96264480000,2904700,184836370000,14318515,48.03
26/05/2025,492100,-5488940000,64.5(0.47 %),492100,31381866000,0,36870806000,14318515,48.03
27/05/2025,-836800,-53500120000,64.3(-0.31 %),1355800,87000140000,2192600,140500260000,15717316,47.94
28/05/2025,2355417,76079607300,64.4(0.16 %),2355417,152243907300,0,76164300000,14628699,48.01
29/05/2025,645669,-42009908500,64.3(-0.16 %),645669,41498391500,0,83508300000,15465561,47.95
30/05/2025,1649710,-132305934900,62.1(-3.42 %),1649710,102833121000,0,235139055900,15465561,47.95
02/06/2025,3397900,53946380000,61(-1.77 %),3397900,206830840000,0,152884460000,15241292,47.97
03/06/2025,1003510,22967314000,62.4(2.30 %),1003510,62218774000,0,39251460000,16952768,47.85
04/06/2025,1703710,-38087510000,61.3(-1.76 %),1703710,104749950000,0,142837460000,16952768,47.85
05/06/2025,946207,-7611719900,61.7(0.65 %),946207,58262964000,0,65874683900,16981168,47.85
06/06/2025,333600,-11590374900,60.5(-1.94 %),333600,20232660000,0,31823034900,17598758,47.81
09/06/2025,1497820,8329084000,60.5(0.00 %),1497820,90145464000,0,81816380000,17586531,47.81
10/06/2025,1016000,-36635093500,61.5(1.65 %),1016000,62911110000,0,99546203500,17776428,47.8
11/06/2025,-416300,-25745940000,61.9(0.65 %),601100,37207780000,1017400,62953720000,17776428,47.8
12/06/2025,1435300,90945250000,63.5(2.58 %),2397300,151324560000,962000,60379310000,16932628,47.86
13/06/2025,140600,9081480000,63.2(-0.47 %),1084200,68174900000,943600,59093420000,17008528,47.85
16/06/2025,1736200,110996150000,64.3(1.74 %),2285300,145854320000,549100,34858170000,15269708,47.97
17/06/2025,629900,40374970000,64.4(0.16 %),1088400,69769570000,458500,29394600000,14650058,48.01
18/06/2025,-452600,-29232290000,63.7(-1.09 %),820200,52651420000,1272800,81883710000,14650058,48.01
19/06/2025,-840100,-53151570000,64(0.47 %),865100,55353590000,1705200,108505160000,14650058,48.01
20/06/2025,230300,14792050000,64.1(0.16 %),827300,52959140000,597000,38167090000,14783727,48.0
23/06/2025,914500,58683450000,65(1.40 %),1215300,77913220000,300800,19229770000,14709298,48.01
24/06/2025,42300,2602850000,64.9(-0.15 %),1016600,66080590000,974300,63477740000,14666855,48.01
25/06/2025,1190900,77437070000,65(0.15 %),1560100,101328400000,369200,23891330000,13477855,48.09
26/06/2025,-455600,-29384740000,64.5(-0.77 %),411800,26567400000,867400,55952140000,13477855,48.09
27/06/2025,956800,62594220000,65.8(2.02 %),1608800,105384620000,652000,42790400000,12521055,48.15
30/06/2025,771300,50494050000,65.5(-0.46 %),978000,64089710000,206700,13595660000,12205635,48.18
01/07/2025,225400,14893850000,64.5(-1.53 %),1385700,90270640000,1160300,75376790000,11980210,48.19
02/07/2025,576000,37449500000,64.8(0.47 %),1836600,118948050000,1260600,81498550000,11404160,48.23
03/07/2025,4458500,294152390000,65.4(0.93 %),4555000,300529330000,96500,6376940000,6945740,48.53
04/07/2025,1986900,131550390000,66.3(1.38 %),2239800,148252700000,252900,16702310000,4958840,48.66
07/07/2025,-606900,-39936200000,66.5(0.30 %),1313300,87030250000,1920200,126966450000,4958840,48.66
08/07/2025,-1417000,-93959190000,67.2(1.05 %),1077200,72182330000,2494200,166141520000,4958840,48.66
09/07/2025,459500,31147500000,67.7(0.74 %),1386500,93425150000,927000,62277650000,5505200,48.63
10/07/2025,923700,62895220000,68(0.44 %),1523800,103530990000,600100,40635770000,5505200,48.63
11/07/2025,181700,12363590000,67.9(-0.15 %),413800,28092600000,232100,15729010000,5817003,48.61
14/07/2025,790900,54211280000,69(1.62 %),1433700,97517190000,642800,43305910000,5026063,48.66
15/07/2025,-208300,-14958250000,69.3(0.43 %),900200,63042390000,1108500,78000640000,5026063,48.66
16/07/2025,-231600,-15728610000,70(1.01 %),734800,51069720000,966400,66798330000,5051063,48.66
17/07/2025,785100,55257610000,70.5(0.71 %),1771200,124292330000,986100,69034720000,5051063,48.66
18/07/2025,1107600,78319130000,70.7(0.28 %),1649600,116644260000,542000,38325130000,3454739,48.77
21/07/2025,458500,32355260000,70(-0.99 %),1772500,124067780000,1314000,91712520000,2792239,48.81
22/07/2025,488500,34404120000,70.4(0.57 %),1776700,123974710000,1288200,89570590000,2303739,48.84
23/07/2025,318700,22376030000,70.5(0.14 %),740600,52190480000,421900,29814450000,1483339,48.9
24/07/2025,-840300,-58186330000,69.5(0.00 %),84600,5864970000,924900,64051300000,1483339,48.9
25/07/2025,1083400,75857840000,70.1(0.86 %),1199400,84013120000,116000,8155280000,399801,48.97
28/07/2025,-715000,-50135480000,70.2(0.14 %),198000,13860550000,913000,63996030000,821701,48.94
29/07/2025,-3563600,-243709320000,66.6(-5.13 %),721400,48804720000,4285000,292514040000,819701,48.94
30/07/2025,621400,41661220000,67.1(0.75 %),811500,54436070000,190100,12774850000,913299,48.94
31/07/2025,-1676500,-110668450000,65.3(-2.68 %),867400,57355490000,2543900,168023940000,4477599,48.7
01/08/2025,-605900,-39920180000,65.2(-0.15 %),465400,30398950000,1071300,70319130000,4477599,48.7
04/08/2025,308600,20700200000,67(2.76 %),1008100,66518960000,699500,45818760000,5845426,48.6
05/08/2025,1365800,93760220000,69.3(3.43 %),2658400,181412270000,1292600,87652050000,4434567,48.7
06/08/2025,1560500,111280380000,72.4(4.47 %),2271700,162039780000,711200,50759400000,2074167,48.86
07/08/2025,901800,65147860000,72.4(0.00 %),1515800,109398910000,614000,44251050000,1157667,48.92
08/08/2025,-353000,-25103780000,72(-0.55 %),1157200,83266440000,1510200,108370220000,1157667,48.92
11/08/2025,-845400,-60742260000,72.1(0.14 %),1055400,76689470000,1900800,137431730000,1153667,48.92
12/08/2025,-1091400,-78350760000,72.2(0.14 %),603800,43528790000,1695200,121879550000,1499367,48.9
13/08/2025,-1996900,-141847750000,70.9(-1.80 %),722600,51191770000,2719500,193039520000,2345004,48.84
14/08/2025,-1448500,-101782770000,71.9(1.41 %),613500,43848420000,2062000,145631190000,3632583,48.75
15/08/2025,-1749600,-123828520000,70.5(-1.95 %),919800,65100430000,2669400,188928950000,5621943,48.62
18/08/2025,-1933900,-134867640000,70(-0.71 %),1282300,89797120000,3216200,224664760000,7070467,48.52
19/08/2025,-4816600,-329568730000,68(-2.86 %),898100,61439150000,5714700,391007880000,8820014,48.4
20/08/2025,-273700,-19063390000,69.4(2.06 %),2431500,167780870000,2705200,186844260000,10645474,48.28
21/08/2025,232200,16929900000,71(2.31 %),1338100,94233560000,1105900,77303660000,15215411,47.97
22/08/2025,657800,46513870000,70.3(-0.99 %),2335300,163440230000,1677500,116926360000,15215411,47.97
25/08/2025,-531000,-37089510000,68.8(-2.13 %),680800,47015740000,1211800,84105250000,14831542,48.0
26/08/2025,1700300,121640790000,0(-100.00 %),2401600,171250650000,701300,49609860000,14831542,48.0
