Ngay,KLGDRong,GTDGRong,ThayDoi,KLMua,GtMua,KLBan,GtBan,RoomConLai,DangSoHuu
29/12/2006,10,350,0(0.00 %),10,350,0,0,0,0.0
01/03/2007,1000,34200000,0(0.00 %),1000,34200000,0,0,0,0.0
02/03/2007,300,10260000,0(0.00 %),300,10260000,0,0,0,0.0
05/03/2007,-4000,-146800000,0(0.00 %),36000,1321200000,40000,1468000000,0,0.0
06/03/2007,-158900,-6117650000,0(0.00 %),8000,308000000,166900,6425650000,0,0.0
07/03/2007,-45000,-1818000000,0(0.00 %),0,0,45000,1818000000,0,0.0
08/03/2007,-9500,-402800000,0(0.00 %),500,21200000,10000,424000000,0,0.0
09/03/2007,-52000,-2314000000,0(0.00 %),0,0,52000,2314000000,0,0.0
12/03/2007,-30000,-1401000000,46.7(4.94 %),0,0,30000,1401000000,0,0.0
13/03/2007,-85900,-4209100000,49(4.93 %),3100,151900000,89000,4361000000,0,0.0
14/03/2007,0,0,46.6(-4.90 %),0,0,0,0,0,0.0
15/03/2007,0,0,44.3(-4.94 %),0,0,0,0,0,0.0
16/03/2007,0,0,42.1(-4.97 %),0,0,0,0,0,0.0
19/03/2007,-8500,-365500000,43(2.14 %),0,0,8500,365500000,0,0.0
20/03/2007,-2610,-109975000,42(-2.33 %),1100,46700000,3710,156675000,0,0.0
21/03/2007,9810,392837000,39.9(-5.00 %),10810,432737000,1000,39900000,0,0.0
22/03/2007,500,19000000,38(-4.76 %),1000,38000000,500,19000000,0,0.0
23/03/2007,13500,498500000,37(-2.63 %),13500,498500000,0,0,0,0.0
26/03/2007,0,0,35.2(-4.86 %),0,0,0,0,0,0.0
27/03/2007,20300,680050000,33.5(-4.83 %),20300,680050000,0,0,0,0.0
28/03/2007,5000,159800000,32(-4.48 %),5000,159800000,0,0,0,0.0
29/03/2007,-59400,-1995840000,33.6(5.00 %),0,0,59400,1995840000,0,0.0
30/03/2007,-45000,-1584000000,35.2(4.76 %),0,0,45000,1584000000,0,0.0
02/04/2007,-20000,-738000000,36.9(4.83 %),5000,184500000,25000,922500000,0,0.0
03/04/2007,420,14742000,35.1(-4.88 %),420,14742000,0,0,0,0.0
04/04/2007,2000,72000000,36(2.56 %),2000,72000000,0,0,0,0.0
05/04/2007,-16000,-562800000,36(0.00 %),0,0,16000,562800000,0,0.0
06/04/2007,13900,485800000,34.5(-4.17 %),13900,485800000,0,0,0,0.0
09/04/2007,0,0,34(-1.45 %),0,0,0,0,0,0.0
10/04/2007,0,0,35(2.94 %),0,0,0,0,0,0.0
11/04/2007,0,0,34.5(-1.43 %),0,0,0,0,0,0.0
12/04/2007,7000,238000000,33.5(-2.90 %),7000,238000000,0,0,0,0.0
13/04/2007,19000,627000000,33(-1.49 %),19000,627000000,0,0,0,0.0
16/04/2007,20770,656255000,32(-3.03 %),20780,656570000,10,315000,0,0.0
17/04/2007,25760,811440000,31.5(-1.56 %),25760,811440000,0,0,0,0.0
18/04/2007,5000,165000000,33(4.76 %),5000,165000000,0,0,0,0.0
19/04/2007,2000,69200000,34.5(4.55 %),2000,69200000,0,0,0,0.0
20/04/2007,46000,1587000000,35.5(2.90 %),50000,1725000000,4000,138000000,0,0.0
23/04/2007,80000,2840000000,35.5(0.00 %),80000,2840000000,0,0,0,0.0
24/04/2007,1390,48260000,35(-1.41 %),1390,48260000,0,0,0,0.0
25/04/2007,0,0,35(0.00 %),0,0,0,0,0,0.0
02/05/2007,-10400,-364000000,35(0.00 %),20300,710500000,30700,1074500000,0,0.0
03/05/2007,-15910,-556850000,35(0.00 %),0,0,15910,556850000,0,0.0
04/05/2007,-300,-10500000,34(-2.86 %),0,0,300,10500000,0,0.0
07/05/2007,0,0,34.5(1.47 %),0,0,0,0,0,0.0
08/05/2007,0,0,35(1.45 %),0,0,0,0,0,0.0
09/05/2007,28700,1004500000,35(0.00 %),30000,1050000000,1300,45500000,0,0.0
10/05/2007,0,0,33.6(-4.00 %),0,0,0,0,0,0.0
11/05/2007,0,0,34(1.19 %),0,0,0,0,0,0.0
14/05/2007,0,0,34(0.00 %),1000,34000000,1000,34000000,0,0.0
15/05/2007,11700,397800000,34(0.00 %),11700,397800000,0,0,0,0.0
16/05/2007,2000,67900000,33.9(-0.29 %),2000,67900000,0,0,0,0.0
17/05/2007,0,0,33.5(-1.18 %),0,0,0,0,0,0.0
18/05/2007,2000,67000000,33.8(0.90 %),2000,67000000,0,0,0,0.0
21/05/2007,0,0,34(0.59 %),0,0,0,0,0,0.0
22/05/2007,21100,727900000,34.5(1.47 %),21100,727900000,0,0,0,0.0
23/05/2007,-200,-7200000,36(4.35 %),0,0,200,7200000,0,0.0
24/05/2007,-1000,-35000000,34.5(-4.17 %),0,0,1000,35000000,0,0.0
25/05/2007,0,0,34.5(0.00 %),0,0,0,0,0,0.0
28/05/2007,300,10260000,34.2(-0.87 %),300,10260000,0,0,0,0.0
29/05/2007,-3000,-100392000,33.2(-2.92 %),0,0,3000,100392000,0,0.0
30/05/2007,-4620,-152460000,33.6(1.20 %),4580,151140000,9200,303600000,0,0.0
31/05/2007,-10000,-340000000,34(1.19 %),0,0,10000,340000000,0,0.0
01/06/2007,500,16750000,34(0.00 %),500,16750000,0,0,0,0.0
04/06/2007,100,3360000,34(0.00 %),100,3360000,0,0,0,0.0
05/06/2007,1070,35310000,33(-2.94 %),1070,35310000,0,0,0,0.0
06/06/2007,9900,326700000,33.5(1.52 %),9900,326700000,0,0,0,0.0
07/06/2007,-1000,-33600000,33.6(0.30 %),0,0,1000,33600000,0,0.0
08/06/2007,-1910,-67052000,35.1(4.46 %),2090,73498000,4000,140550000,0,0.0
11/06/2007,7190,255895000,35.5(1.14 %),15190,539895000,8000,284000000,0,0.0
12/06/2007,-2000,-71000000,34.6(-2.54 %),2000,71000000,4000,142000000,0,0.0
13/06/2007,-1450,-50565000,34.8(0.58 %),350,12075000,1800,62640000,0,0.0
14/06/2007,-5000,-170000000,34(-2.30 %),0,0,5000,170000000,0,0.0
15/06/2007,0,0,34.5(1.47 %),0,0,0,0,0,0.0
18/06/2007,8650,313130000,36.2(4.93 %),8650,313130000,0,0,0,0.0
19/06/2007,2000,72400000,36(-0.55 %),2000,72400000,0,0,0,0.0
20/06/2007,111500,4047750000,36.5(1.39 %),120000,4355000000,8500,307250000,0,0.0
21/06/2007,-3500,-128900000,35(-4.11 %),500,17500000,4000,146400000,0,0.0
22/06/2007,35450,1257975000,35.5(1.43 %),39450,1399975000,4000,142000000,0,0.0
25/06/2007,7170,243780000,34(-4.23 %),30100,1023400000,22930,779620000,0,0.0
26/06/2007,0,0,30.3(-0.16 %),0,0,0,0,0,0.0
27/06/2007,-2800,-84280000,30.1(-0.66 %),200,6020000,3000,90300000,0,0.0
28/06/2007,-1900,-56990000,30(-0.33 %),100,3010000,2000,60000000,0,0.0
29/06/2007,21560,646800000,30(0.00 %),21560,646800000,0,0,0,0.0
02/07/2007,10000,302000000,29(-3.33 %),10000,302000000,0,0,0,0.0
03/07/2007,200,5900000,29.5(1.72 %),200,5900000,0,0,0,0.0
04/07/2007,0,0,29.7(0.68 %),0,0,0,0,0,0.0
05/07/2007,2940,85260000,29.1(-2.02 %),2940,85260000,0,0,0,0.0
06/07/2007,10100,302622000,30(3.09 %),10100,302622000,0,0,0,0.0
09/07/2007,1100,31895000,29.5(-1.67 %),1110,32190000,10,295000,0,0.0
10/07/2007,0,0,29.5(0.00 %),0,0,0,0,0,0.0
11/07/2007,13550,399725000,29.5(0.00 %),13550,399725000,0,0,0,0.0
12/07/2007,1630,47270000,29(-1.69 %),1630,47270000,0,0,0,0.0
13/07/2007,0,0,29(0.00 %),0,0,0,0,0,0.0
16/07/2007,2500,72500000,29(0.00 %),2500,72500000,0,0,0,0.0
17/07/2007,1200,33960000,29(0.00 %),1200,33960000,0,0,0,0.0
18/07/2007,0,0,28.7(-1.03 %),0,0,0,0,0,0.0
19/07/2007,0,0,28.5(-0.70 %),0,0,0,0,0,0.0
20/07/2007,0,0,29.5(3.51 %),0,0,0,0,0,0.0
23/07/2007,0,0,30(1.69 %),0,0,0,0,0,0.0
24/07/2007,0,0,28.8(-4.00 %),0,0,0,0,0,0.0
25/07/2007,2100,60900000,28.8(0.00 %),2100,60900000,0,0,0,0.0
26/07/2007,500,14350000,28.7(-0.35 %),500,14350000,0,0,0,0.0
27/07/2007,2000,58000000,29(1.05 %),2000,58000000,0,0,0,0.0
30/07/2007,15950,461575000,28.5(-1.72 %),16250,470245000,300,8670000,0,0.0
31/07/2007,0,0,28.5(0.00 %),0,0,0,0,0,0.0
01/08/2007,20,560000,29(1.75 %),20,560000,0,0,0,0.0
02/08/2007,0,0,27.6(-4.83 %),0,0,0,0,0,0.0
03/08/2007,20000,560000000,28(1.45 %),20000,560000000,0,0,0,0.0
06/08/2007,39500,1115750000,28.5(1.79 %),40000,1130000000,500,14250000,0,0.0
07/08/2007,30100,867650000,29(1.75 %),30100,867650000,0,0,0,0.0
08/08/2007,11580,335820000,29(0.00 %),12180,353220000,600,17400000,0,0.0
09/08/2007,31400,920600000,29.5(1.72 %),31400,920600000,0,0,0,0.0
10/08/2007,0,0,29(-1.69 %),0,0,0,0,0,0.0
13/08/2007,20740,601460000,28.5(-1.72 %),21300,617700000,560,16240000,0,0.0
14/08/2007,17820,516780000,29(1.75 %),18320,531280000,500,14500000,0,0.0
15/08/2007,0,0,28.6(-1.38 %),0,0,0,0,0,0.0
16/08/2007,-1870,-53295000,28.1(-1.75 %),460,13110000,2330,66405000,0,0.0
17/08/2007,-2420,-67760000,28(-0.36 %),0,0,2420,67760000,0,0.0
20/08/2007,60,1668000,27(-3.57 %),60,1668000,0,0,0,0.0
21/08/2007,640,17280000,27(0.00 %),2000,54000000,1360,36720000,0,0.0
22/08/2007,-970,-26190000,27.4(1.48 %),30,810000,1000,27000000,0,0.0
23/08/2007,11000,306030000,28(2.19 %),11000,306030000,0,0,0,0.0
24/08/2007,5330,149240000,28(0.00 %),5330,149240000,0,0,0,0.0
27/08/2007,-1650,-46359000,28(0.00 %),18000,503841000,19650,550200000,0,0.0
28/08/2007,280,7790000,27.5(-1.79 %),8000,223950000,7720,216160000,0,0.0
29/08/2007,8100,222610000,27.5(0.00 %),8100,222610000,0,0,0,0.0
30/08/2007,2080,57500000,27.5(0.00 %),6480,180700000,4400,123200000,0,0.0
31/08/2007,1570,43175000,27.5(0.00 %),1570,43175000,0,0,0,0.0
04/09/2007,5940,166320000,28.5(3.64 %),10010,280280000,4070,113960000,0,0.0
05/09/2007,10150,289275000,28.5(0.00 %),10150,289275000,0,0,0,0.0
06/09/2007,11680,332880000,28.5(0.00 %),11680,332880000,0,0,0,0.0
07/09/2007,6680,190380000,28.3(-0.70 %),6680,190380000,0,0,0,0.0
10/09/2007,18010,509983000,28.3(0.00 %),19010,537983000,1000,28000000,0,0.0
11/09/2007,32290,953280000,29.5(4.24 %),44310,1303130000,12020,349850000,0,0.0
12/09/2007,-290,-8961000,29.5(0.00 %),0,0,290,8961000,0,0.0
13/09/2007,23020,684453000,30(1.69 %),23020,684453000,0,0,0,0.0
14/09/2007,0,0,29.5(-1.67 %),0,0,0,0,0,0.0
17/09/2007,0,0,29.2(-1.02 %),0,0,0,0,0,0.0
18/09/2007,0,0,28.8(-1.37 %),0,0,0,0,0,0.0
19/09/2007,0,0,28.5(-1.04 %),0,0,0,0,0,0.0
20/09/2007,-560,-15904000,28.7(0.70 %),0,0,560,15904000,0,0.0
21/09/2007,0,0,28.6(-0.35 %),0,0,0,0,0,0.0
24/09/2007,-840,-23772000,28.3(-1.05 %),0,0,840,23772000,0,0.0
25/09/2007,5000,141500000,28.8(1.77 %),5000,141500000,0,0,0,0.0
26/09/2007,5000,145000000,29(0.69 %),5000,145000000,0,0,0,0.0
27/09/2007,0,0,28.5(-1.72 %),0,0,0,0,0,0.0
28/09/2007,0,0,29.9(4.91 %),0,0,0,0,0,0.0
01/10/2007,2000,60000000,30.5(2.01 %),2000,60000000,0,0,0,0.0
02/10/2007,-2000,-62000000,30.5(0.00 %),0,0,2000,62000000,0,0.0
03/10/2007,-5000,-148000000,30(-1.64 %),0,0,5000,148000000,0,0.0
04/10/2007,0,0,30(0.00 %),0,0,0,0,0,0.0
05/10/2007,0,0,30.6(2.00 %),0,0,0,0,0,0.0
08/10/2007,-950,-29545000,31.4(2.61 %),0,0,950,29545000,0,0.0
09/10/2007,-5500,-172800000,31.4(0.00 %),0,0,5500,172800000,0,0.0
10/10/2007,0,0,31(-1.27 %),0,0,0,0,0,0.0
11/10/2007,8000,240000000,30.5(-1.61 %),10000,300000000,2000,60000000,0,0.0
12/10/2007,33000,1041500000,31.5(3.28 %),35000,1102500000,2000,61000000,0,0.0
15/10/2007,61670,1973704000,32(1.59 %),62000,1984000000,330,10296000,0,0.0
16/10/2007,500,15900000,31.8(-0.62 %),2500,79900000,2000,64000000,0,0.0
17/10/2007,1820,60606000,33.3(4.72 %),1820,60606000,0,0,0,0.0
18/10/2007,-10200,-341700000,32(-3.90 %),0,0,10200,341700000,0,0.0
19/10/2007,9500,295650000,32.3(0.94 %),9500,295650000,0,0,0,0.0
22/10/2007,600,18930000,31(-4.02 %),600,18930000,0,0,0,0.0
23/10/2007,-4850,-148134000,30.3(-2.26 %),1000,30500000,5850,178634000,0,0.0
24/10/2007,20500,635150000,30.4(0.33 %),20500,635150000,0,0,0,0.0
25/10/2007,-700,-19970000,30.7(0.99 %),2800,87340000,3500,107310000,0,0.0
26/10/2007,4000,120000000,30(-2.28 %),4000,120000000,0,0,0,0.0
29/10/2007,-1110,-34065000,31(3.33 %),1000,31000000,2110,65065000,0,0.0
30/10/2007,-6300,-204750000,32.5(4.84 %),0,0,6300,204750000,0,0.0
31/10/2007,-63500,-2164615000,34.1(4.92 %),0,0,63500,2164615000,0,0.0
01/11/2007,-10600,-379230000,35.8(4.99 %),0,0,10600,379230000,0,0.0
02/11/2007,-11900,-427000000,35(-2.23 %),2400,87450000,14300,514450000,0,0.0
05/11/2007,53290,1871990000,35(0.00 %),61000,2135000000,7710,263010000,0,0.0
06/11/2007,-5000,-166757000,33.3(-4.86 %),1000,33500000,6000,200257000,0,0.0
07/11/2007,-6000,-193175000,32.5(-2.40 %),0,0,6000,193175000,0,0.0
08/11/2007,0,0,32(-1.54 %),0,0,0,0,0,0.0
09/11/2007,80,2520000,31(-3.12 %),80,2520000,0,0,0,0.0
12/11/2007,0,0,31.3(0.97 %),0,0,0,0,0,0.0
13/11/2007,500,15000000,30(-4.15 %),500,15000000,0,0,0,0.0
14/11/2007,2000,61000000,31.5(5.00 %),2000,61000000,0,0,0,0.0
15/11/2007,0,0,30.5(-3.17 %),0,0,0,0,0,0.0
16/11/2007,0,0,30.5(0.00 %),0,0,0,0,0,0.0
19/11/2007,1000,30500000,30.8(0.98 %),1000,30500000,0,0,0,0.0
20/11/2007,-1920,-58786000,30.2(-1.95 %),0,0,1920,58786000,0,0.0
21/11/2007,220,6522000,30(-0.66 %),1000,30000000,780,23478000,0,0.0
22/11/2007,-4500,-135000000,30(0.00 %),500,15000000,5000,150000000,0,0.0
23/11/2007,0,0,30(0.00 %),0,0,0,0,0,0.0
26/11/2007,0,0,30(0.00 %),0,0,0,0,0,0.0
27/11/2007,0,0,30.1(0.33 %),0,0,0,0,0,0.0
28/11/2007,4000,121400000,30.5(1.33 %),4000,121400000,0,0,0,0.0
29/11/2007,8100,250380000,31(1.64 %),8100,250380000,0,0,0,0.0
30/11/2007,4850,151460000,30(-3.23 %),6000,185960000,1150,34500000,0,0.0
03/12/2007,3500,105000000,30(0.00 %),3500,105000000,0,0,0,0.0
04/12/2007,5000,150000000,30(0.00 %),5000,150000000,0,0,0,0.0
05/12/2007,0,0,29.6(-1.33 %),0,0,0,0,0,0.0
06/12/2007,2450,72765000,29.7(0.34 %),2450,72765000,0,0,0,0.0
07/12/2007,3000,89100000,30(1.01 %),3000,89100000,0,0,0,0.0
10/12/2007,0,0,29.5(-1.67 %),0,0,0,0,0,0.0
11/12/2007,-2000,-58100000,28.9(-2.03 %),500,14550000,2500,72650000,0,0.0
12/12/2007,-1500,-42300000,29(0.35 %),500,14100000,2000,56400000,0,0.0
13/12/2007,-4440,-128760000,28.9(-0.34 %),100,2900000,4540,131660000,0,0.0
14/12/2007,3670,103861000,28.5(-1.38 %),3670,103861000,0,0,0,0.0
17/12/2007,11410,323242000,28.2(-1.05 %),11410,323242000,0,0,0,0.0
18/12/2007,3000,83400000,28(-0.71 %),3000,83400000,0,0,0,0.0
19/12/2007,3970,111160000,29.4(5.00 %),3970,111160000,0,0,0,0.0
20/12/2007,2000,58800000,29.3(-0.34 %),2000,58800000,0,0,0,0.0
21/12/2007,800,23200000,29.1(-0.68 %),800,23200000,0,0,0,0.0
24/12/2007,500,14350000,28.5(-2.06 %),500,14350000,0,0,0,0.0
25/12/2007,0,0,28.7(0.70 %),0,0,0,0,0,0.0
26/12/2007,1000,28700000,28.1(-2.09 %),1000,28700000,0,0,0,0.0
27/12/2007,0,0,28.6(1.78 %),0,0,0,0,0,0.0
28/12/2007,0,0,28.6(0.00 %),0,0,0,0,0,0.0
02/01/2008,-70,-2016000,29(1.40 %),0,0,70,2016000,0,0.0
03/01/2008,500,14500000,28.5(-1.72 %),500,14500000,0,0,0,0.0
04/01/2008,2160,60912000,28.5(0.00 %),2160,60912000,0,0,0,0.0
07/01/2008,9080,254240000,28(-1.75 %),9080,254240000,0,0,0,0.0
08/01/2008,3100,83780000,27.8(-0.71 %),3100,83780000,0,0,0,0.0
09/01/2008,200,5560000,26.9(-3.24 %),200,5560000,0,0,0,0.0
10/01/2008,7050,187835000,26.1(-2.97 %),8050,213935000,1000,26100000,0,0.0
11/01/2008,-8000,-208800000,26.9(3.07 %),0,0,8000,208800000,0,0.0
14/01/2008,10,269000,26.9(0.00 %),10,269000,0,0,0,0.0
15/01/2008,2150,55270000,25.7(-4.46 %),2150,55270000,0,0,0,0.0
16/01/2008,3950,106255000,26.9(4.67 %),3950,106255000,0,0,0,0.0
17/01/2008,4150,111655000,27(0.37 %),4150,111655000,0,0,0,0.0
18/01/2008,8520,230040000,27(0.00 %),8520,230040000,0,0,0,0.0
21/01/2008,10100,272390000,26.7(-1.11 %),10100,272390000,0,0,0,0.0
22/01/2008,0,0,26.2(-1.87 %),0,0,0,0,0,0.0
23/01/2008,13000,335600000,25.2(-3.82 %),13000,335600000,0,0,0,0.0
24/01/2008,10500,276750000,25.5(1.19 %),10500,276750000,0,0,0,0.0
25/01/2008,0,0,26(1.96 %),0,0,0,0,0,0.0
28/01/2008,8090,210340000,26(0.00 %),8090,210340000,0,0,0,0.0
29/01/2008,1790,46140000,26.2(0.77 %),1790,46140000,0,0,0,0.0
30/01/2008,1300,35580000,27.5(4.96 %),1300,35580000,0,0,0,0.0
31/01/2008,2100,57750000,28.6(4.00 %),2100,57750000,0,0,0,0.0
01/02/2008,2150,61375000,28.5(-0.35 %),2150,61375000,0,0,0,0.0
12/02/2008,0,0,28.2(-1.05 %),0,0,0,0,0,0.0
13/02/2008,200,5360000,26.8(-4.96 %),200,5360000,0,0,0,0.0
14/02/2008,2000,54400000,27.2(1.49 %),2000,54400000,0,0,0,0.0
15/02/2008,1000,26500000,26.5(-2.57 %),1000,26500000,0,0,0,0.0
18/02/2008,1020,26010000,25.5(-3.77 %),1020,26010000,0,0,0,0.0
19/02/2008,0,0,25.5(0.00 %),0,0,0,0,0,0.0
20/02/2008,0,0,25(-1.96 %),0,0,0,0,0,0.0
21/02/2008,3300,79200000,23.8(-4.80 %),3300,79200000,0,0,0,0.0
22/02/2008,400,9080000,22.7(-4.62 %),400,9080000,0,0,0,0.0
25/02/2008,9000,204300000,23.7(4.41 %),9000,204300000,0,0,0,0.0
26/02/2008,7100,171760000,22.6(-4.64 %),7100,171760000,0,0,0,0.0
27/02/2008,200,4580000,22.9(1.33 %),200,4580000,0,0,0,0.0
28/02/2008,-7950,-180465000,22.7(-0.87 %),0,0,7950,180465000,0,0.0
29/02/2008,-5070,-110019000,21.7(-4.41 %),2800,60760000,7870,170779000,0,0.0
03/03/2008,3000,63000000,20.7(-4.61 %),3000,63000000,0,0,0,0.0
04/03/2008,4000,78800000,19.7(-4.83 %),4000,78800000,0,0,0,0.0
05/03/2008,10500,197400000,18.8(-4.57 %),10500,197400000,0,0,0,0.0
06/03/2008,25000,456500000,19.7(4.79 %),25000,456500000,0,0,0,0.0
07/03/2008,60000,1194000000,20.6(4.57 %),60000,1194000000,0,0,0,0.0
10/03/2008,5000,107970000,21.5(4.37 %),5000,107970000,0,0,0,0.0
11/03/2008,61000,1250500000,21(-2.33 %),61000,1250500000,0,0,0,0.0
12/03/2008,-200,-4140000,21(0.00 %),0,0,200,4140000,0,0.0
13/03/2008,0,0,20.7(-1.43 %),0,0,0,0,0,0.0
14/03/2008,110000,2217000000,20.4(-1.45 %),111000,2237100000,1000,20100000,0,0.0
17/03/2008,4430,86342000,19.4(-4.90 %),9430,183342000,5000,97000000,0,0.0
18/03/2008,82060,1519688000,18.6(-4.12 %),82060,1519688000,0,0,0,0.0
19/03/2008,51040,940767000,17.8(-4.30 %),64040,1172827000,13000,232060000,0,0.0
20/03/2008,-5000,-85500000,17.1(-3.93 %),0,0,5000,85500000,0,0.0
21/03/2008,65000,1060000000,16.4(-4.09 %),65000,1060000000,0,0,0,0.0
24/03/2008,68970,1076382000,15.6(-4.88 %),72970,1138782000,4000,62400000,0,0.0
25/03/2008,72540,1080965000,14.9(-4.49 %),78160,1164853000,5620,83888000,0,0.0
26/03/2008,39604,546976800,15.6(4.70 %),52604,749776800,13000,202800000,0,0.0
27/03/2008,36490,565595000,15.7(0.64 %),36490,565595000,0,0,0,0.0
28/03/2008,42000,655200000,15.8(0.64 %),42000,655200000,0,0,0,0.0
31/03/2008,0,0,15.9(0.63 %),0,0,0,0,0,0.0
01/04/2008,0,0,16(0.63 %),0,0,0,0,0,0.0
02/04/2008,0,0,16.1(0.62 %),0,0,0,0,0,0.0
03/04/2008,0,0,16.2(0.62 %),0,0,0,0,0,0.0
04/04/2008,0,0,16.3(0.62 %),0,0,0,0,0,0.0
07/04/2008,0,0,16.6(1.84 %),0,0,0,0,0,0.0
08/04/2008,100,1690000,16.9(1.81 %),100,1690000,0,0,0,0.0
09/04/2008,640,11008000,17.2(1.78 %),640,11008000,0,0,0,0.0
10/04/2008,94750,1652650000,17.5(1.74 %),94850,1654400000,100,1750000,0,0.0
11/04/2008,5610,96492000,17.2(-1.71 %),5610,96492000,0,0,0,0.0
16/04/2008,2510,42419000,17(-1.16 %),2510,42419000,0,0,0,0.0
17/04/2008,3100,53080000,17.3(1.76 %),3100,53080000,0,0,0,0.0
18/04/2008,13160,231616000,17.6(1.73 %),18160,319616000,5000,88000000,0,0.0
21/04/2008,41000,709900000,17.9(1.70 %),41000,709900000,0,0,0,0.0
22/04/2008,1000,18200000,18.2(1.68 %),1000,18200000,0,0,0,0.0
23/04/2008,2900,53650000,18.5(1.65 %),2900,53650000,0,0,0,0.0
24/04/2008,21270,399876000,18.8(1.62 %),21270,399876000,0,0,0,0.0
25/04/2008,63910,1217981000,19.1(1.60 %),63910,1217981000,0,0,0,0.0
28/04/2008,18910,355662000,18.8(-1.57 %),19110,359462000,200,3800000,0,0.0
29/04/2008,1030,19364000,18.5(-1.60 %),1030,19364000,0,0,0,0.0
05/05/2008,11510,209482000,18.2(-1.62 %),11510,209482000,0,0,0,0.0
06/05/2008,0,0,17.9(-1.65 %),0,0,0,0,0,0.0
07/05/2008,0,0,17.6(-1.68 %),0,0,0,0,0,0.0
08/05/2008,0,0,17.3(-1.70 %),0,0,0,0,0,0.0
09/05/2008,0,0,17(-1.73 %),0,0,0,0,0,0.0
12/05/2008,0,0,16.7(-1.76 %),0,0,0,0,0,0.0
13/05/2008,0,0,16.4(-1.80 %),0,0,0,0,0,0.0
14/05/2008,0,0,16.1(-1.83 %),0,0,0,0,0,0.0
15/05/2008,0,0,15.8(-1.86 %),0,0,0,0,0,0.0
16/05/2008,5600,86800000,15.5(-1.90 %),5600,86800000,0,0,0,0.0
19/05/2008,0,0,15.2(-1.94 %),0,0,0,0,0,0.0
20/05/2008,0,0,14.9(-1.97 %),0,0,0,0,0,0.0
21/05/2008,35000,514500000,14.7(-1.34 %),35000,514500000,0,0,0,0.0
22/05/2008,0,0,14.5(-1.36 %),0,0,0,0,0,0.0
23/05/2008,5000,71500000,14.3(-1.38 %),5000,71500000,0,0,0,0.0
26/05/2008,0,0,14.1(-1.40 %),0,0,0,0,0,0.0
27/05/2008,0,0,14.1(0.00 %),0,0,0,0,0,0.0
28/05/2008,0,0,14.1(0.00 %),0,0,0,0,0,0.0
29/05/2008,0,0,14.1(0.00 %),0,0,0,0,0,0.0
30/05/2008,473500,6581650000,13.9(-1.42 %),473500,6581650000,0,0,0,0.0
02/06/2008,0,0,13.7(-1.44 %),0,0,0,0,0,0.0
03/06/2008,0,0,13.5(-1.46 %),0,0,0,0,0,0.0
04/06/2008,200,2660000,13.3(-1.48 %),200,2660000,0,0,0,0.0
05/06/2008,0,0,13.1(-1.50 %),0,0,0,0,0,0.0
06/06/2008,0,0,12.9(-1.53 %),0,0,0,0,0,0.0
09/06/2008,1000,12700000,12.7(-1.55 %),1000,12700000,0,0,0,0.0
10/06/2008,1420,17750000,12.5(-1.57 %),1420,17750000,0,0,0,0.0
11/06/2008,4000,49200000,12.3(-1.60 %),4000,49200000,0,0,0,0.0
12/06/2008,0,0,12.3(0.00 %),0,0,0,0,0,0.0
13/06/2008,2700,33210000,12.4(0.81 %),2700,33210000,0,0,0,0.0
16/06/2008,0,0,12.6(1.61 %),0,0,0,0,0,0.0
17/06/2008,0,0,12.8(1.59 %),0,0,0,0,0,0.0
18/06/2008,2000,25200000,13(1.56 %),2000,25200000,0,0,0,0.0
19/06/2008,0,0,12.7(-2.31 %),0,0,0,0,0,0.0
20/06/2008,3000,37200000,12.4(-2.36 %),3000,37200000,0,0,0,0.0
23/06/2008,3000,36300000,12.1(-2.42 %),3000,36300000,0,0,0,0.0
24/06/2008,600,7320000,12.4(2.48 %),600,7320000,0,0,0,0.0
25/06/2008,49670,607609000,12.7(2.42 %),49670,607609000,0,0,0,0.0
26/06/2008,2390,31070000,12.7(0.00 %),2390,31070000,0,0,0,0.0
27/06/2008,1930,24541000,13(2.36 %),1930,24541000,0,0,0,0.0
30/06/2008,0,0,12.9(-0.77 %),0,0,0,0,0,0.0
01/07/2008,121250,1530759000,13.2(2.33 %),121250,1530759000,0,0,0,0.0
02/07/2008,2000,27000000,13.5(2.27 %),2000,27000000,0,0,0,0.0
03/07/2008,680,9452000,13.9(2.96 %),680,9452000,0,0,0,0.0
04/07/2008,26080,352976000,14.3(2.88 %),26080,352976000,0,0,0,0.0
07/07/2008,2700,39690000,13.9(-2.80 %),2800,41160000,100,1470000,0,0.0
08/07/2008,800,10800000,14.3(2.88 %),800,10800000,0,0,0,0.0
09/07/2008,50500,698150000,14.3(0.00 %),60500,841150000,10000,143000000,0,0.0
10/07/2008,3920,56056000,14.5(1.40 %),6920,98956000,3000,42900000,0,0.0
11/07/2008,13030,190825000,14.5(0.00 %),13030,190825000,0,0,0,0.0
14/07/2008,230,3395000,14.9(2.76 %),230,3395000,0,0,0,0.0
15/07/2008,0,0,15.3(2.68 %),0,0,0,0,0,0.0
16/07/2008,0,0,15.3(0.00 %),0,0,0,0,0,0.0
17/07/2008,-3500,-52150000,14.9(-2.61 %),1000,15300000,4500,67450000,0,0.0
18/07/2008,14000,203000000,14.5(-2.68 %),14000,203000000,0,0,0,0.0
21/07/2008,1000,14100000,14.1(-2.76 %),1000,14100000,0,0,0,0.0
22/07/2008,-610,-8357000,13.7(-2.84 %),0,0,610,8357000,0,0.0
23/07/2008,0,0,13.3(-2.92 %),0,0,0,0,0,0.0
24/07/2008,8290,107770000,13(-2.26 %),8290,107770000,0,0,0,0.0
25/07/2008,-560,-7112000,13(0.00 %),0,0,560,7112000,0,0.0
28/07/2008,200,2540000,12.7(-2.31 %),200,2540000,0,0,0,0.0
29/07/2008,410,4677000,11.1(-2.63 %),410,4677000,0,0,0,0.0
30/07/2008,-400,-4560000,11.4(2.70 %),0,0,400,4560000,0,0.0
31/07/2008,560,6252000,11.7(2.63 %),560,6252000,0,0,0,0.0
01/08/2008,-600,-7020000,12(2.56 %),0,0,600,7020000,0,0.0
04/08/2008,0,0,11.7(-2.50 %),0,0,0,0,0,0.0
05/08/2008,0,0,11.4(-2.56 %),0,0,0,0,0,0.0
06/08/2008,0,0,11.7(2.63 %),0,0,0,0,0,0.0
07/08/2008,100,1200000,11.9(1.71 %),100,1200000,0,0,0,0.0
08/08/2008,0,0,11.9(0.00 %),0,0,0,0,0,0.0
11/08/2008,900,10710000,12.1(1.68 %),900,10710000,0,0,0,0.0
12/08/2008,0,0,12(-0.83 %),0,0,0,0,0,0.0
13/08/2008,0,0,11.7(-2.50 %),0,0,0,0,0,0.0
14/08/2008,0,0,12(2.56 %),0,0,0,0,0,0.0
15/08/2008,0,0,12.3(2.50 %),0,0,0,0,0,0.0
18/08/2008,-1900,-22610000,12.7(3.25 %),0,0,1900,22610000,0,0.0
19/08/2008,0,0,12.7(0.00 %),0,0,0,0,0,0.0
20/08/2008,0,0,12.7(0.00 %),0,0,0,0,0,0.0
21/08/2008,0,0,12.7(0.00 %),0,0,0,0,0,0.0
22/08/2008,0,0,12.3(-3.15 %),0,0,0,0,0,0.0
25/08/2008,1900,23180000,12.9(4.88 %),1900,23180000,0,0,0,0.0
26/08/2008,-770,-10318000,13.5(4.65 %),0,0,770,10318000,0,0.0
27/08/2008,-8290,-112792000,13.1(-2.96 %),0,0,8290,112792000,0,0.0
28/08/2008,0,0,12.5(-4.58 %),0,0,0,0,0,0.0
29/08/2008,0,0,12.9(3.20 %),0,0,0,0,0,0.0
03/09/2008,-3000,-40500000,13.5(4.65 %),0,0,3000,40500000,0,0.0
04/09/2008,3000,42300000,13.6(0.74 %),3000,42300000,0,0,0,0.0
05/09/2008,6000,81600000,14.1(3.68 %),6000,81600000,0,0,0,0.0
08/09/2008,60,870000,14.1(0.00 %),60,870000,0,0,0,0.0
09/09/2008,100,1410000,14.2(0.71 %),149100,1998010000,149000,1996600000,0,0.0
10/09/2008,900,12150000,13.5(-4.93 %),900,12150000,0,0,0,0.0
11/09/2008,2000,25800000,12.9(-4.44 %),2000,25800000,0,0,0,0.0
12/09/2008,0,0,12.7(-1.55 %),0,0,0,0,0,0.0
15/09/2008,0,0,12.8(0.79 %),0,0,0,0,0,0.0
16/09/2008,0,0,12.8(0.00 %),0,0,0,0,0,0.0
17/09/2008,0,0,13.1(2.34 %),0,0,0,0,0,0.0
18/09/2008,0,0,12.9(-1.53 %),0,0,0,0,0,0.0
19/09/2008,80,1080000,13.5(4.65 %),80,1080000,0,0,0,0.0
22/09/2008,0,0,14.1(4.44 %),0,0,0,0,0,0.0
23/09/2008,-40,-540000,14.2(0.71 %),0,0,40,540000,0,0.0
24/09/2008,0,0,13.5(-4.93 %),0,0,0,0,0,0.0
25/09/2008,0,0,14(3.70 %),0,0,0,0,0,0.0
26/09/2008,0,0,14.2(1.43 %),0,0,0,0,0,0.0
29/09/2008,0,0,14.1(-0.70 %),0,0,0,0,0,0.0
30/09/2008,0,0,13.4(-4.96 %),0,0,0,0,0,0.0
01/10/2008,-1060,-14074000,13.3(-0.75 %),0,0,1060,14074000,0,0.0
02/10/2008,-49960,-641672000,13.3(0.00 %),40,532000,50000,642204000,0,0.0
03/10/2008,0,0,13.4(0.75 %),0,0,0,0,0,0.0
06/10/2008,0,0,13.4(0.00 %),0,0,0,0,0,0.0
07/10/2008,80,1024000,12.8(-4.48 %),80,1024000,0,0,0,0.0
08/10/2008,0,0,12.2(-4.69 %),0,0,0,0,0,0.0
09/10/2008,-34330,-398228000,11.6(-4.92 %),0,0,34330,398228000,0,0.0
10/10/2008,-3790,-42069000,11.1(-4.31 %),0,0,3790,42069000,0,0.0
13/10/2008,-30100,-324850000,11.2(0.90 %),0,0,30100,324850000,0,0.0
14/10/2008,-20000,-234000000,11.7(4.46 %),0,0,20000,234000000,0,0.0
15/10/2008,-9510,-106512000,11.2(-4.27 %),500,5600000,10010,112112000,0,0.0
16/10/2008,-7070,-75649000,10.7(-4.46 %),0,0,7070,75649000,0,0.0
17/10/2008,0,0,11(2.80 %),0,0,0,0,0,0.0
20/10/2008,0,0,11(0.00 %),0,0,0,0,0,0.0
21/10/2008,0,0,11.3(2.73 %),0,0,0,0,0,0.0
22/10/2008,0,0,10.8(-4.42 %),0,0,0,0,0,0.0
23/10/2008,-4300,-44290000,10.3(-4.63 %),0,0,4300,44290000,0,0.0
24/10/2008,0,0,10.3(0.00 %),0,0,0,0,0,0.0
27/10/2008,0,0,10.2(-0.97 %),0,0,0,0,0,0.0
28/10/2008,0,0,10.7(4.90 %),0,0,0,0,0,0.0
29/10/2008,0,0,11.2(4.67 %),0,0,0,0,0,0.0
30/10/2008,134800,1443170000,11.7(4.46 %),134800,1443170000,0,0,0,0.0
31/10/2008,21400,239880000,12.2(4.27 %),21400,239880000,0,0,0,0.0
03/11/2008,0,0,11.7(-4.10 %),0,0,0,0,0,0.0
04/11/2008,-8950,-100420000,11.2(-4.27 %),0,0,8950,100420000,0,0.0
05/11/2008,-71580,-787506000,11(-1.79 %),500,5500000,72080,793006000,0,0.0
06/11/2008,2700,28350000,10.5(-4.55 %),3390,35595000,690,7245000,0,0.0
07/11/2008,0,0,10.4(-0.95 %),0,0,0,0,0,0.0
10/11/2008,0,0,10.4(0.00 %),0,0,0,0,0,0.0
11/11/2008,0,0,9.9(-4.81 %),0,0,0,0,0,0.0
12/11/2008,-100,-950000,9.7(-2.02 %),0,0,100,950000,0,0.0
13/11/2008,0,0,10.1(4.12 %),0,0,0,0,0,0.0
14/11/2008,600,6240000,10.4(2.97 %),600,6240000,0,0,0,0.0
17/11/2008,400,4000000,10(-3.85 %),400,4000000,0,0,0,0.0
18/11/2008,0,0,10.2(2.00 %),0,0,0,0,0,0.0
19/11/2008,0,0,10(-1.96 %),0,0,0,0,0,0.0
20/11/2008,36300,344850000,9.5(-5.00 %),36300,344850000,0,0,0,0.0
21/11/2008,0,0,9.1(-4.21 %),0,0,0,0,0,0.0
24/11/2008,0,0,9.1(0.00 %),0,0,0,0,0,0.0
25/11/2008,44522,387341400,9.1(0.00 %),44522,387341400,0,0,0,0.0
26/11/2008,0,0,8.9(-2.20 %),0,0,0,0,0,0.0
27/11/2008,0,0,8.8(-1.12 %),0,0,0,0,0,0.0
28/11/2008,0,0,9.1(3.41 %),0,0,0,0,0,0.0
01/12/2008,0,0,9.3(2.20 %),0,0,0,0,0,0.0
02/12/2008,0,0,8.9(-4.30 %),0,0,0,0,0,0.0
03/12/2008,0,0,9(1.12 %),0,0,0,0,0,0.0
04/12/2008,-1000,-8600000,8.6(-4.44 %),0,0,1000,8600000,0,0.0
05/12/2008,0,0,8.6(0.00 %),0,0,0,0,0,0.0
08/12/2008,0,0,8.2(-4.65 %),0,0,0,0,0,0.0
09/12/2008,0,0,8.2(0.00 %),0,0,0,0,0,0.0
10/12/2008,0,0,7.8(-4.88 %),0,0,0,0,0,0.0
11/12/2008,0,0,7.8(0.00 %),0,0,0,0,0,0.0
12/12/2008,0,0,7.9(1.28 %),0,0,0,0,0,0.0
15/12/2008,0,0,8.1(2.53 %),0,0,0,0,0,0.0
16/12/2008,1000,7750000,8.1(0.00 %),85270,656629000,84270,648879000,0,0.0
17/12/2008,0,0,8.1(0.00 %),0,0,0,0,0,0.0
18/12/2008,0,0,8(-1.23 %),0,0,0,0,0,0.0
19/12/2008,0,0,7.6(-5.00 %),43700,332120000,43700,332120000,0,0.0
22/12/2008,0,0,7.8(2.63 %),0,0,0,0,0,0.0
23/12/2008,0,0,7.9(1.28 %),43700,327750000,43700,327750000,0,0.0
24/12/2008,0,0,7.9(0.00 %),0,0,0,0,0,0.0
25/12/2008,0,0,7.8(-1.27 %),0,0,0,0,0,0.0
26/12/2008,0,0,7.8(0.00 %),0,0,0,0,0,0.0
29/12/2008,0,0,7.7(-1.28 %),0,0,0,0,0,0.0
30/12/2008,0,0,7.9(2.60 %),0,0,0,0,0,0.0
31/12/2008,0,0,7.8(-1.27 %),0,0,0,0,0,0.0
02/01/2009,0,0,7.7(-1.28 %),0,0,0,0,0,49.0
05/01/2009,0,0,8(3.90 %),0,0,0,0,0,49.0
06/01/2009,0,0,8(0.00 %),0,0,0,0,0,49.0
07/01/2009,0,0,8.2(2.50 %),0,0,0,0,0,49.0
08/01/2009,0,0,8.2(0.00 %),0,0,0,0,0,49.0
09/01/2009,0,0,8(-2.44 %),0,0,0,0,0,49.0
12/01/2009,0,0,8.2(2.50 %),0,0,0,0,0,49.0
13/01/2009,0,0,8(-2.44 %),0,0,0,0,0,49.0
14/01/2009,0,0,7.8(-2.50 %),0,0,0,0,0,49.0
15/01/2009,0,0,8.1(3.85 %),0,0,0,0,0,49.0
16/01/2009,0,0,8.1(0.00 %),36130,278201000,36130,278201000,0,49.0
19/01/2009,0,0,8.1(0.00 %),0,0,0,0,0,49.0
20/01/2009,0,0,8.2(1.23 %),0,0,0,0,0,49.0
21/01/2009,0,0,8.2(0.00 %),0,0,0,0,0,49.0
22/01/2009,0,0,8.2(0.00 %),0,0,0,0,0,49.0
23/01/2009,0,0,8.2(0.00 %),0,0,0,0,0,49.0
02/02/2009,0,0,8.3(1.22 %),0,0,0,0,0,49.0
03/02/2009,0,0,8(-3.61 %),0,0,0,0,0,49.0
04/02/2009,0,0,7.6(-5.00 %),0,0,0,0,0,49.0
05/02/2009,0,0,7.3(-3.95 %),0,0,0,0,0,49.0
06/02/2009,0,0,7.4(1.37 %),0,0,0,0,0,49.0
09/02/2009,0,0,7.3(-1.35 %),0,0,0,0,0,49.0
10/02/2009,0,0,7.4(1.37 %),0,0,0,0,0,49.0
11/02/2009,0,0,7.2(-2.70 %),0,0,0,0,0,49.0
12/02/2009,0,0,7.5(4.17 %),0,0,0,0,0,49.0
13/02/2009,-10,-76000,7.6(1.33 %),0,0,10,76000,3,49.0
16/02/2009,0,0,7.6(0.00 %),0,0,0,0,3,49.0
17/02/2009,0,0,7.6(0.00 %),0,0,0,0,3,49.0
18/02/2009,0,0,7.6(0.00 %),0,0,0,0,3,49.0
19/02/2009,0,0,7.3(-3.95 %),0,0,0,0,3,49.0
20/02/2009,0,0,7(-4.11 %),0,0,0,0,3,49.0
23/02/2009,0,0,7(0.00 %),0,0,0,0,3,49.0
24/02/2009,0,0,6.7(-4.29 %),0,0,0,0,3,49.0
25/02/2009,0,0,6.4(-4.48 %),0,0,0,0,3,49.0
26/02/2009,0,0,6.1(-4.69 %),0,0,0,0,3,49.0
27/02/2009,-13850,-80330000,5.8(-4.92 %),0,0,13850,80330000,13853,48.83
02/03/2009,0,0,6(3.45 %),0,0,0,0,13853,48.83
03/03/2009,-3000,-17100000,6(0.00 %),0,0,3000,17100000,16853,48.79
04/03/2009,-200,-1200000,6(0.00 %),0,0,200,1200000,17053,48.79
05/03/2009,-6190,-36140000,6(0.00 %),0,0,6190,36140000,23243,48.71
06/03/2009,-3600,-21080000,6(0.00 %),0,0,3600,21080000,26843,48.67
09/03/2009,-8880,-53028000,6.1(1.67 %),300,1770000,9180,54798000,35723,48.56
10/03/2009,-15650,-100160000,6.4(4.92 %),0,0,15650,100160000,51373,48.37
11/03/2009,-11190,-74773000,6.7(4.69 %),810,5427000,12000,80200000,62563,48.23
12/03/2009,0,0,6.4(-4.48 %),0,0,0,0,62563,48.23
13/03/2009,-8100,-50920000,6.6(3.12 %),510,3262000,8610,54182000,70663,48.13
16/03/2009,1330,7175000,6.8(3.03 %),11330,73975000,10000,66800000,69333,48.15
17/03/2009,-8090,-55321000,6.8(0.00 %),0,0,8090,55321000,77423,48.05
18/03/2009,15000,95500000,7(2.94 %),30000,200000000,15000,104500000,62423,48.23
19/03/2009,-17540,-119862000,6.7(-4.29 %),200,1370000,17740,121232000,79963,48.02
20/03/2009,-14350,-92942000,6.4(-4.48 %),3980,25472000,18330,118414000,94313,47.84
23/03/2009,-3810,-24615000,6.5(1.56 %),1190,7885000,5000,32500000,98123,47.79
24/03/2009,23000,140920000,6.6(1.54 %),27200,168640000,4200,27720000,75123,48.08
25/03/2009,-12570,-81198000,6.4(-3.03 %),1430,9202000,14000,90400000,87693,47.92
26/03/2009,-10000,-65300000,6.3(-1.56 %),5000,32000000,15000,97300000,97693,47.8
27/03/2009,-10510,-67915000,6.4(1.59 %),4080,26112000,14590,94027000,108203,47.67
30/03/2009,-3850,-24740000,6.4(0.00 %),1000,6300000,4850,31040000,112053,47.62
31/03/2009,-4000,-25100000,6.3(-1.56 %),0,0,4000,25100000,116053,47.57
01/04/2009,-16730,-108918000,6.6(4.76 %),0,0,16730,108918000,132783,47.37
02/04/2009,-19920,-133464000,6.9(4.55 %),80,536000,20000,134000000,152703,47.12
03/04/2009,-12630,-90936000,7.2(4.35 %),0,0,12630,90936000,165333,46.97
07/04/2009,-5630,-42536000,7.5(4.17 %),4370,31464000,10000,74000000,170963,46.9
08/04/2009,-21470,-158047000,7.2(-4.00 %),20480,149400000,41950,307447000,192433,46.63
09/04/2009,4440,30730000,6.9(-4.17 %),4820,33458000,380,2728000,187993,46.69
10/04/2009,-107400,-715311000,7.2(4.35 %),25990,183458000,133390,898769000,295393,45.36
13/04/2009,0,0,7.5(4.17 %),0,0,0,0,295393,45.36
14/04/2009,1100,8570000,7.8(4.00 %),1100,8570000,0,0,294293,45.38
15/04/2009,-50520,-402390000,7.9(1.28 %),2460,19450000,52980,421840000,344813,44.76
16/04/2009,-44380,-355546000,8.1(2.53 %),2100,16590000,46480,372136000,389193,44.21
17/04/2009,-31990,-269716000,8.5(4.94 %),0,0,31990,269716000,421183,43.82
20/04/2009,10000,81000000,8.1(-4.71 %),10000,81000000,0,0,411183,43.94
21/04/2009,-50000,-397500000,8.5(4.94 %),20000,158500000,70000,556000000,461183,43.32
22/04/2009,-15700,-148730000,8.9(4.71 %),24300,200270000,40000,349000000,476883,43.13
23/04/2009,4280,36808000,8.6(-3.37 %),4280,36808000,0,0,472603,43.18
24/04/2009,0,0,8.2(-4.65 %),0,0,0,0,472603,43.18
27/04/2009,0,0,7.8(-4.88 %),0,0,0,0,472603,43.18
28/04/2009,-12020,-92256000,8(2.56 %),0,0,12020,92256000,484623,43.04
29/04/2009,-10000,-79500000,8(0.00 %),0,0,10000,79500000,494623,42.91
04/05/2009,0,0,8.4(5.00 %),0,0,0,0,494623,42.91
05/05/2009,-63046,-580368000,8.7(3.57 %),36954,295632000,100000,876000000,557669,42.14
06/05/2009,4030,33449000,8.3(-4.60 %),4030,33449000,0,0,553639,42.19
07/05/2009,0,0,8.6(3.61 %),0,0,0,0,553639,42.19
08/05/2009,1990,16315000,8.2(-4.65 %),2000,16400000,10,85000,551649,42.21
11/05/2009,-18000,-147400000,8.3(1.22 %),2000,15600000,20000,163000000,569649,41.99
12/05/2009,-25360,-207910000,8.5(2.41 %),0,0,25360,207910000,595009,41.68
13/05/2009,-20000,-170000000,8.5(0.00 %),0,0,20000,170000000,615009,41.43
14/05/2009,-11770,-101899000,8.6(1.18 %),0,0,11770,101899000,626779,41.29
15/05/2009,-5490,-48214000,9(4.65 %),0,0,5490,48214000,632269,41.22
18/05/2009,1000,8900000,8.9(-1.11 %),1000,8900000,0,0,631269,41.23
19/05/2009,-3580,-33294000,9.2(3.37 %),0,0,3580,33294000,634849,41.19
20/05/2009,5000,45500000,9.6(4.35 %),5000,45500000,0,0,629849,41.25
21/05/2009,0,0,10(4.17 %),0,0,0,0,629849,41.25
22/05/2009,31480,282060000,10.5(5.00 %),51480,492060000,20000,210000000,598369,41.64
25/05/2009,30680,308300000,11(4.76 %),35680,363300000,5000,55000000,567689,42.01
26/05/2009,-5000,-57500000,11.5(4.55 %),0,0,5000,57500000,572689,41.95
27/05/2009,2000,22000000,11(-4.35 %),2000,22000000,0,0,570689,41.98
28/05/2009,-2830,-29715000,10.5(-4.55 %),10000,105000000,12830,134715000,573519,41.94
29/05/2009,-65400,-654697000,10(-4.76 %),11000,111500000,76400,766197000,638919,41.14
01/06/2009,-5000,-52500000,10.5(5.00 %),5000,52500000,10000,105000000,643919,41.08
02/06/2009,6300,69300000,11(4.76 %),6300,69300000,0,0,637619,41.15
03/06/2009,300,3210000,10.7(-2.73 %),300,3210000,0,0,637319,41.16
04/06/2009,0,0,11.2(4.67 %),0,0,0,0,637319,41.16
05/06/2009,-2500,-29250000,11.7(4.46 %),0,0,2500,29250000,639819,41.13
08/06/2009,-5000,-61000000,12.2(4.27 %),0,0,5000,61000000,644819,41.06
09/06/2009,-15000,-192000000,12.8(4.92 %),0,0,15000,192000000,659819,40.88
10/06/2009,-40000,-497000000,12.2(-4.69 %),0,0,40000,497000000,699819,40.39
11/06/2009,-5000,-64000000,12.8(4.92 %),0,0,5000,64000000,704819,40.33
12/06/2009,-5000,-67000000,13.4(4.69 %),0,0,5000,67000000,709819,40.26
15/06/2009,-29200,-373880000,12.8(-4.48 %),1000,12800000,30200,386680000,739019,39.9
16/06/2009,0,0,12.2(-4.69 %),0,0,0,0,739019,39.9
17/06/2009,5000,58000000,11.6(-4.92 %),5000,58000000,0,0,734019,39.97
18/06/2009,-25060,-294793000,12(3.45 %),0,0,25060,294793000,759079,39.66
19/06/2009,-15100,-190260000,12.6(5.00 %),0,0,15100,190260000,774179,39.47
22/06/2009,-20000,-258203000,12.6(0.00 %),0,0,20000,258203000,794179,39.23
23/06/2009,-880,-10560000,12(-4.76 %),0,0,880,10560000,795059,39.21
24/06/2009,-20100,-252200000,12.6(5.00 %),0,0,20100,252200000,815159,38.97
25/06/2009,-5000,-63000000,12(-4.76 %),0,0,5000,63000000,820159,38.91
26/06/2009,0,0,10.9(-2.68 %),0,0,0,0,820159,38.91
29/06/2009,-90,-954000,10.9(0.00 %),0,0,90,954000,820249,38.9
30/06/2009,0,0,10.4(-4.59 %),0,0,0,0,820249,38.9
01/07/2009,0,0,9.9(-4.81 %),0,0,0,0,820249,38.9
02/07/2009,0,0,9.5(-4.04 %),0,0,0,0,820249,38.9
03/07/2009,-80,-736000,9.6(1.05 %),0,0,80,736000,820329,38.9
06/07/2009,0,0,10(4.17 %),0,0,0,0,820329,38.9
07/07/2009,0,0,9.8(-2.00 %),0,0,0,0,820329,38.9
08/07/2009,0,0,9.7(-1.02 %),0,0,0,0,820329,38.9
09/07/2009,0,0,9.8(1.03 %),0,0,0,0,820329,38.9
10/07/2009,-29340,-279379000,9.6(-2.04 %),0,0,29340,279379000,849669,38.54
13/07/2009,0,0,9.4(-2.08 %),0,0,0,0,849669,38.54
14/07/2009,-7390,-66510000,9(-4.26 %),11000,99000000,18390,165510000,857059,38.45
15/07/2009,0,0,9.4(4.44 %),0,0,0,0,857059,38.45
16/07/2009,-8830,-85534000,9.6(2.13 %),0,0,8830,85534000,865889,38.34
17/07/2009,-1320,-12410000,9.4(-2.08 %),0,0,1320,12410000,867209,38.33
20/07/2009,3000,27000000,9(-4.26 %),3000,27000000,0,0,864209,38.36
21/07/2009,-3000,-27900000,9.3(3.33 %),0,0,3000,27900000,867209,38.33
22/07/2009,0,0,9.2(-1.08 %),0,0,0,0,867209,38.33
23/07/2009,0,0,9.3(1.09 %),0,0,0,0,867209,38.33
24/07/2009,0,0,9.7(4.30 %),0,0,0,0,867209,38.33
27/07/2009,0,0,9.8(1.03 %),0,0,0,0,867209,38.33
28/07/2009,3000,28200000,9.4(-4.08 %),3000,28200000,0,0,864209,38.36
29/07/2009,0,0,9.4(0.00 %),0,0,0,0,864209,38.36
30/07/2009,0,0,9.3(-1.06 %),0,0,0,0,864209,38.36
31/07/2009,0,0,9.4(1.08 %),0,0,0,0,864209,38.36
03/08/2009,0,0,9.4(0.00 %),0,0,0,0,864209,38.36
04/08/2009,1000,9400000,9.5(1.06 %),1000,9400000,0,0,863209,38.38
05/08/2009,0,0,9.3(-2.11 %),0,0,0,0,863209,38.38
06/08/2009,0,0,9.5(2.15 %),0,0,0,0,863209,38.38
07/08/2009,0,0,9.4(-1.05 %),0,0,0,0,863209,38.38
10/08/2009,-5000,-49000000,9.8(4.26 %),0,0,5000,49000000,868209,38.31
11/08/2009,0,0,10.2(4.08 %),0,0,0,0,868209,38.31
12/08/2009,5000,50500000,10.1(-0.98 %),5000,50500000,0,0,863209,38.38
13/08/2009,-7350,-74235000,10(-0.99 %),0,0,7350,74235000,870559,38.29
14/08/2009,0,0,9.9(-1.00 %),0,0,0,0,870559,38.29
17/08/2009,0,0,9.8(-1.01 %),0,0,0,0,870559,38.29
18/08/2009,10000,95500000,9.8(0.00 %),10000,95500000,0,0,860559,38.41
19/08/2009,0,0,9.8(0.00 %),0,0,0,0,860559,38.41
20/08/2009,0,0,10(2.04 %),0,0,0,0,860559,38.41
21/08/2009,0,0,10.2(2.00 %),0,0,0,0,860559,38.41
24/08/2009,10000,100200000,10(-1.96 %),10000,100200000,0,0,850559,38.53
25/08/2009,0,0,9.8(-2.00 %),0,0,0,0,850559,38.53
26/08/2009,5000,49000000,9.8(0.00 %),5000,49000000,0,0,845559,38.59
27/08/2009,-3500,-36120000,10.2(4.08 %),2100,21000000,5600,57120000,849059,38.55
28/08/2009,3400,34730000,10.4(1.96 %),3400,34730000,0,0,845659,38.59
31/08/2009,5000,52239000,10.5(0.96 %),20000,209739000,15000,157500000,840659,38.65
01/09/2009,2000,20500000,10.4(-0.95 %),2000,20500000,0,0,838659,38.68
03/09/2009,15500,154365000,9.9(-4.81 %),15500,154365000,0,0,823159,38.87
04/09/2009,-8000,-82400000,10.3(4.04 %),0,0,8000,82400000,831159,38.77
07/09/2009,1000,10000000,10(-2.91 %),1000,10000000,0,0,830159,38.78
08/09/2009,4100,41820000,10.3(3.00 %),4100,41820000,0,0,826059,38.83
09/09/2009,-14650,-149395000,10.2(-0.97 %),0,0,14650,149395000,840709,38.65
10/09/2009,0,0,10.1(-0.98 %),0,0,0,0,840709,38.65
11/09/2009,80,808000,10(-0.99 %),80,808000,0,0,840629,38.65
14/09/2009,0,0,10.2(2.00 %),0,0,0,0,840629,38.65
15/09/2009,0,0,10.1(-0.98 %),0,0,0,0,840629,38.65
16/09/2009,0,0,10.1(0.00 %),0,0,0,0,840629,38.65
17/09/2009,-15000,-156000000,10.2(0.99 %),0,0,15000,156000000,855629,38.47
18/09/2009,0,0,10.2(0.00 %),0,0,0,0,860629,38.41
21/09/2009,-5000,-50500000,10.1(-0.98 %),0,0,5000,50500000,860629,38.41
22/09/2009,0,0,10(-0.99 %),0,0,0,0,860629,38.41
23/09/2009,0,0,10(0.00 %),0,0,0,0,860629,38.41
24/09/2009,1000,10000000,9.9(-1.00 %),1000,10000000,0,0,859629,38.42
25/09/2009,0,0,9.9(0.00 %),0,0,0,0,859629,42.16
28/09/2009,0,0,9.9(0.00 %),0,0,0,0,859629,42.16
29/09/2009,-4120,-40376000,9.9(0.00 %),0,0,4120,40376000,864929,38.35
30/09/2009,2200,21360000,9.7(-2.02 %),2200,21360000,0,0,862729,38.38
01/10/2009,0,0,9.7(0.00 %),0,0,0,0,862729,38.38
02/10/2009,10000,95000000,9.5(-2.06 %),10000,95000000,0,0,852729,38.51
05/10/2009,0,0,9.4(-1.05 %),0,0,0,0,852729,38.51
06/10/2009,2000,19200000,9.4(0.00 %),2000,19200000,0,0,850729,38.53
07/10/2009,8000,76300000,9.5(1.06 %),8000,76300000,0,0,842729,38.63
08/10/2009,1140,10830000,9.5(0.00 %),3000,28500000,1860,17670000,841589,38.64
09/10/2009,0,500000,9.5(0.00 %),5000,47500000,5000,47000000,841589,38.64
12/10/2009,-10000,-95000000,9.5(0.00 %),5000,47500000,15000,142500000,851589,38.52
13/10/2009,-280,-3702000,9.6(1.05 %),4930,46835000,5210,50537000,851869,38.52
14/10/2009,-5000,-48000000,10(4.17 %),0,0,5000,48000000,856869,38.45
15/10/2009,-17200,-179380000,10.5(5.00 %),0,0,17200,179380000,874069,38.24
16/10/2009,-16350,-179850000,11(4.76 %),0,0,16350,179850000,890419,38.04
19/10/2009,-5000,-57500000,11.5(4.55 %),0,0,5000,57500000,895419,37.98
20/10/2009,-3030,-36360000,12(4.35 %),8010,96120000,11040,132480000,898449,37.94
21/10/2009,5250,65100000,12.6(5.00 %),20000,246000000,14750,180900000,893199,38.01
22/10/2009,12900,161130000,12.4(-1.59 %),12900,161130000,0,0,880299,38.17
23/10/2009,0,0,11.8(-4.84 %),0,0,0,0,880299,38.17
26/10/2009,1000,11400000,11.3(-4.24 %),1000,11400000,0,0,879299,38.18
27/10/2009,0,0,10.8(-4.42 %),0,0,0,0,879299,38.18
28/10/2009,90,945000,10.7(-0.93 %),90,945000,0,0,879209,38.18
29/10/2009,-1430,-14832000,10.2(-4.67 %),0,0,1430,14832000,880639,38.16
30/10/2009,0,0,10.7(4.90 %),0,0,0,0,880639,38.16
02/11/2009,7500,77850000,10.4(-2.80 %),7500,77850000,0,0,873139,38.25
03/11/2009,0,0,10(-3.85 %),0,0,0,0,873139,38.25
04/11/2009,5000,51500000,10.5(5.00 %),5000,51500000,0,0,868139,38.32
05/11/2009,0,0,11(4.76 %),0,0,0,0,868139,38.32
06/11/2009,3000,31500000,10.6(-3.64 %),3000,31500000,0,0,865139,38.35
09/11/2009,0,0,10.1(-4.72 %),0,0,0,0,865139,38.35
10/11/2009,0,0,10(-0.99 %),0,0,0,0,865139,38.35
11/11/2009,0,0,10.1(1.00 %),0,0,0,0,865139,38.35
12/11/2009,0,0,10.3(1.98 %),0,0,0,0,865139,38.35
13/11/2009,5000,51500000,10.1(-1.94 %),5000,51500000,0,0,860139,38.41
16/11/2009,1000,10400000,10.4(2.97 %),1000,10400000,0,0,859139,38.83
17/11/2009,0,0,10.3(-0.96 %),0,0,0,0,859139,38.83
18/11/2009,0,0,10.1(-1.94 %),0,0,0,0,859139,38.83
19/11/2009,0,0,10.1(0.00 %),0,0,0,0,859139,38.83
20/11/2009,1000,10300000,10.1(0.00 %),1000,10300000,0,0,858139,38.84
23/11/2009,10000,100500000,10(-0.99 %),10000,100500000,0,0,848139,38.96
24/11/2009,0,0,9.9(-1.00 %),0,0,0,0,848139,38.96
25/11/2009,29000,282600000,9.5(-4.04 %),29000,282600000,0,0,819139,39.31
26/11/2009,13700,124670000,9.1(-4.21 %),13700,124670000,0,0,805439,39.47
27/11/2009,2200,16900000,9.5(4.40 %),5200,45400000,3000,28500000,803239,39.49
30/11/2009,0,0,9.5(0.00 %),0,0,0,0,803239,39.49
01/12/2009,1000,9800000,9.8(3.16 %),1000,9800000,0,0,802239,39.51
02/12/2009,4300,40850000,9.5(-3.06 %),4300,40850000,0,0,797939,39.56
03/12/2009,0,0,9.2(-3.16 %),0,0,0,0,797939,39.56
04/12/2009,0,0,9.3(1.09 %),0,0,0,0,797939,39.56
07/12/2009,3000,27300000,9.3(0.00 %),3000,27300000,0,0,794939,39.59
08/12/2009,4000,36800000,9.2(-1.08 %),4000,36800000,0,0,790939,39.64
09/12/2009,21630,192527000,9(-2.17 %),21630,192527000,0,0,769309,39.9
10/12/2009,-16280,-140275000,8.6(-4.44 %),2000,17200000,18280,157475000,785589,39.7
11/12/2009,-27390,-224598000,8.2(-4.65 %),5000,41000000,32390,265598000,812979,39.38
14/12/2009,100,840000,8.2(0.00 %),100,840000,0,0,812879,39.38
15/12/2009,0,0,8.2(0.00 %),0,0,0,0,812879,39.38
16/12/2009,700,5510000,7.8(-4.88 %),700,5510000,0,0,812179,39.39
17/12/2009,3000,23400000,7.9(1.28 %),3000,23400000,0,0,809179,39.42
18/12/2009,2300,18850000,8.2(3.80 %),2300,18850000,0,0,806879,39.45
21/12/2009,30,255000,8.6(4.88 %),30,255000,0,0,806849,39.45
22/12/2009,10000,88000000,8.8(2.33 %),10000,88000000,0,0,796849,39.57
23/12/2009,100,840000,8.7(-1.14 %),100,840000,0,0,796749,39.57
24/12/2009,0,0,8.9(2.30 %),0,0,0,0,796749,39.57
25/12/2009,0,0,9.1(2.25 %),0,0,0,0,796749,39.57
28/12/2009,12100,109200000,8.8(-3.30 %),12100,109200000,0,0,784649,39.71
29/12/2009,1500,13200000,8.8(0.00 %),1500,13200000,0,0,783149,39.73
30/12/2009,0,0,8.8(0.00 %),0,0,0,0,783149,39.73
31/12/2009,2000,17600000,8.7(-1.14 %),2000,17600000,0,0,781149,39.76
04/01/2010,20000,181356000,9.1(4.60 %),20000,181356000,0,0,761149,39.99
05/01/2010,-800,-7680000,9.2(1.10 %),200,1820000,1000,9500000,761949,39.98
06/01/2010,2640,24096000,8.9(-3.26 %),2640,24096000,0,0,759309,40.01
07/01/2010,0,0,9(1.12 %),0,0,0,0,759309,40.01
08/01/2010,-9700,-85330000,8.8(-2.22 %),300,2670000,10000,88000000,769009,39.9
11/01/2010,1900,16720000,8.8(0.00 %),1900,16720000,0,0,767109,39.92
12/01/2010,2700,23760000,8.8(0.00 %),2700,23760000,0,0,764409,39.95
13/01/2010,900,7830000,8.7(-1.14 %),900,7830000,0,0,763509,39.96
14/01/2010,0,0,8.8(1.15 %),0,0,0,0,763509,39.96
15/01/2010,1500,13050000,8.7(-1.14 %),1500,13050000,0,0,762009,39.98
18/01/2010,1500,12450000,8.3(-4.60 %),1500,12450000,0,0,760509,40.0
19/01/2010,0,0,8.7(4.82 %),0,0,0,0,760509,40.0
20/01/2010,6420,53286000,8.4(-3.45 %),6420,53286000,0,0,754089,40.08
21/01/2010,0,0,8.2(-2.38 %),0,0,0,0,754089,40.08
22/01/2010,0,0,8.2(0.00 %),0,0,0,0,754089,40.08
25/01/2010,500,4100000,8.3(1.22 %),500,4100000,0,0,753589,40.08
26/01/2010,-10,-87000,8.6(3.61 %),0,0,10,87000,753599,40.08
27/01/2010,3000,25500000,8.3(-3.49 %),3000,25500000,0,0,750599,40.12
28/01/2010,4310,33976000,8.3(0.00 %),9310,74480000,5000,40504000,746289,40.17
29/01/2010,0,0,8.2(-1.20 %),0,0,0,0,746289,40.17
01/02/2010,0,0,8.3(1.22 %),0,0,0,0,746289,40.17
02/02/2010,0,0,8.3(0.00 %),0,0,0,0,746289,40.17
03/02/2010,0,0,8.4(1.20 %),0,0,0,0,746289,40.17
04/02/2010,100,830000,8.5(1.19 %),100,830000,0,0,746189,40.17
05/02/2010,0,0,8.3(-2.35 %),0,0,0,0,746189,40.17
08/02/2010,0,0,8.2(-1.20 %),0,0,0,0,746189,40.17
09/02/2010,0,0,8.2(0.00 %),0,0,0,0,746189,40.17
10/02/2010,1000,8300000,8.3(1.22 %),1000,8300000,0,0,745189,40.18
11/02/2010,1500,12450000,8.6(3.61 %),1500,12450000,0,0,743689,40.2
12/02/2010,0,0,8.5(-1.16 %),0,0,0,0,743689,40.2
22/02/2010,0,0,8.6(1.18 %),0,0,0,0,743689,40.2
23/02/2010,-2880,-23667000,8.2(-4.65 %),0,0,2880,23667000,746569,40.17
24/02/2010,0,0,8.3(1.22 %),0,0,0,0,746569,40.17
25/02/2010,0,0,8.3(0.00 %),0,0,0,0,746569,40.17
26/02/2010,0,0,8.3(0.00 %),0,0,0,0,776541,40.17
01/03/2010,0,0,8.3(0.00 %),0,0,0,0,776541,39.81
02/03/2010,3000,24300000,8.3(0.00 %),3000,24300000,0,0,773541,39.85
03/03/2010,0,0,8.3(0.00 %),0,0,0,0,773541,39.85
04/03/2010,0,0,8.4(1.20 %),0,0,0,0,773541,39.85
05/03/2010,0,0,8.4(0.00 %),0,0,0,0,773541,39.85
08/03/2010,0,0,8.8(4.76 %),0,0,0,0,773541,39.85
09/03/2010,-2120,-18868000,8.8(0.00 %),0,0,2120,18868000,775661,39.82
10/03/2010,0,0,8.8(0.00 %),0,0,0,0,775661,39.82
11/03/2010,-560,-5040000,8.9(1.14 %),0,0,560,5040000,776221,39.81
12/03/2010,-5000,-46500000,9.3(4.49 %),0,0,5000,46500000,781221,39.75
15/03/2010,0,-100000,9.5(2.15 %),1000,9400000,1000,9500000,781221,39.75
16/03/2010,3000,27300000,9.2(-3.16 %),3000,27300000,0,0,778221,39.79
17/03/2010,0,0,9.2(0.00 %),0,0,0,0,778221,39.79
18/03/2010,3000,26400000,9.2(0.00 %),3000,26400000,0,0,775221,39.83
19/03/2010,0,0,8.9(-3.26 %),0,0,0,0,775221,39.83
22/03/2010,0,0,8.8(-1.12 %),0,0,0,0,775221,39.83
23/03/2010,9780,86542000,8.7(-1.14 %),10000,88500000,220,1958000,765441,39.94
24/03/2010,300,2610000,9(3.45 %),300,2610000,0,0,765141,39.95
25/03/2010,0,0,9.1(1.11 %),0,0,0,0,765141,39.95
26/03/2010,1000,9200000,9.2(1.10 %),1000,9200000,0,0,764141,39.96
29/03/2010,0,0,9(-2.17 %),0,0,0,0,764141,39.96
30/03/2010,0,0,9(0.00 %),0,0,0,0,764141,39.96
31/03/2010,0,0,9(0.00 %),0,0,0,0,764141,39.96
01/04/2010,0,0,9.1(1.11 %),0,0,0,0,764141,39.96
02/04/2010,0,0,9.1(0.00 %),0,0,0,0,764141,39.96
05/04/2010,0,0,9(-1.10 %),0,0,0,0,764141,39.96
06/04/2010,15000,136482000,9(0.00 %),15000,136482000,0,0,749141,40.13
07/04/2010,0,0,9.2(2.22 %),0,0,0,0,749141,40.13
08/04/2010,0,0,9.4(2.17 %),0,0,0,0,749141,40.13
09/04/2010,0,0,9.6(2.13 %),0,0,0,0,749141,40.13
12/04/2010,4000,38400000,9.6(0.00 %),4000,38400000,0,0,745141,40.18
13/04/2010,0,0,9.5(-1.04 %),0,0,0,0,745141,40.18
14/04/2010,2000,18800000,9.4(-1.05 %),2000,18800000,0,0,743141,40.21
15/04/2010,0,0,9.3(-1.06 %),0,0,0,0,743141,40.21
16/04/2010,0,0,9.4(1.08 %),0,0,0,0,743141,40.21
19/04/2010,0,0,9.4(0.00 %),0,0,0,0,743141,40.21
20/04/2010,0,0,9.3(-1.06 %),0,0,0,0,743141,40.21
21/04/2010,-9000,-87300000,9.7(4.30 %),1000,9700000,10000,97000000,752141,40.1
22/04/2010,-9000,-90400000,9.9(2.06 %),1000,10100000,10000,100500000,761141,39.99
26/04/2010,0,0,9.9(0.00 %),0,0,0,0,761141,39.99
27/04/2010,10,96000,9.6(-3.03 %),10,96000,0,0,761131,39.99
28/04/2010,0,0,9.4(-2.08 %),0,0,0,0,761131,39.99
29/04/2010,0,0,9.8(4.26 %),0,0,0,0,761131,39.99
04/05/2010,-4590,-47018000,10.2(4.08 %),1410,14182000,6000,61200000,765721,39.94
05/05/2010,-25410,-270014000,10.6(3.92 %),2090,21786000,27500,291800000,791131,39.64
06/05/2010,-9800,-108780000,11.1(4.72 %),200,2220000,10000,111000000,800931,39.52
07/05/2010,-2860,-31460000,10.8(-2.70 %),0,0,2860,31460000,803791,39.49
10/05/2010,0,0,10.4(-3.70 %),0,0,0,0,803791,39.49
11/05/2010,0,0,10.3(-0.96 %),0,0,0,0,803791,39.49
12/05/2010,0,0,9.8(-4.85 %),0,0,0,0,803791,39.49
13/05/2010,0,0,10(2.04 %),0,0,0,0,803791,39.49
14/05/2010,0,0,9.8(-2.00 %),0,0,0,0,803791,39.49
17/05/2010,0,0,9.5(-3.06 %),0,0,0,0,803791,39.49
18/05/2010,0,0,9.6(1.05 %),0,0,0,0,803791,39.49
19/05/2010,0,0,9.2(-4.17 %),0,0,0,0,803791,39.49
20/05/2010,0,0,9(-2.17 %),0,0,0,0,803791,39.49
21/05/2010,0,0,8.6(-4.44 %),0,0,0,0,803791,39.49
24/05/2010,-500,-4300000,8.6(0.00 %),0,0,500,4300000,804291,39.48
25/05/2010,0,0,9(4.65 %),0,0,0,0,804291,39.48
26/05/2010,0,0,9.1(1.11 %),0,0,0,0,804291,39.48
27/05/2010,0,0,9(-1.10 %),0,0,0,0,804291,39.48
28/05/2010,0,0,9.4(4.44 %),0,0,0,0,804291,39.48
31/05/2010,-66490,-598411000,9(-4.26 %),20000,180000000,86490,778411000,870781,38.7
01/06/2010,-40,-162000,8.9(-1.11 %),7300,64470000,7340,64632000,870821,38.69
02/06/2010,-8090,-71111000,9.1(2.25 %),0,0,8090,71111000,878911,38.6
03/06/2010,0,0,9(-1.10 %),0,0,0,0,878911,38.6
04/06/2010,0,0,9(0.00 %),0,0,0,0,878911,38.6
07/06/2010,0,0,9(0.00 %),0,0,0,0,878911,38.6
08/06/2010,0,0,9.1(1.11 %),0,0,0,0,878911,38.6
09/06/2010,-50000,-475000000,9.5(4.40 %),0,0,50000,475000000,928911,38.01
10/06/2010,-2460,-24118000,9.7(2.11 %),100,970000,2560,25088000,931371,37.98
11/06/2010,-19300,-183851000,9.7(0.00 %),0,0,19300,183851000,950671,37.75
14/06/2010,-17790,-176121000,9.9(2.06 %),0,0,17790,176121000,968461,37.54
15/06/2010,0,0,9.7(-2.02 %),0,0,0,0,968461,37.54
16/06/2010,0,0,9(1.12 %),0,0,0,0,968461,37.54
17/06/2010,0,0,9(0.00 %),0,0,0,0,968461,37.54
18/06/2010,0,0,9(0.00 %),0,0,0,0,968461,37.54
21/06/2010,0,0,9.1(1.11 %),0,0,0,0,968461,37.54
22/06/2010,0,0,8.9(-2.20 %),0,0,0,0,968461,37.54
23/06/2010,0,0,8.9(0.00 %),0,0,0,0,968461,37.54
24/06/2010,0,0,8.9(0.00 %),0,0,0,0,968461,37.54
25/06/2010,0,0,8.8(-1.12 %),0,0,0,0,968461,37.54
28/06/2010,0,0,9(2.27 %),0,0,0,0,968461,37.54
29/06/2010,0,0,9.1(1.11 %),0,0,0,0,968461,37.54
30/06/2010,0,0,9.2(1.10 %),0,0,0,0,968461,37.54
01/07/2010,0,0,9.1(-1.09 %),0,0,0,0,968461,37.54
02/07/2010,0,0,9.2(1.10 %),0,0,0,0,968461,37.54
05/07/2010,0,0,9.2(0.00 %),0,0,0,0,968461,37.54
06/07/2010,0,0,9.1(-1.09 %),0,0,0,0,968461,37.54
07/07/2010,0,0,9.3(2.20 %),0,0,0,0,968461,37.54
08/07/2010,0,0,9.4(1.08 %),0,0,0,0,968461,37.54
09/07/2010,0,0,9.3(-1.06 %),0,0,0,0,968461,37.54
12/07/2010,0,0,9.1(-2.15 %),0,0,0,0,968461,37.54
13/07/2010,0,0,9.1(0.00 %),0,0,0,0,968461,37.54
14/07/2010,1000,9100000,9.2(1.10 %),1000,9100000,0,0,967461,37.55
15/07/2010,0,0,9(-2.17 %),0,0,0,0,967461,37.55
16/07/2010,0,0,9(0.00 %),0,0,0,0,967461,37.55
19/07/2010,0,0,9(0.00 %),0,0,0,0,967461,37.55
20/07/2010,0,0,9(0.00 %),0,0,0,0,967461,37.55
21/07/2010,0,0,9.3(3.33 %),0,0,0,0,967461,37.55
22/07/2010,0,0,9.1(-2.15 %),0,0,0,0,967461,37.55
23/07/2010,0,0,9.1(0.00 %),0,0,0,0,967461,37.55
26/07/2010,0,0,9(-1.10 %),0,0,0,0,967461,37.55
27/07/2010,50,445000,8.9(-1.11 %),50,445000,0,0,967411,37.55
28/07/2010,0,0,8.8(-1.12 %),0,0,0,0,967411,37.55
29/07/2010,0,0,8.8(0.00 %),0,0,0,0,967411,37.55
30/07/2010,0,0,9.2(4.55 %),0,0,0,0,967411,37.55
02/08/2010,0,0,9.1(-1.09 %),0,0,0,0,967411,37.55
03/08/2010,0,0,9.2(1.10 %),0,0,0,0,967411,37.55
04/08/2010,0,0,9.1(-1.09 %),0,0,0,0,967411,37.55
05/08/2010,0,0,8.9(-2.20 %),0,0,0,0,967411,37.55
06/08/2010,0,0,8.8(-1.12 %),0,0,0,0,967411,37.55
09/08/2010,0,0,8.7(-1.14 %),0,0,0,0,967411,37.55
10/08/2010,0,0,8.3(-4.60 %),0,0,0,0,967411,37.55
11/08/2010,200,1660000,8.5(2.41 %),200,1660000,0,0,0,49.01
12/08/2010,15140,125834000,8.1(-4.71 %),15140,125834000,0,0,952071,37.73
13/08/2010,0,0,8.5(4.94 %),0,0,0,0,952071,37.73
16/08/2010,0,0,8.8(3.53 %),0,0,0,0,952071,37.73
17/08/2010,0,0,8.6(-2.27 %),0,0,0,0,954951,36.25
18/08/2010,0,0,8.4(-2.33 %),0,0,0,0,954951,38.13
19/08/2010,5000,42000000,8.4(0.00 %),5000,42000000,0,0,949951,38.19
20/08/2010,0,0,8.3(-1.19 %),0,0,0,0,949951,38.19
23/08/2010,500,4300000,8.4(1.20 %),500,4300000,0,0,949451,38.2
24/08/2010,10010,80081000,8(-4.76 %),10010,80081000,0,0,939441,38.31
25/08/2010,7310,57556000,7.7(-3.75 %),7310,57556000,0,0,932131,38.39
26/08/2010,14000,111800000,8(3.90 %),14000,111800000,0,0,918131,38.55
27/08/2010,4000,31800000,8(0.00 %),4000,31800000,0,0,914131,38.6
30/08/2010,400,3360000,8.4(5.00 %),400,3360000,0,0,913731,38.6
31/08/2010,0,0,8.4(0.00 %),0,0,0,0,913731,38.6
01/09/2010,4000,32800000,8.3(-1.19 %),4000,32800000,0,0,909731,38.65
06/09/2010,0,0,8.5(2.41 %),0,0,0,0,909731,38.65
07/09/2010,0,0,8.3(-2.35 %),0,0,0,0,909731,38.65
08/09/2010,6320,51892000,8.1(-2.41 %),6320,51892000,0,0,903411,38.72
09/09/2010,0,0,8.4(3.70 %),0,0,0,0,903411,38.72
10/09/2010,3000,24700000,8.3(-1.19 %),3000,24700000,0,0,900411,38.75
13/09/2010,1000,7900000,8.1(-2.41 %),1000,7900000,0,0,899411,38.77
14/09/2010,160,1296000,8.2(1.23 %),160,1296000,0,0,899251,38.77
15/09/2010,0,0,8.3(1.22 %),0,0,0,0,899251,38.77
16/09/2010,2300,18630000,8.3(0.00 %),2300,18630000,0,0,896951,38.79
17/09/2010,9160,74196000,8.3(0.00 %),9160,74196000,0,0,887791,38.9
20/09/2010,70,588000,8.3(0.00 %),70,588000,0,0,887721,38.9
21/09/2010,0,0,8.2(-1.20 %),0,0,0,0,887721,38.9
22/09/2010,0,0,8.2(0.00 %),0,0,0,0,887721,38.9
23/09/2010,2570,20560000,8(-2.44 %),2570,20560000,0,0,885151,38.93
24/09/2010,0,0,8(0.00 %),0,0,0,0,885151,38.93
27/09/2010,0,0,8.1(1.25 %),0,0,0,0,885151,38.93
28/09/2010,0,0,8.2(1.23 %),0,0,0,0,885151,38.93
29/09/2010,2000,16200000,8(-2.44 %),2000,16200000,0,0,883151,38.95
30/09/2010,0,0,8(0.00 %),0,0,0,0,883151,38.95
01/10/2010,1220,9738000,7.9(-1.25 %),1220,9738000,0,0,881931,38.96
04/10/2010,11000,85700000,7.6(-3.80 %),11000,85700000,0,0,870931,39.09
05/10/2010,10400,81580000,7.9(3.95 %),10400,81580000,0,0,860531,39.21
06/10/2010,66641,507872000,8(1.27 %),66641,507872000,0,0,793890,39.97
07/10/2010,3770,28842000,7.7(-3.75 %),3770,28842000,0,0,790120,40.01
08/10/2010,0,0,7.8(1.30 %),0,0,0,0,790120,40.01
11/10/2010,4150,32305000,7.9(1.28 %),4150,32305000,0,0,785970,40.06
12/10/2010,8000,62300000,7.7(-2.53 %),8000,62300000,0,0,777970,40.15
13/10/2010,0,0,7.8(1.30 %),0,0,0,0,777970,40.15
14/10/2010,2290,17862000,7.8(0.00 %),2290,17862000,0,0,775680,40.17
15/10/2010,0,0,7.7(-1.28 %),0,0,0,0,775680,40.17
18/10/2010,0,0,7.7(0.00 %),0,0,0,0,775680,40.17
19/10/2010,0,0,7.7(0.00 %),0,0,0,0,775680,40.17
20/10/2010,0,0,7.4(-3.90 %),0,0,0,0,775680,40.17
21/10/2010,9000,66400000,7.4(0.00 %),9000,66400000,0,0,766680,40.28
22/10/2010,19090,142440000,7.6(2.70 %),19090,142440000,0,0,747590,40.49
25/10/2010,8370,62685000,7.5(-1.32 %),8370,62685000,0,0,739220,40.59
26/10/2010,0,0,7.8(4.00 %),0,0,0,0,739220,40.59
27/10/2010,0,0,8.1(3.85 %),0,0,0,0,739220,40.59
28/10/2010,10000,82000000,8.2(1.23 %),10000,82000000,0,0,729220,40.7
29/10/2010,2000,16400000,8.4(2.44 %),2000,16400000,0,0,727220,40.72
01/11/2010,-5000,-41604000,8.4(0.00 %),0,0,5000,41604000,732220,40.67
02/11/2010,0,0,8.3(-1.19 %),0,0,0,0,732220,40.67
03/11/2010,0,0,8.1(-2.41 %),0,0,0,0,732220,40.67
04/11/2010,0,0,8.3(2.47 %),0,0,0,0,732220,40.67
05/11/2010,0,0,8.3(0.00 %),0,0,0,0,732220,40.67
08/11/2010,0,0,8.1(-2.41 %),0,0,0,0,732220,40.67
09/11/2010,5000,39858000,7.8(-3.70 %),10000,79358000,5000,39500000,727220,40.72
10/11/2010,0,0,7.9(1.28 %),0,0,0,0,727220,40.72
11/11/2010,0,0,7.7(-2.53 %),0,0,0,0,727220,40.72
12/11/2010,-5000,-37000000,7.5(-2.60 %),0,0,5000,37000000,732220,40.67
15/11/2010,-5000,-36151000,7.5(0.00 %),0,0,5000,36151000,737220,40.61
16/11/2010,-5000,-36000000,7.5(0.00 %),0,0,5000,36000000,742220,40.55
17/11/2010,-2000,-14630000,7.6(1.33 %),3000,21900000,5000,36530000,744220,40.53
18/11/2010,0,0,7.5(-1.32 %),0,0,0,0,744220,40.53
19/11/2010,-910,-6825000,7.5(0.00 %),0,0,910,6825000,745130,40.52
22/11/2010,-14270,-102944000,7.3(-2.67 %),3570,25704000,17840,128648000,759400,40.36
23/11/2010,0,0,7.4(1.37 %),0,0,0,0,759400,40.36
24/11/2010,0,0,7.6(2.70 %),0,0,0,0,759400,40.36
25/11/2010,0,0,7.9(3.95 %),0,0,0,0,759400,40.36
26/11/2010,4260,33654000,7.9(0.00 %),4260,33654000,0,0,755140,40.41
29/11/2010,0,0,8.1(2.53 %),0,0,0,0,755140,40.41
30/11/2010,2000,16400000,8.3(2.47 %),2000,16400000,0,0,753140,40.43
01/12/2010,3640,30048000,8.4(1.20 %),3640,30048000,0,0,749500,40.47
02/12/2010,7500,62897000,8.5(1.19 %),7500,62897000,0,0,742000,40.56
03/12/2010,0,0,8.9(4.71 %),0,0,0,0,742000,40.56
06/12/2010,0,0,9(1.12 %),0,0,0,0,742000,40.56
07/12/2010,10000,90000000,8.6(-4.44 %),10000,90000000,0,0,732000,40.67
08/12/2010,10000,83000000,8.2(-4.65 %),10000,83000000,0,0,722000,40.78
09/12/2010,0,0,8.4(2.44 %),0,0,0,0,722000,40.78
10/12/2010,5000,41500000,8.5(1.19 %),5000,41500000,0,0,717000,40.84
13/12/2010,0,0,8.8(3.53 %),0,0,0,0,717000,40.84
14/12/2010,0,0,8.7(-1.14 %),0,0,0,0,717000,40.84
15/12/2010,0,0,8.7(0.00 %),0,0,0,0,717000,40.84
16/12/2010,0,0,8.4(-3.45 %),0,0,0,0,717000,40.84
17/12/2010,0,0,8.6(2.38 %),0,0,0,0,717000,40.84
20/12/2010,0,0,8.5(-1.16 %),0,0,0,0,717000,40.84
21/12/2010,3980,33830000,8.6(1.18 %),3980,33830000,0,0,713020,40.89
22/12/2010,6490,55165000,8.5(-1.16 %),6490,55165000,0,0,706530,40.96
23/12/2010,0,0,8.7(2.35 %),0,0,0,0,706530,40.96
24/12/2010,0,0,8.4(-3.45 %),0,0,0,0,706530,40.96
27/12/2010,0,0,8.6(2.38 %),0,0,0,0,706530,40.96
28/12/2010,0,0,8.9(3.49 %),0,0,0,0,706530,40.96
29/12/2010,2000,17600000,9(1.12 %),2000,17600000,0,0,704530,40.98
30/12/2010,410,3610000,9(0.00 %),410,3610000,0,0,704120,40.99
31/12/2010,0,0,8.9(-1.11 %),0,0,0,0,704120,40.99
04/01/2011,0,0,8.8(-1.12 %),0,0,0,0,704120,40.99
05/01/2011,3000,26400000,8.5(-3.41 %),3000,26400000,0,0,701120,41.02
06/01/2011,0,0,8.3(-2.35 %),0,0,0,0,701120,41.02
07/01/2011,0,0,8.5(2.41 %),0,0,0,0,701120,41.02
10/01/2011,48527,393069000,8.3(-2.35 %),48527,393069000,0,0,652593,41.57
11/01/2011,0,0,8.1(-2.41 %),0,0,0,0,652593,41.57
12/01/2011,0,0,8.3(2.47 %),0,0,0,0,652593,41.57
13/01/2011,0,0,8.4(1.20 %),0,0,0,0,652593,41.57
14/01/2011,0,0,8.4(0.00 %),0,0,0,0,652593,41.57
17/01/2011,0,0,8.5(1.19 %),0,0,0,0,652593,41.57
18/01/2011,3000,24694000,8.2(-3.53 %),3000,24694000,0,0,649593,41.61
19/01/2011,0,0,8.5(3.66 %),0,0,0,0,649593,41.61
20/01/2011,0,0,8.4(-1.18 %),0,0,0,0,649593,41.61
21/01/2011,-40000,-344000000,8.8(4.76 %),0,0,40000,344000000,689593,41.15
24/01/2011,0,0,8.8(0.00 %),0,0,0,0,689593,41.15
25/01/2011,0,0,8.5(-3.41 %),0,0,0,0,689593,41.15
26/01/2011,0,0,8.7(2.35 %),0,0,0,0,689593,41.15
27/01/2011,0,0,8.9(2.30 %),0,0,0,0,689593,41.15
28/01/2011,0,0,8.8(-1.12 %),0,0,0,0,689593,41.15
08/02/2011,0,0,9(2.27 %),0,0,0,0,689593,41.15
09/02/2011,0,0,9(0.00 %),0,0,0,0,689593,41.15
10/02/2011,0,0,8.8(-2.22 %),0,0,0,0,689593,41.15
11/02/2011,0,0,8.8(0.00 %),0,0,0,0,689593,41.15
14/02/2011,0,0,8.6(-2.27 %),0,0,0,0,689593,41.15
15/02/2011,0,0,8.6(0.00 %),0,0,0,0,689593,41.15
16/02/2011,0,0,8.6(0.00 %),0,0,0,0,689593,41.15
17/02/2011,0,0,8.5(-1.16 %),0,0,0,0,689593,41.15
18/02/2011,3000,24900000,8.2(-3.53 %),3000,24900000,0,0,686593,41.19
21/02/2011,200,1570000,7.8(-4.88 %),200,1570000,0,0,686393,41.19
22/02/2011,-3850,-29260000,7.6(-2.56 %),0,0,3850,29260000,690243,41.15
23/02/2011,0,0,7.9(3.95 %),0,0,0,0,690243,41.15
24/02/2011,0,0,8.1(2.53 %),0,0,0,0,690243,41.15
25/02/2011,0,0,8.5(4.94 %),0,0,0,0,690243,41.15
28/02/2011,0,0,8.6(1.18 %),0,0,0,0,690243,41.15
01/03/2011,0,0,8.5(-1.16 %),0,0,0,0,690243,41.15
02/03/2011,4910,39771000,8.1(-4.71 %),4910,39771000,0,0,685333,41.2
03/03/2011,0,0,8.5(4.94 %),0,0,0,0,0,0.0
04/03/2011,0,0,8.3(-2.35 %),0,0,0,0,0,0.0
07/03/2011,0,0,8.4(1.20 %),0,0,0,0,0,0.0
08/03/2011,1390,11120000,8(-4.76 %),1390,11120000,0,0,0,0.0
09/03/2011,0,0,8(0.00 %),0,0,0,0,0,0.0
10/03/2011,-10,-84000,8(0.00 %),0,0,10,84000,0,0.0
11/03/2011,-3000,-25200000,8.4(5.00 %),0,0,3000,25200000,0,0.0
14/03/2011,0,0,8.4(0.00 %),0,0,0,0,0,0.0
15/03/2011,3100,24800000,8.6(2.38 %),3100,24800000,0,0,0,0.0
16/03/2011,0,0,8.6(0.00 %),0,0,0,0,719718,40.81
17/03/2011,0,0,8.7(1.16 %),0,0,0,0,719718,40.81
18/03/2011,0,0,9(3.45 %),0,0,0,0,719718,40.81
21/03/2011,2000,17550000,9(0.00 %),2000,17550000,0,0,717718,40.83
22/03/2011,0,0,9(0.00 %),0,0,0,0,717718,40.83
23/03/2011,-10470,-94230000,9(0.00 %),0,0,10470,94230000,728188,40.71
24/03/2011,0,0,9(0.00 %),0,0,0,0,728188,40.71
25/03/2011,200,1750000,9(0.00 %),200,1750000,0,0,727988,40.72
28/03/2011,0,0,8.7(-3.33 %),0,0,0,0,727988,40.72
29/03/2011,0,0,8.5(-2.30 %),0,0,0,0,727988,40.72
30/03/2011,0,0,8.6(1.18 %),0,0,0,0,727988,40.72
31/03/2011,0,0,8.8(2.33 %),0,0,0,0,727988,40.72
01/04/2011,0,0,8.6(-2.27 %),0,0,0,0,730988,40.68
04/04/2011,0,0,8.6(0.00 %),0,0,0,0,730988,40.68
05/04/2011,0,0,8.5(-1.16 %),0,0,0,0,730988,40.68
06/04/2011,0,0,8.8(3.53 %),0,0,0,0,730988,40.68
07/04/2011,-2480,-20998000,8.7(-1.14 %),200,1690000,2680,22688000,733468,40.65
08/04/2011,0,0,8.8(1.15 %),0,0,0,0,733468,40.65
13/04/2011,0,0,8.6(-2.27 %),0,0,0,0,733468,40.65
14/04/2011,0,0,9(4.65 %),0,0,0,0,733468,40.65
15/04/2011,0,0,8.6(-4.44 %),0,0,0,0,733468,40.65
18/04/2011,0,0,8.8(2.33 %),0,0,0,0,733468,40.65
19/04/2011,0,0,8.4(-4.55 %),0,0,0,0,733468,40.65
20/04/2011,0,0,8.5(1.19 %),0,0,0,0,733468,40.65
21/04/2011,0,0,8.6(1.18 %),0,0,0,0,733468,40.65
22/04/2011,0,0,8.2(-4.65 %),0,0,0,0,733468,40.65
25/04/2011,0,0,8.6(4.88 %),0,0,0,0,733468,40.65
26/04/2011,0,0,8.6(0.00 %),0,0,0,0,733468,40.65
27/04/2011,0,0,8.2(-4.65 %),0,0,0,0,733468,40.65
28/04/2011,0,0,8.1(-1.22 %),0,0,0,0,733468,40.65
29/04/2011,0,0,8(-1.23 %),0,0,0,0,733468,40.65
04/05/2011,0,0,7.8(-2.50 %),0,0,0,0,733468,40.65
05/05/2011,0,0,8(2.56 %),0,0,0,0,733468,40.65
06/05/2011,0,0,8(0.00 %),0,0,0,0,733468,40.65
09/05/2011,0,0,7.8(-2.50 %),0,0,0,0,733468,40.65
10/05/2011,100,790000,8(2.56 %),100,790000,0,0,733368,40.65
11/05/2011,0,0,8.2(2.50 %),0,0,0,0,733368,40.65
12/05/2011,0,0,8(-2.44 %),0,0,0,0,733368,40.65
13/05/2011,0,0,7.8(-2.50 %),0,0,0,0,733368,40.65
16/05/2011,0,0,7.5(-3.85 %),0,0,0,0,733368,40.65
17/05/2011,0,0,7.5(0.00 %),0,0,0,0,733368,40.65
18/05/2011,0,0,7.3(-2.67 %),0,0,0,0,733368,40.65
19/05/2011,0,0,7.3(0.00 %),0,0,0,0,733368,40.65
20/05/2011,0,0,7.2(-1.37 %),0,0,0,0,733368,40.65
23/05/2011,0,0,7.5(4.17 %),0,0,0,0,733368,40.65
24/05/2011,0,0,7.2(-4.00 %),0,0,0,0,733368,40.65
25/05/2011,0,0,6.9(-4.17 %),0,0,0,0,733368,40.65
26/05/2011,0,0,7(1.45 %),0,0,0,0,733368,40.65
27/05/2011,0,0,7.2(2.86 %),0,0,0,0,733368,40.65
30/05/2011,0,0,7.3(1.39 %),0,0,0,0,733368,40.65
31/05/2011,0,0,7.1(-2.74 %),0,0,0,0,733368,40.65
01/06/2011,0,0,7.2(1.41 %),0,0,0,0,733368,40.65
02/06/2011,0,0,7.3(1.39 %),0,0,0,0,733368,40.65
03/06/2011,2000,14000000,7(-4.11 %),2000,14000000,0,0,731368,40.68
06/06/2011,0,0,7(0.00 %),0,0,0,0,731368,40.68
07/06/2011,100,730000,7.3(4.29 %),100,730000,0,0,731268,40.68
08/06/2011,0,0,7.3(0.00 %),0,0,0,0,731268,40.68
09/06/2011,0,0,7.4(1.37 %),0,0,0,0,731268,40.68
10/06/2011,1000,7700000,7.6(2.70 %),1000,7700000,0,0,730268,40.69
13/06/2011,0,0,7.7(1.32 %),0,0,0,0,730268,40.69
14/06/2011,0,0,7.9(2.60 %),0,0,0,0,730268,40.69
15/06/2011,0,0,7.8(-1.27 %),0,0,0,0,730268,40.69
16/06/2011,0,0,7.6(-2.56 %),0,0,0,0,730268,40.69
17/06/2011,0,0,7.6(0.00 %),0,0,0,0,730268,40.69
20/06/2011,0,0,7.3(-3.95 %),0,0,0,0,730268,40.69
21/06/2011,0,0,7.6(4.11 %),0,0,0,0,730268,40.69
22/06/2011,-250,-1975000,7.7(1.32 %),0,0,250,1975000,730518,40.69
23/06/2011,0,0,6.9(2.99 %),0,0,0,0,730518,40.69
24/06/2011,0,0,6.9(0.00 %),0,0,0,0,730518,40.69
27/06/2011,0,0,6.7(-2.90 %),0,0,0,0,730518,40.69
28/06/2011,0,0,6.7(0.00 %),0,0,0,0,730518,40.69
29/06/2011,0,0,6.8(1.49 %),0,0,0,0,730518,40.69
30/06/2011,0,0,6.8(0.00 %),0,0,0,0,730518,40.69
01/07/2011,29880,203708000,7.1(4.41 %),29880,203708000,0,0,730418,40.69
04/07/2011,6120,42840000,7(-1.41 %),6120,42840000,0,0,724298,40.76
05/07/2011,0,0,7.2(2.86 %),0,0,0,0,724298,40.76
06/07/2011,0,0,7.3(1.39 %),0,0,0,0,724298,40.76
07/07/2011,0,0,7.3(0.00 %),0,0,0,0,724298,40.76
08/07/2011,0,0,7.2(-1.37 %),0,0,0,0,724298,40.76
11/07/2011,0,0,7.3(1.39 %),0,0,0,0,724298,40.76
12/07/2011,0,0,7.3(0.00 %),0,0,0,0,724298,40.76
13/07/2011,0,0,7(-4.11 %),0,0,0,0,724298,40.76
14/07/2011,0,0,7(0.00 %),0,0,0,0,724298,40.76
15/07/2011,0,0,7(0.00 %),0,0,0,0,724298,40.76
18/07/2011,0,0,7(0.00 %),0,0,0,0,724298,40.76
19/07/2011,0,0,6.9(-1.43 %),0,0,0,0,724298,40.76
20/07/2011,0,0,6.8(-1.45 %),0,0,0,0,724298,40.76
21/07/2011,0,0,6.8(0.00 %),0,0,0,0,724298,40.76
22/07/2011,0,0,6.7(-1.47 %),0,0,0,0,724298,40.76
25/07/2011,0,0,6.7(0.00 %),0,0,0,0,724298,40.76
26/07/2011,0,0,6.8(1.49 %),0,0,0,0,724298,40.76
27/07/2011,0,0,6.9(1.47 %),0,0,0,0,724298,40.76
28/07/2011,0,0,6.8(-1.45 %),0,0,0,0,724298,40.76
29/07/2011,2540,16510000,6.7(-1.47 %),2540,16510000,0,0,721758,40.79
01/08/2011,0,0,6.4(-4.48 %),0,0,0,0,691978,41.13
02/08/2011,3000,18600000,6.4(0.00 %),3000,18600000,0,0,688978,41.16
03/08/2011,3000,18300000,6.4(0.00 %),3000,18300000,0,0,685978,41.19
04/08/2011,0,0,6.5(1.56 %),0,0,0,0,685978,41.19
05/08/2011,0,0,6.3(-3.08 %),0,0,0,0,685978,41.19
08/08/2011,0,0,6.3(0.00 %),0,0,0,0,685978,41.19
09/08/2011,3000,18000000,6(-4.76 %),3000,18000000,0,0,682978,41.23
10/08/2011,2950,17700000,6.2(3.33 %),2950,17700000,0,0,680028,41.26
11/08/2011,2980,18178000,6.2(0.00 %),2980,18178000,0,0,677048,41.3
12/08/2011,0,0,6.3(1.61 %),0,0,0,0,677048,41.3
15/08/2011,7000,45471000,6.3(0.00 %),7000,45471000,0,0,670048,41.38
16/08/2011,0,0,6.6(4.76 %),0,0,0,0,670048,41.38
17/08/2011,0,0,6.7(1.52 %),0,0,0,0,670048,41.38
18/08/2011,0,0,6.8(1.49 %),0,0,0,0,670048,41.38
19/08/2011,10,65000,6.7(-1.47 %),10,65000,0,0,670038,41.38
22/08/2011,-7780,-54460000,7(4.48 %),0,0,7780,54460000,677818,41.29
23/08/2011,0,0,7.2(2.86 %),0,0,0,0,677818,41.29
24/08/2011,0,0,7.3(1.39 %),0,0,0,0,677818,41.29
25/08/2011,1000,7000000,7(-4.11 %),1000,7000000,0,0,676818,41.3
26/08/2011,0,0,7(0.00 %),0,0,0,0,676818,41.3
29/08/2011,0,0,7(0.00 %),0,0,0,0,676818,41.3
30/08/2011,0,0,7.1(1.43 %),0,0,0,0,676818,41.3
31/08/2011,0,0,7.1(0.00 %),0,0,0,0,676818,44.24
01/09/2011,-10,-71000,7.1(0.00 %),0,0,10,71000,720625,43.74
05/09/2011,6000,41200000,7.1(0.00 %),6000,41200000,0,0,714625,43.81
06/09/2011,4000,27400000,6.8(-4.23 %),4000,27400000,0,0,710625,43.85
07/09/2011,3000,19500000,6.5(-4.41 %),3000,19500000,0,0,707625,43.89
08/09/2011,0,0,6.7(3.08 %),0,0,0,0,707625,43.89
09/09/2011,2520,16580000,6.8(1.49 %),2520,16580000,0,0,705105,43.92
12/09/2011,0,0,6.8(0.00 %),0,0,0,0,705105,43.92
13/09/2011,0,0,6.9(1.47 %),0,0,0,0,705105,43.92
14/09/2011,0,0,7(1.45 %),0,0,0,0,705105,43.92
15/09/2011,0,0,7(0.00 %),0,0,0,0,705105,43.92
16/09/2011,0,0,7(0.00 %),0,0,0,0,705105,43.92
19/09/2011,3000,20100000,6.7(-4.29 %),3000,20100000,0,0,702105,43.95
20/09/2011,3000,19787000,6.5(-2.99 %),3000,19787000,0,0,699105,43.98
21/09/2011,920,5704000,6.2(-4.62 %),920,5704000,0,0,698185,43.99
22/09/2011,11880,71668000,6.2(0.00 %),11880,71668000,0,0,686305,44.13
23/09/2011,0,0,6.1(-1.61 %),0,0,0,0,686305,44.13
26/09/2011,0,0,6.1(0.00 %),0,0,0,0,686305,44.13
27/09/2011,1620,9682000,6.1(0.00 %),2000,12000000,380,2318000,684685,44.15
28/09/2011,6000,35700000,6(-1.64 %),6000,35700000,0,0,678685,44.22
29/09/2011,5000,30000000,6.1(1.67 %),5000,30000000,0,0,673685,44.27
30/09/2011,0,0,6.1(0.00 %),0,0,0,0,673685,44.27
03/10/2011,4900,29400000,6.1(0.00 %),4900,29400000,0,0,673701,44.27
04/10/2011,8010,48339000,6.1(0.00 %),8010,48339000,0,0,665691,44.36
05/10/2011,0,0,6(-1.64 %),0,0,0,0,665691,44.36
06/10/2011,5000,30500000,5.9(-1.67 %),5000,30500000,0,0,660691,44.42
07/10/2011,5000,30000000,6(1.69 %),5000,30000000,0,0,655691,44.48
10/10/2011,0,0,6(0.00 %),0,0,0,0,655691,44.48
11/10/2011,10700,64130000,6.1(1.67 %),10700,64130000,0,0,644991,44.6
12/10/2011,8000,48000000,5.9(-3.28 %),8470,50773000,470,2773000,636991,44.69
13/10/2011,0,0,6(1.69 %),0,0,0,0,636991,44.69
14/10/2011,6600,39445000,5.9(-1.67 %),6600,39445000,0,0,630391,44.77
17/10/2011,8000,45600000,5.7(-3.39 %),8000,45600000,0,0,622391,44.86
18/10/2011,4600,26680000,5.8(1.75 %),4600,26680000,0,0,617791,44.91
19/10/2011,5000,29500000,5.9(1.72 %),5000,29500000,0,0,612791,44.97
20/10/2011,5000,29500000,5.9(0.00 %),5000,29500000,0,0,607791,45.02
21/10/2011,5000,30000000,5.9(0.00 %),5000,30000000,0,0,602791,45.08
24/10/2011,5000,30000000,5.9(0.00 %),5000,30000000,0,0,597791,45.14
25/10/2011,5000,30000000,6(1.69 %),5000,30000000,0,0,592791,45.19
26/10/2011,9000,54102000,6(0.00 %),9000,54102000,0,0,583791,45.3
27/10/2011,4980,29384000,5.9(-1.67 %),5000,29500000,20,116000,578811,45.35
28/10/2011,7000,41300000,6(1.69 %),7000,41300000,0,0,571811,45.43
31/10/2011,5000,30000000,6(0.00 %),5000,30000000,0,0,566811,45.49
01/11/2011,5000,30000000,6(0.00 %),5000,30000000,0,0,561891,45.55
02/11/2011,2000,11800000,6(0.00 %),2000,11800000,0,0,559891,45.57
03/11/2011,5000,30000000,6(0.00 %),5000,30000000,0,0,554891,45.62
04/11/2011,0,0,6(0.00 %),0,0,0,0,554891,45.62
07/11/2011,4900,30270000,5.7(-5.00 %),4900,30270000,0,0,549991,45.68
08/11/2011,2630,14991000,5.9(3.51 %),2630,14991000,0,0,547361,45.71
09/11/2011,5000,30000000,6(1.69 %),5000,30000000,0,0,542361,45.77
10/11/2011,90,531000,5.9(-1.67 %),90,531000,0,0,542271,45.77
11/11/2011,1910,11340000,5.8(-1.69 %),6220,36376000,4310,25036000,540361,45.79
14/11/2011,-420,-2396000,5.9(1.72 %),1830,10431000,2250,12827000,540781,45.79
15/11/2011,-4750,-27075000,5.7(-3.39 %),0,0,4750,27075000,545531,45.73
16/11/2011,10000,56000000,5.8(1.75 %),10000,56000000,0,0,535531,45.85
17/11/2011,5000,29000000,5.8(0.00 %),5000,29000000,0,0,530531,45.9
18/11/2011,0,0,5.8(0.00 %),0,0,0,0,530531,45.9
21/11/2011,0,0,5.7(-1.72 %),0,0,0,0,530531,45.9
22/11/2011,6000,33900000,5.7(0.00 %),6000,33900000,0,0,524531,45.97
23/11/2011,0,0,5.7(0.00 %),0,0,0,0,524531,45.97
24/11/2011,3000,16500000,5.6(-1.75 %),3000,16500000,0,0,521531,46.0
25/11/2011,0,0,5.5(-1.79 %),0,0,0,0,521531,46.0
28/11/2011,0,0,5.6(1.82 %),0,0,0,0,521531,46.0
29/11/2011,0,0,5.4(-3.57 %),0,0,0,0,521531,46.0
30/11/2011,6000,32100000,5.3(-1.85 %),6000,32100000,0,0,515531,46.07
01/12/2011,4120,21724000,5.2(-1.89 %),4120,21724000,0,0,510551,46.13
02/12/2011,0,0,5.4(3.85 %),0,0,0,0,510551,46.13
05/12/2011,2000,11200000,5.5(1.85 %),2000,11200000,0,0,508551,46.15
06/12/2011,4180,22454000,5.3(-3.64 %),4180,22454000,0,0,504371,46.2
07/12/2011,1000,5300000,5.2(-1.89 %),1000,5300000,0,0,503371,46.21
08/12/2011,0,0,5.4(3.85 %),0,0,0,0,503371,46.21
09/12/2011,0,0,5.4(0.00 %),0,0,0,0,503371,46.21
12/12/2011,5000,26200000,5.2(-3.70 %),5000,26200000,0,0,498371,46.27
13/12/2011,0,0,5(-3.85 %),0,0,0,0,498371,46.27
14/12/2011,13000,62400000,4.8(-4.00 %),13000,62400000,0,0,485371,46.42
15/12/2011,0,0,5(4.17 %),0,0,0,0,485371,46.42
16/12/2011,0,0,5(0.00 %),0,0,0,0,485371,46.42
19/12/2011,4000,19200000,4.9(-2.00 %),4000,19200000,0,0,481371,46.46
20/12/2011,0,0,4.9(0.00 %),0,0,0,0,481371,46.46
21/12/2011,90,423000,4.7(-4.08 %),90,423000,0,0,481281,46.46
22/12/2011,0,0,4.7(0.00 %),0,0,0,0,481281,46.46
23/12/2011,1000,4700000,4.8(2.13 %),1000,4700000,0,0,480281,46.47
26/12/2011,109770,533669000,4.8(0.00 %),109770,533669000,0,0,370511,47.72
27/12/2011,3590,17232000,4.9(2.08 %),3590,17232000,0,0,366921,47.76
28/12/2011,4890,23961000,5(2.04 %),4890,23961000,0,0,362031,47.82
29/12/2011,0,0,5.1(2.00 %),0,0,0,0,362031,47.82
30/12/2011,660,3366000,5.2(1.96 %),660,3366000,0,0,361371,47.83
03/01/2012,8200,42640000,5.3(1.92 %),8200,42640000,0,0,357251,47.87
04/01/2012,0,0,5.4(1.89 %),0,0,0,0,357251,47.87
05/01/2012,2000,10600000,5.2(-3.70 %),2000,10600000,0,0,355251,47.9
06/01/2012,2280,11652000,5.3(1.92 %),2280,11652000,0,0,352971,47.92
09/01/2012,0,0,5.1(-3.77 %),0,0,0,0,352971,47.92
10/01/2012,0,0,5.1(0.00 %),0,0,0,0,352971,47.92
11/01/2012,2000,10600000,5.2(1.96 %),2000,10600000,0,0,350971,47.95
12/01/2012,2970,15644000,5.3(1.92 %),2970,15644000,0,0,348001,47.98
13/01/2012,58470,298197000,5.3(0.00 %),58470,298197000,0,0,289531,48.64
16/01/2012,2000,10800000,5.4(1.89 %),2000,10800000,0,0,287531,48.67
17/01/2012,0,0,5.4(0.00 %),0,0,0,0,287531,48.67
18/01/2012,1410,7714000,5.5(1.85 %),1410,7714000,0,0,286121,48.68
19/01/2012,0,0,5.6(1.82 %),0,0,0,0,286121,48.68
20/01/2012,13140,75889000,5.8(3.57 %),17230,99611000,4090,23722000,272981,48.83
30/01/2012,0,0,5.9(1.72 %),0,0,0,0,272981,48.83
31/01/2012,7000,42160000,6.1(3.39 %),7000,42160000,0,0,265981,48.91
01/02/2012,0,0,5.8(-4.92 %),0,0,0,0,253695,49.05
02/02/2012,200,1160000,5.9(1.72 %),200,1160000,0,0,253495,49.05
03/02/2012,1100,6710000,6(1.69 %),1100,6710000,0,0,252395,49.07
06/02/2012,1500,9000000,6(0.00 %),1500,9000000,0,0,250895,49.08
07/02/2012,-10590,-60363000,5.7(-5.00 %),2000,11400000,12590,71763000,261485,48.96
08/02/2012,50090,291269000,5.9(3.51 %),58960,341828000,8870,50559000,211395,49.53
09/02/2012,200,1160000,5.9(0.00 %),200,1160000,0,0,211195,49.54
10/02/2012,2000,11400000,5.7(-3.39 %),2000,11400000,0,0,209195,49.56
13/02/2012,9000,51300000,5.6(-1.75 %),9000,51300000,0,0,200195,49.66
14/02/2012,10,56000,5.6(0.00 %),10,56000,0,0,200185,49.66
15/02/2012,0,0,5.5(-1.79 %),0,0,0,0,200185,49.66
16/02/2012,0,0,5.7(3.64 %),0,0,0,0,200185,49.66
17/02/2012,20,116000,5.8(1.75 %),20,116000,0,0,200165,49.66
20/02/2012,1700,10130000,5.9(1.72 %),1700,10130000,0,0,198465,49.68
21/02/2012,3740,22066000,5.9(0.00 %),3740,22066000,0,0,194725,49.72
22/02/2012,3000,17400000,5.9(0.00 %),3000,17400000,0,0,191725,49.76
23/02/2012,-1700,-10200000,6(1.69 %),0,0,1700,10200000,193425,49.74
24/02/2012,120,720000,6.1(1.67 %),120,720000,0,0,193305,49.74
27/02/2012,1400,8540000,6.1(0.00 %),1400,8540000,0,0,191905,49.76
28/02/2012,-5000,-29520000,6.3(3.28 %),0,0,5000,29520000,196905,49.7
29/02/2012,380,2356000,6.2(-1.59 %),380,2356000,0,0,196525,49.7
01/03/2012,40,252000,6.2(0.00 %),40,252000,0,0,195615,49.71
02/03/2012,9080,56596000,6.3(1.61 %),9080,56596000,0,0,186535,49.82
05/03/2012,3030,19686000,6.6(4.76 %),3030,19686000,0,0,183505,49.85
06/03/2012,11200,74124000,6.7(1.52 %),11200,74124000,0,0,172305,49.98
07/03/2012,20530,131968000,6.7(0.00 %),20530,131968000,0,0,151775,50.21
08/03/2012,900,5830000,6.4(-4.48 %),900,5830000,0,0,150875,50.22
09/03/2012,-450,-3983000,6.7(4.69 %),2550,16117000,3000,20100000,151325,50.22
12/03/2012,43040,276964000,6.6(-1.49 %),43040,276964000,0,0,108285,50.71
13/03/2012,0,0,6.5(-1.52 %),0,0,0,0,108285,50.71
14/03/2012,9810,62835000,6.5(0.00 %),9810,62835000,0,0,98475,50.82
15/03/2012,5220,33931000,6.6(1.54 %),5220,33931000,0,0,93255,50.88
16/03/2012,0,0,6.7(1.52 %),0,0,0,0,93255,50.88
19/03/2012,3000,19500000,6.7(0.00 %),3000,19500000,0,0,90255,50.91
20/03/2012,0,0,6.5(-2.99 %),0,0,0,0,90255,50.91
21/03/2012,0,0,6.7(3.08 %),0,0,0,0,90255,50.91
22/03/2012,6420,43015000,6.8(1.49 %),6420,43015000,0,0,83835,50.99
23/03/2012,200,1357000,6.8(0.00 %),200,1357000,0,0,83635,50.99
26/03/2012,5190,35287000,6.9(1.47 %),5190,35287000,0,0,78445,48.16
27/03/2012,0,0,6.8(-1.45 %),0,0,0,0,78445,48.16
28/03/2012,3050,19941000,6.8(0.00 %),3050,19941000,0,0,75395,48.19
29/03/2012,0,0,6.7(-1.47 %),0,0,0,0,75395,48.19
30/03/2012,210,1369000,6.7(0.00 %),210,1369000,0,0,75185,48.19
03/04/2012,10,66000,6.6(-1.49 %),10,66000,0,0,80135,48.14
04/04/2012,0,0,6.5(-1.52 %),0,0,0,0,80135,48.14
05/04/2012,0,0,6.6(1.54 %),0,0,0,0,80135,48.14
06/04/2012,0,0,6.6(0.00 %),0,0,0,0,80135,48.14
09/04/2012,0,0,6.6(0.00 %),0,0,0,0,80135,48.14
10/04/2012,0,0,6.7(1.52 %),0,0,0,0,80135,48.14
11/04/2012,0,0,6.8(1.49 %),0,0,0,0,80135,48.14
12/04/2012,0,0,6.9(1.47 %),0,0,0,0,80135,48.14
13/04/2012,0,0,6.9(0.00 %),0,0,0,0,80135,48.14
16/04/2012,0,0,6.9(0.00 %),0,0,0,0,80135,48.14
17/04/2012,0,0,7.2(4.35 %),0,0,0,0,80135,48.14
18/04/2012,4530,33975000,7.5(4.17 %),4530,33975000,0,0,75605,48.19
19/04/2012,0,0,7.3(-2.67 %),0,0,0,0,75605,48.19
20/04/2012,-1000,-7300000,7.3(0.00 %),0,0,1000,7300000,76605,48.18
23/04/2012,0,0,7.1(-2.74 %),0,0,0,0,76605,48.18
24/04/2012,0,0,6.8(-4.23 %),0,0,0,0,76605,48.18
25/04/2012,-4530,-30398000,6.7(-1.47 %),0,0,4530,30398000,81135,48.13
26/04/2012,0,0,6.9(2.99 %),0,0,0,0,81135,48.13
27/04/2012,0,0,7.1(2.90 %),0,0,0,0,81135,48.13
02/05/2012,0,0,6.8(-4.23 %),0,0,0,0,76605,48.18
03/05/2012,0,0,6.8(0.00 %),0,0,0,0,76605,48.18
04/05/2012,-1000,-6800000,7(2.94 %),0,0,1000,6800000,77605,48.17
07/05/2012,20,140000,7.2(2.86 %),20,140000,0,0,77585,48.17
08/05/2012,0,0,7(-2.78 %),0,0,0,0,77585,48.17
09/05/2012,0,0,7(0.00 %),0,0,0,0,77585,48.17
10/05/2012,10,71000,7(0.00 %),10,71000,0,0,77575,48.17
11/05/2012,0,-500000,7.3(4.29 %),2500,17750000,2500,18250000,77575,48.17
14/05/2012,-23140,-175864000,7.6(4.11 %),0,0,23140,175864000,100715,50.79
15/05/2012,-20,-148000,7.3(-3.95 %),0,0,20,148000,100735,50.79
16/05/2012,-20000,-140000000,7(-4.11 %),0,0,20000,140000000,120735,50.57
17/05/2012,3000,20100000,6.7(-4.29 %),3000,20100000,0,0,117735,50.6
18/05/2012,-36530,-233792000,6.4(-4.48 %),2000,12800000,38530,246592000,154265,50.18
21/05/2012,220,1364000,6.4(0.00 %),220,1364000,0,0,154045,50.19
22/05/2012,5000,30700000,6.3(-1.56 %),5000,30700000,0,0,149045,50.24
23/05/2012,0,0,6(-4.76 %),0,0,0,0,149045,50.24
24/05/2012,0,0,5.9(-1.67 %),0,0,0,0,149045,50.24
25/05/2012,0,0,6.1(3.39 %),0,0,0,0,149045,50.24
28/05/2012,0,0,6.1(0.00 %),0,0,0,0,149045,50.24
29/05/2012,0,0,6.3(3.28 %),0,0,0,0,149045,50.24
30/05/2012,0,0,6.3(0.00 %),0,0,0,0,149045,50.24
31/05/2012,0,0,6.2(-1.59 %),0,0,0,0,149045,50.24
01/06/2012,0,0,6.2(0.00 %),0,0,0,0,153575,50.19
04/06/2012,0,0,6.3(1.61 %),0,0,0,0,153575,50.19
05/06/2012,0,0,6.3(0.00 %),0,0,0,0,153575,50.19
06/06/2012,0,0,6.4(1.59 %),0,0,0,0,153575,50.19
07/06/2012,0,0,6.4(0.00 %),0,0,0,0,153575,50.19
08/06/2012,0,0,6.5(1.56 %),0,0,0,0,153575,50.19
11/06/2012,0,0,6.4(-1.54 %),0,0,0,0,153575,50.19
12/06/2012,0,0,6.5(1.56 %),0,0,0,0,153575,50.19
13/06/2012,0,0,6.5(0.00 %),0,0,0,0,153575,50.19
14/06/2012,0,0,6.5(0.00 %),0,0,0,0,153575,50.19
15/06/2012,0,0,6.5(0.00 %),0,0,0,0,153575,50.19
18/06/2012,-2220,-15096000,6.6(1.54 %),0,0,2220,15096000,155795,50.17
19/06/2012,0,0,6.5(-1.52 %),0,0,0,0,155795,50.17
20/06/2012,0,0,6.6(1.54 %),0,0,0,0,155795,50.17
21/06/2012,0,0,6.5(-1.52 %),0,0,0,0,155795,50.17
22/06/2012,10000,65000000,6.5(0.00 %),10000,65000000,0,0,145795,50.28
25/06/2012,50,320000,6.2(-4.62 %),50,320000,0,0,145745,50.28
26/06/2012,0,0,5.4(1.89 %),0,0,0,0,145745,50.28
27/06/2012,0,0,5.6(3.70 %),0,0,0,0,145745,50.28
28/06/2012,2000,10800000,5.4(-3.57 %),2000,10800000,0,0,143745,50.3
29/06/2012,2000,10400000,5.5(1.85 %),2000,10400000,0,0,141745,50.33
02/07/2012,0,0,5.3(-3.64 %),0,0,0,0,141755,50.33
03/07/2012,4000,20400000,5.1(-3.77 %),4000,20400000,0,0,137755,50.37
04/07/2012,0,0,4.9(-3.92 %),0,0,0,0,137755,50.37
05/07/2012,0,0,5(2.04 %),0,0,0,0,137755,50.37
06/07/2012,0,0,5.1(2.00 %),0,0,0,0,137755,50.37
09/07/2012,3000,14700000,4.9(-3.92 %),3000,14700000,0,0,134755,50.41
10/07/2012,0,0,5(2.04 %),0,0,0,0,134755,50.41
11/07/2012,0,0,5.1(2.00 %),0,0,0,0,134755,50.41
12/07/2012,0,0,5.1(0.00 %),0,0,0,0,134755,50.41
13/07/2012,0,0,5.2(1.96 %),0,0,0,0,134755,50.41
16/07/2012,0,0,5.1(-1.92 %),0,0,0,0,134755,50.41
17/07/2012,0,0,5.2(1.96 %),0,0,0,0,134755,50.41
18/07/2012,0,0,5.2(0.00 %),0,0,0,0,134755,50.41
19/07/2012,0,0,5.2(0.00 %),0,0,0,0,134755,50.41
20/07/2012,0,0,5.1(-1.92 %),0,0,0,0,134755,50.41
23/07/2012,0,0,5.1(0.00 %),0,0,0,0,134755,50.41
24/07/2012,0,0,5.1(0.00 %),0,0,0,0,134755,50.41
25/07/2012,3000,14700000,4.9(-3.92 %),3000,14700000,0,0,131755,50.44
26/07/2012,0,0,5(2.04 %),0,0,0,0,131755,50.44
27/07/2012,0,0,4.9(-2.00 %),0,0,0,0,131755,50.44
30/07/2012,0,0,5(2.04 %),0,0,0,0,131755,50.44
31/07/2012,0,0,5(0.00 %),0,0,0,0,131755,50.44
01/08/2012,0,0,5(0.00 %),0,0,0,0,131759,50.44
02/08/2012,0,0,5.1(2.00 %),0,0,0,0,131759,50.44
03/08/2012,0,0,5(-1.96 %),0,0,0,0,131759,50.44
06/08/2012,0,0,5(0.00 %),0,0,0,0,131759,50.44
07/08/2012,0,0,5(0.00 %),0,0,0,0,131759,50.44
08/08/2012,0,0,5(0.00 %),0,0,0,0,131759,50.44
09/08/2012,0,0,5(0.00 %),0,0,0,0,131759,50.44
10/08/2012,0,0,5(0.00 %),0,0,0,0,131759,50.44
13/08/2012,0,0,5(0.00 %),0,0,0,0,131759,50.44
14/08/2012,0,0,5.1(2.00 %),0,0,0,0,131759,50.44
15/08/2012,0,0,5.1(0.00 %),0,0,0,0,131759,50.44
16/08/2012,0,0,5(-1.96 %),0,0,0,0,131759,50.44
17/08/2012,0,0,5(0.00 %),0,0,0,0,131759,50.44
20/08/2012,2000,9800000,5(0.00 %),2000,9800000,0,0,129759,50.46
21/08/2012,3000,14400000,4.8(-4.00 %),3000,14400000,0,0,126759,50.5
22/08/2012,0,0,4.8(0.00 %),0,0,0,0,126759,50.5
23/08/2012,0,0,4.6(-4.17 %),0,0,0,0,126759,50.5
24/08/2012,16500,73890000,4.7(2.17 %),16500,73890000,0,0,110259,50.68
27/08/2012,1000,4600000,4.6(-2.13 %),1000,4600000,0,0,109259,50.7
28/08/2012,20000,92000000,4.7(2.17 %),20000,92000000,0,0,89259,48.04
29/08/2012,0,0,4.8(2.13 %),0,0,0,0,89259,48.04
30/08/2012,23000,110400000,4.8(0.00 %),23000,110400000,0,0,66259,48.29
31/08/2012,0,0,4.9(2.08 %),0,0,0,0,66259,48.29
04/09/2012,0,0,5(2.04 %),0,0,0,0,79944,48.19
05/09/2012,0,0,4.8(-4.00 %),0,0,0,0,79944,48.19
06/09/2012,0,0,4.7(-2.08 %),0,0,0,0,79944,48.19
07/09/2012,0,0,4.7(0.00 %),0,0,0,0,79944,48.19
10/09/2012,0,0,4.7(0.00 %),0,0,0,0,79944,48.19
11/09/2012,0,0,4.8(2.13 %),0,0,0,0,79944,48.19
12/09/2012,0,0,4.8(0.00 %),0,0,0,0,79944,48.19
13/09/2012,0,0,4.8(0.00 %),0,0,0,0,79944,48.19
14/09/2012,0,0,4.9(2.08 %),0,0,0,0,79944,48.19
17/09/2012,0,0,4.9(0.00 %),0,0,0,0,74944,48.24
18/09/2012,0,0,4.9(0.00 %),0,0,0,0,74944,48.24
19/09/2012,0,0,4.7(-4.08 %),0,0,0,0,74944,48.24
20/09/2012,0,0,4.6(-2.13 %),0,0,0,0,74944,48.24
21/09/2012,0,0,4.7(2.17 %),0,0,0,0,74944,48.24
24/09/2012,0,0,4.7(0.00 %),0,0,0,0,74944,48.24
25/09/2012,0,0,4.6(-2.13 %),0,0,0,0,74944,48.24
26/09/2012,0,0,4.6(0.00 %),0,0,0,0,74944,48.24
27/09/2012,0,0,4.6(0.00 %),0,0,0,0,74944,48.24
28/09/2012,0,0,4.6(0.00 %),0,0,0,0,74944,48.24
01/10/2012,500,2200000,4.4(-4.35 %),500,2200000,0,0,74444,48.25
02/10/2012,0,0,4.5(2.27 %),0,0,0,0,74444,48.25
03/10/2012,0,0,4.5(0.00 %),0,0,0,0,74444,48.25
04/10/2012,0,0,4.5(0.00 %),0,0,0,0,74444,48.25
05/10/2012,2650,11660000,4.4(-2.22 %),2650,11660000,0,0,71794,48.27
08/10/2012,2480,10912000,4.4(0.00 %),2480,10912000,0,0,69314,48.3
09/10/2012,6510,28644000,4.5(2.27 %),6510,28644000,0,0,62804,48.36
10/10/2012,0,0,4.5(0.00 %),0,0,0,0,62804,48.36
11/10/2012,0,0,4.6(2.22 %),0,0,0,0,62804,48.36
12/10/2012,0,0,4.6(0.00 %),0,0,0,0,62804,48.36
15/10/2012,0,0,4.6(0.00 %),0,0,0,0,62804,48.36
16/10/2012,0,0,4.7(2.17 %),0,0,0,0,62804,48.36
17/10/2012,0,0,4.7(0.00 %),0,0,0,0,62804,48.36
18/10/2012,0,0,4.6(-2.13 %),0,0,0,0,62804,48.36
19/10/2012,3000,13200000,4.4(-4.35 %),3000,13200000,0,0,59804,48.39
22/10/2012,9210,40524000,4.6(4.55 %),9210,40524000,0,0,50594,48.49
23/10/2012,0,0,4.5(-2.17 %),0,0,0,0,50594,48.49
24/10/2012,0,0,4.5(0.00 %),0,0,0,0,50594,48.49
25/10/2012,12340,54296000,4.5(0.00 %),12340,54296000,0,0,38254,48.61
26/10/2012,0,0,4.5(0.00 %),0,0,0,0,38254,10.57
29/10/2012,0,0,4.5(0.00 %),0,0,0,0,38254,48.61
30/10/2012,300,1320000,4.5(0.00 %),300,1320000,0,0,37954,48.62
31/10/2012,0,0,4.5(0.00 %),0,0,0,0,37954,48.62
01/11/2012,0,0,4.4(-2.22 %),0,0,0,0,37954,48.62
02/11/2012,0,0,4.5(2.27 %),0,0,0,0,37954,48.62
05/11/2012,10110,44484000,4.5(0.00 %),10110,44484000,0,0,27844,48.72
06/11/2012,0,0,4.5(0.00 %),0,0,0,0,27844,48.72
07/11/2012,0,0,4.5(0.00 %),0,0,0,0,27844,48.72
08/11/2012,19000,83600000,4.5(0.00 %),19000,83600000,0,0,8844,48.91
09/11/2012,8840,38896000,4.5(0.00 %),8840,38896000,0,0,4,49.0
12/11/2012,0,0,4.5(0.00 %),0,0,0,0,4,49.0
13/11/2012,0,0,4.5(0.00 %),0,0,0,0,4,49.0
14/11/2012,0,0,4.5(0.00 %),0,0,0,0,4,49.0
15/11/2012,0,0,4.5(0.00 %),0,0,0,0,4,49.0
16/11/2012,-1000,-4315000,4.4(-2.22 %),0,0,1000,4315000,1004,48.99
19/11/2012,-160,-688000,4.4(0.00 %),0,0,160,688000,1164,48.99
20/11/2012,0,0,4.4(0.00 %),0,0,0,0,1164,48.99
21/11/2012,0,0,4.4(0.00 %),0,0,0,0,1164,48.99
22/11/2012,100,440000,4.5(2.27 %),100,440000,0,0,1064,48.99
23/11/2012,0,0,4.5(0.00 %),0,0,0,0,1064,48.99
26/11/2012,0,0,4.5(0.00 %),0,0,0,0,1064,48.99
27/11/2012,0,0,4.5(0.00 %),0,0,0,0,1064,48.99
28/11/2012,0,0,4.5(0.00 %),0,0,0,0,1064,48.99
29/11/2012,0,0,4.5(0.00 %),0,0,0,0,1064,48.99
30/11/2012,0,0,4.5(0.00 %),0,0,0,0,1064,48.99
03/12/2012,0,0,4.3(-4.44 %),0,0,0,0,1064,48.99
04/12/2012,1060,4558000,4.3(0.00 %),1060,4558000,0,0,4,49.0
05/12/2012,0,0,4.4(2.33 %),0,0,0,0,4,49.0
06/12/2012,0,0,4.4(0.00 %),0,0,0,0,4,49.0
07/12/2012,0,0,4.6(4.55 %),0,0,0,0,4,49.0
10/12/2012,0,0,4.5(-2.17 %),0,0,0,0,4,49.0
11/12/2012,0,0,4.5(0.00 %),0,0,0,0,4,49.0
12/12/2012,0,0,4.5(0.00 %),0,0,0,0,4,49.0
13/12/2012,0,0,4.3(-4.44 %),0,0,0,0,4,49.0
14/12/2012,0,0,4.4(2.33 %),0,0,0,0,4,49.0
17/12/2012,0,0,4.5(2.27 %),0,0,0,0,4,49.0
18/12/2012,0,0,4.5(0.00 %),0,0,0,0,4,49.0
19/12/2012,0,0,4.6(2.22 %),0,0,0,0,4,49.0
20/12/2012,0,0,4.4(-4.35 %),0,0,0,0,4,49.0
21/12/2012,0,0,4.3(-2.27 %),0,0,0,0,4,49.0
24/12/2012,0,0,4.4(2.33 %),0,0,0,0,4,49.0
25/12/2012,0,0,4.4(0.00 %),0,0,0,0,4,49.0
26/12/2012,0,0,4.4(0.00 %),0,0,0,0,4,49.0
27/12/2012,0,0,4.4(0.00 %),0,0,0,0,4,49.0
28/12/2012,0,0,4.4(0.00 %),0,0,0,0,4,49.0
02/01/2013,0,0,4.4(0.00 %),0,0,0,0,4,49.0
03/01/2013,0,0,4.5(2.27 %),0,0,0,0,4,49.0
04/01/2013,0,0,4.5(0.00 %),0,0,0,0,4,49.0
07/01/2013,0,0,4.5(0.00 %),0,0,0,0,4,49.0
08/01/2013,0,0,4.6(2.22 %),0,0,0,0,4,49.0
09/01/2013,0,0,4.6(0.00 %),0,0,0,0,4,49.0
10/01/2013,0,0,4.5(-2.17 %),0,0,0,0,4,49.0
11/01/2013,0,0,4.5(0.00 %),0,0,0,0,4,49.0
14/01/2013,0,0,4.5(0.00 %),0,0,0,0,4,49.0
15/01/2013,0,0,4.5(0.00 %),0,0,0,0,4,49.0
16/01/2013,-21200,-91188000,4.5(0.00 %),0,0,21200,91188000,21204,48.79
17/01/2013,0,0,4.4(-2.22 %),0,0,0,0,21204,48.79
18/01/2013,0,0,4.3(-2.27 %),0,0,0,0,21204,48.79
21/01/2013,0,0,4.1(-4.65 %),0,0,0,0,21204,48.79
22/01/2013,11000,46758000,4.3(4.88 %),11000,46758000,0,0,10204,48.9
23/01/2013,10000,40000000,4.2(-2.33 %),10000,40000000,0,0,204,49.0
24/01/2013,0,0,4.2(0.00 %),0,0,0,0,204,49.0
25/01/2013,0,0,4.2(0.00 %),0,0,0,0,204,49.0
28/01/2013,0,0,4.3(2.38 %),0,0,0,0,204,49.0
29/01/2013,200,840000,4.2(-2.33 %),200,840000,0,0,4,49.0
30/01/2013,0,0,4.3(2.38 %),0,0,0,0,4,49.0
31/01/2013,0,0,4.3(0.00 %),0,0,0,0,4,49.0
01/02/2013,0,0,4.3(0.00 %),0,0,0,0,4,49.0
04/02/2013,-2000,-8600000,4.2(-2.33 %),0,0,2000,8600000,2004,48.98
05/02/2013,0,0,4.4(4.76 %),0,0,0,0,2004,48.98
06/02/2013,0,0,4.4(0.00 %),0,0,0,0,2004,48.98
07/02/2013,0,0,4.3(-2.27 %),0,0,0,0,2004,48.98
08/02/2013,2000,9000000,4.5(4.65 %),2000,9000000,0,0,4,49.0
18/02/2013,0,0,4.6(2.22 %),0,0,0,0,4,49.0
19/02/2013,0,0,4.6(0.00 %),0,0,0,0,4,49.0
20/02/2013,0,0,4.5(-2.17 %),0,0,0,0,4,49.0
21/02/2013,0,0,4.6(2.22 %),0,0,0,0,4,49.0
22/02/2013,0,0,4.5(-2.17 %),0,0,0,0,4,49.0
25/02/2013,0,0,4.5(0.00 %),0,0,0,0,4,49.0
26/02/2013,0,0,4.4(-2.22 %),0,0,0,0,4,49.0
27/02/2013,-200,-840000,4.4(0.00 %),0,0,200,840000,204,49.0
28/02/2013,0,0,4.4(0.00 %),0,0,0,0,204,49.0
01/03/2013,0,0,4.3(-2.27 %),0,0,0,0,4,49.0
04/03/2013,-13130,-54490000,4.3(0.00 %),0,0,13130,54490000,13134,48.87
05/03/2013,200,830000,4.2(-2.33 %),200,830000,0,0,12934,48.87
06/03/2013,0,0,4.1(-2.38 %),0,0,0,0,12934,48.87
07/03/2013,0,0,4(-2.44 %),0,0,0,0,12934,48.87
08/03/2013,13130,55146000,4.2(5.00 %),13130,55146000,0,0,0,49.0
11/03/2013,-21000,-86100000,4.1(-2.38 %),0,0,21000,86100000,4,49.0
12/03/2013,0,0,4.1(0.00 %),0,0,0,0,4,49.0
13/03/2013,0,0,4.2(2.44 %),0,0,0,0,4,49.0
14/03/2013,0,0,4.2(0.00 %),0,0,0,0,4,49.0
15/03/2013,20400,88342000,4.4(4.76 %),20400,88342000,0,0,0,49.21
18/03/2013,500,2200000,4.4(0.00 %),500,2200000,0,0,104,49.0
19/03/2013,100,440000,4.3(-2.27 %),100,440000,0,0,4,49.0
20/03/2013,0,0,4.3(0.00 %),0,0,0,0,4,49.0
21/03/2013,0,0,4.1(-4.65 %),0,0,0,0,4,49.0
22/03/2013,0,0,4.3(4.88 %),0,0,0,0,4,49.0
25/03/2013,0,0,4.3(0.00 %),0,0,0,0,4,49.0
26/03/2013,0,0,4.3(0.00 %),0,0,0,0,4,49.0
27/03/2013,0,0,4.3(0.00 %),0,0,0,0,4,49.0
28/03/2013,0,0,4.3(0.00 %),0,0,0,0,4,49.0
29/03/2013,0,0,4.3(0.00 %),0,0,0,0,4,49.0
01/04/2013,0,0,4.6(6.98 %),0,0,0,0,4,49.0
02/04/2013,0,0,4.4(-4.35 %),0,0,0,0,4,49.0
03/04/2013,0,0,4.3(-2.27 %),0,0,0,0,4,49.0
04/04/2013,-3740,-15807000,4.2(-2.33 %),0,0,3740,15807000,3744,48.96
05/04/2013,0,0,4.2(0.00 %),0,0,0,0,3744,48.96
08/04/2013,0,0,4.3(2.38 %),0,0,0,0,3744,48.96
09/04/2013,0,0,4.3(0.00 %),0,0,0,0,3744,48.96
10/04/2013,0,0,4.3(0.00 %),0,0,0,0,3744,48.96
11/04/2013,600,2520000,4.2(-2.33 %),600,2520000,0,0,3144,48.97
12/04/2013,500,2150000,4.3(2.38 %),500,2150000,0,0,2644,48.97
15/04/2013,2640,11343000,4.3(0.00 %),2640,11343000,0,0,4,49.0
16/04/2013,0,0,4.3(0.00 %),0,0,0,0,4,49.0
17/04/2013,0,0,4.2(-2.33 %),0,0,0,0,4,49.0
18/04/2013,0,0,4.2(0.00 %),0,0,0,0,4,49.0
22/04/2013,0,0,4.1(-2.38 %),0,0,0,0,4,49.0
23/04/2013,0,0,3.9(-4.88 %),0,0,0,0,4,49.0
24/04/2013,0,0,3.7(-5.13 %),0,0,0,0,4,49.0
25/04/2013,0,0,3.6(-2.70 %),0,0,0,0,4,49.0
26/04/2013,0,0,3.4(-5.56 %),0,0,0,0,4,49.0
02/05/2013,0,0,3.6(5.88 %),0,0,0,0,4,49.0
03/05/2013,0,0,3.8(5.56 %),0,0,0,0,4,49.0
06/05/2013,0,0,3.9(2.63 %),0,0,0,0,4,49.0
07/05/2013,0,0,3.9(0.00 %),0,0,0,0,4,49.0
08/05/2013,-2600,-9620000,3.9(0.00 %),0,0,2600,9620000,2604,48.97
09/05/2013,0,0,4(2.56 %),0,0,0,0,2604,48.97
10/05/2013,0,0,3.9(-2.50 %),0,0,0,0,2604,48.97
13/05/2013,0,0,3.9(0.00 %),0,0,0,0,2604,48.97
14/05/2013,0,0,3.8(-2.56 %),0,0,0,0,2604,48.97
15/05/2013,2600,10030000,3.8(0.00 %),2600,10030000,0,0,4,49.0
16/05/2013,0,0,3.8(0.00 %),0,0,0,0,4,49.0
17/05/2013,0,0,3.8(0.00 %),0,0,0,0,4,49.0
20/05/2013,0,0,3.8(0.00 %),0,0,0,0,4,49.0
21/05/2013,10,38000,3.8(0.00 %),10,38000,0,0,0,49.0
22/05/2013,0,0,3.8(0.00 %),0,0,0,0,0,49.0
23/05/2013,0,0,3.8(0.00 %),0,0,0,0,0,49.0
24/05/2013,0,0,3.6(-5.26 %),0,0,0,0,0,49.0
27/05/2013,0,0,3.7(2.78 %),0,0,0,0,0,49.0
28/05/2013,0,0,3.7(0.00 %),0,0,0,0,0,49.0
29/05/2013,0,0,3.7(0.00 %),0,0,0,0,0,49.0
30/05/2013,0,0,3.7(0.00 %),0,0,0,0,0,49.0
31/05/2013,0,0,3.7(0.00 %),0,0,0,0,0,49.0
03/06/2013,0,0,3.6(-2.70 %),0,0,0,0,0,49.0
04/06/2013,0,0,3.7(2.78 %),0,0,0,0,0,49.0
05/06/2013,0,0,3.6(-2.70 %),0,0,0,0,0,49.0
06/06/2013,0,0,3.8(5.56 %),0,0,0,0,0,49.0
07/06/2013,0,0,3.8(0.00 %),0,0,0,0,0,49.0
10/06/2013,0,0,3.8(0.00 %),0,0,0,0,0,49.0
11/06/2013,0,0,3.8(0.00 %),0,0,0,0,0,49.0
12/06/2013,0,0,4(5.26 %),0,0,0,0,0,49.0
13/06/2013,0,0,3.9(-2.50 %),0,0,0,0,0,49.0
14/06/2013,0,0,4.1(5.13 %),0,0,0,0,0,49.0
17/06/2013,0,0,4(-2.44 %),0,0,0,0,0,49.0
18/06/2013,-270,-1026000,4(0.00 %),0,0,270,1026000,0,49.0
19/06/2013,0,0,4(0.00 %),0,0,0,0,0,49.0
20/06/2013,0,0,3.9(-2.50 %),0,0,0,0,0,49.0
21/06/2013,0,0,4(2.56 %),0,0,0,0,0,49.0
24/06/2013,0,0,3.4(-5.56 %),0,0,0,0,270,49.0
25/06/2013,0,0,3.6(5.88 %),0,0,0,0,270,49.0
26/06/2013,0,0,3.6(0.00 %),0,0,0,0,270,49.0
27/06/2013,0,0,3.5(-2.78 %),0,0,0,0,270,49.0
28/06/2013,0,0,3.6(2.86 %),0,0,0,0,270,49.0
01/07/2013,0,0,3.5(-2.78 %),0,0,0,0,270,49.0
02/07/2013,100,350000,3.5(0.00 %),100,350000,0,0,170,49.0
03/07/2013,0,0,3.5(0.00 %),0,0,0,0,170,49.0
04/07/2013,0,0,3.5(0.00 %),0,0,0,0,170,49.0
05/07/2013,0,0,3.5(0.00 %),0,0,0,0,170,49.0
08/07/2013,0,0,3.4(-2.86 %),0,0,0,0,170,49.0
09/07/2013,0,0,3.4(0.00 %),0,0,0,0,170,49.0
10/07/2013,170,595000,3.6(5.88 %),170,595000,0,0,0,49.0
11/07/2013,0,0,3.4(-5.56 %),0,0,0,0,0,49.0
12/07/2013,-4300,-13760000,3.5(2.94 %),0,0,4300,13760000,0,49.0
15/07/2013,0,0,3.5(0.00 %),0,0,0,0,0,49.0
16/07/2013,0,0,3.5(0.00 %),0,0,0,0,0,49.0
17/07/2013,0,0,3.3(-5.71 %),0,0,0,0,0,49.0
18/07/2013,0,0,3.5(6.06 %),0,0,0,0,4300,48.96
19/07/2013,0,0,3.5(0.00 %),0,0,0,0,4300,48.96
22/07/2013,3000,9900000,3.5(0.00 %),4000,13200000,1000,3300000,1300,48.99
23/07/2013,0,0,3.3(-5.71 %),0,0,0,0,1300,48.99
24/07/2013,0,0,3.1(-6.06 %),0,0,0,0,1300,48.99
25/07/2013,0,0,3.1(0.00 %),0,0,0,0,1300,48.99
26/07/2013,0,0,3(-3.23 %),0,0,0,0,1300,48.99
29/07/2013,0,0,3.2(6.67 %),0,0,0,0,1300,48.99
30/07/2013,1300,3900000,3.1(-3.12 %),1300,3900000,0,0,0,49.0
31/07/2013,0,0,3.1(0.00 %),0,0,0,0,0,49.0
01/08/2013,0,0,3.1(0.00 %),0,0,0,0,0,49.0
02/08/2013,0,0,3.1(0.00 %),0,0,0,0,0,49.0
05/08/2013,0,0,3(-3.23 %),0,0,0,0,0,49.0
06/08/2013,0,0,3.1(3.33 %),0,0,0,0,0,49.0
07/08/2013,0,0,3.1(0.00 %),0,0,0,0,0,49.0
08/08/2013,0,0,3.1(0.00 %),0,0,0,0,0,49.0
09/08/2013,0,0,3.1(0.00 %),0,0,0,0,0,49.0
12/08/2013,0,0,3.1(0.00 %),0,0,0,0,0,49.0
13/08/2013,0,0,3(-3.23 %),0,0,0,0,0,49.0
14/08/2013,0,0,3(0.00 %),0,0,0,0,0,49.0
15/08/2013,0,0,3.1(3.33 %),0,0,0,0,0,49.0
16/08/2013,0,0,3.1(0.00 %),0,0,0,0,0,49.0
19/08/2013,0,0,3.2(3.23 %),0,0,0,0,0,49.0
20/08/2013,0,0,3.1(-3.12 %),0,0,0,0,0,49.0
21/08/2013,0,0,3.3(6.45 %),0,0,0,0,0,49.0
22/08/2013,0,0,3.3(0.00 %),0,0,0,0,0,49.0
23/08/2013,0,0,3.3(0.00 %),0,0,0,0,0,49.0
26/08/2013,0,0,3.3(0.00 %),0,0,0,0,0,49.0
27/08/2013,0,0,3.3(0.00 %),0,0,0,0,0,49.0
28/08/2013,0,0,3.3(0.00 %),0,0,0,0,0,49.0
29/08/2013,0,0,3.2(-3.03 %),0,0,0,0,0,49.0
30/08/2013,0,0,3.3(3.12 %),0,0,0,0,0,49.0
03/09/2013,0,0,3.3(0.00 %),0,0,0,0,0,49.0
04/09/2013,0,0,3.2(-3.03 %),0,0,0,0,0,49.0
05/09/2013,0,0,3.4(6.25 %),0,0,0,0,0,49.0
06/09/2013,0,0,3.4(0.00 %),0,0,0,0,0,49.0
09/09/2013,0,0,3.4(0.00 %),0,0,0,0,0,49.0
10/09/2013,0,0,3.3(-2.94 %),0,0,0,0,0,49.0
11/09/2013,0,0,3.4(3.03 %),0,0,0,0,0,49.0
12/09/2013,0,0,3.3(-2.94 %),0,0,0,0,0,49.0
13/09/2013,0,0,3.4(3.03 %),0,0,0,0,0,49.0
16/09/2013,0,0,3.6(5.88 %),0,0,0,0,0,49.0
17/09/2013,0,0,3.7(2.78 %),0,0,0,0,0,49.0
18/09/2013,0,0,3.7(0.00 %),0,0,0,0,0,49.0
19/09/2013,0,0,3.7(0.00 %),0,0,0,0,0,49.0
20/09/2013,0,0,3.7(0.00 %),0,0,0,0,0,49.0
23/09/2013,0,0,3.8(2.70 %),0,0,0,0,0,49.0
24/09/2013,0,0,3.6(-5.26 %),0,0,0,0,0,49.0
25/09/2013,0,0,3.4(-5.56 %),0,0,0,0,0,49.0
26/09/2013,0,0,3.6(5.88 %),0,0,0,0,0,49.0
27/09/2013,0,0,3.4(-5.56 %),0,0,0,0,0,49.0
30/09/2013,-1000,-3200000,3.2(-5.88 %),0,0,1000,3200000,0,49.0
01/10/2013,-2880,-8928000,3.1(-3.12 %),0,0,2880,8928000,0,49.0
02/10/2013,-1130,-3503000,3.1(0.00 %),0,0,1130,3503000,0,49.0
03/10/2013,0,0,3.2(3.23 %),0,0,0,0,0,49.0
04/10/2013,1000,3380000,3.2(0.00 %),1000,3380000,0,0,0,49.0
07/10/2013,0,0,3.4(6.25 %),0,0,0,0,2880,48.97
08/10/2013,3990,13965000,3.4(0.00 %),3990,13965000,0,0,0,50.48
09/10/2013,0,0,3.6(5.88 %),0,0,0,0,5,50.47
10/10/2013,0,0,3.7(2.78 %),0,0,0,0,5,50.47
11/10/2013,0,0,3.6(-2.70 %),0,0,0,0,5,50.47
14/10/2013,0,0,3.7(2.78 %),0,0,0,0,5,50.47
15/10/2013,0,0,3.6(-2.70 %),0,0,0,0,5,50.47
16/10/2013,0,0,3.7(2.78 %),0,0,0,0,5,50.47
17/10/2013,0,0,3.5(-5.41 %),0,0,0,0,5,50.47
18/10/2013,0,0,3.4(-2.86 %),0,0,0,0,5,50.47
21/10/2013,0,0,3.5(2.94 %),0,0,0,0,5,49.0
22/10/2013,0,0,3.6(2.86 %),0,0,0,0,5,49.0
23/10/2013,0,0,3.5(-2.78 %),0,0,0,0,5,49.0
24/10/2013,-120,-420000,3.5(0.00 %),0,0,120,420000,125,49.0
25/10/2013,0,0,3.5(0.00 %),0,0,0,0,125,49.0
28/10/2013,0,0,3.4(-2.86 %),0,0,0,0,125,49.0
29/10/2013,0,0,3.5(2.94 %),0,0,0,0,125,49.0
30/10/2013,20,70000,3.4(-2.86 %),20,70000,0,0,105,49.0
31/10/2013,0,0,3.5(2.94 %),0,0,0,0,105,49.0
01/11/2013,0,0,3.7(5.71 %),0,0,0,0,105,49.0
04/11/2013,0,0,3.7(0.00 %),0,0,0,0,105,49.0
05/11/2013,0,0,3.7(0.00 %),0,0,0,0,105,49.0
06/11/2013,0,0,3.7(0.00 %),0,0,0,0,105,49.0
07/11/2013,0,0,3.5(-5.41 %),0,0,0,0,105,49.0
08/11/2013,0,0,3.7(5.71 %),0,0,0,0,105,49.0
11/11/2013,0,0,3.6(-2.70 %),0,0,0,0,105,49.0
12/11/2013,0,0,3.7(2.78 %),0,0,0,0,105,49.0
13/11/2013,-30,-108000,3.7(0.00 %),0,0,30,108000,135,49.0
14/11/2013,0,0,3.7(0.00 %),0,0,0,0,135,49.0
15/11/2013,0,0,3.7(0.00 %),0,0,0,0,135,49.0
18/11/2013,0,0,3.6(-2.70 %),0,0,0,0,135,49.0
19/11/2013,70,247000,3.7(2.78 %),70,247000,0,0,65,49.0
20/11/2013,-2010,-7639000,3.7(0.00 %),0,0,2010,7639000,2075,48.98
21/11/2013,60,228000,3.8(2.70 %),60,228000,0,0,2015,48.98
22/11/2013,0,0,3.7(-2.63 %),0,0,0,0,2015,48.98
25/11/2013,0,0,3.7(0.00 %),0,0,0,0,2015,48.98
26/11/2013,30,111000,3.7(0.00 %),30,111000,0,0,1985,48.98
27/11/2013,1980,7524000,3.9(5.41 %),1980,7524000,0,0,5,49.0
28/11/2013,0,0,3.9(0.00 %),0,0,0,0,5,49.0
29/11/2013,0,0,3.9(0.00 %),0,0,0,0,5,49.0
02/12/2013,0,0,3.8(-2.56 %),0,0,0,0,5,49.0
03/12/2013,0,0,3.9(2.63 %),0,0,0,0,5,49.0
04/12/2013,0,0,3.8(-2.56 %),0,0,0,0,5,49.0
05/12/2013,0,0,3.8(0.00 %),0,0,0,0,5,49.0
06/12/2013,0,0,3.9(2.63 %),0,0,0,0,5,49.0
09/12/2013,-10,-39000,3.9(0.00 %),0,0,10,39000,15,49.0
10/12/2013,0,0,3.8(-2.56 %),0,0,0,0,15,49.0
11/12/2013,-130,-481000,3.9(2.63 %),0,0,130,481000,145,49.0
12/12/2013,0,0,3.9(0.00 %),0,0,0,0,145,49.0
13/12/2013,0,0,3.9(0.00 %),0,0,0,0,145,49.0
16/12/2013,0,0,3.9(0.00 %),0,0,0,0,145,49.0
17/12/2013,0,0,3.9(0.00 %),0,0,0,0,145,49.0
18/12/2013,0,0,3.9(0.00 %),0,0,0,0,145,49.0
19/12/2013,0,0,4(2.56 %),0,0,0,0,145,49.0
20/12/2013,0,0,3.9(-2.50 %),0,0,0,0,145,49.0
23/12/2013,0,0,3.9(0.00 %),0,0,0,0,145,49.0
24/12/2013,0,0,4(2.56 %),0,0,0,0,145,49.0
25/12/2013,0,0,3.9(-2.50 %),0,0,0,0,145,49.0
26/12/2013,0,0,4(2.56 %),0,0,0,0,145,49.0
27/12/2013,0,0,4(0.00 %),0,0,0,0,145,49.0
30/12/2013,0,0,4(0.00 %),0,0,0,0,145,49.0
31/12/2013,0,0,3.9(-2.50 %),0,0,0,0,145,49.0
02/01/2014,0,0,4(2.56 %),0,0,0,0,145,49.0
03/01/2014,0,0,4(0.00 %),0,0,0,0,145,49.0
06/01/2014,0,0,4.1(2.50 %),0,0,0,0,145,49.0
07/01/2014,0,0,4(-2.44 %),0,0,0,0,145,49.0
08/01/2014,0,0,4.2(5.00 %),0,0,0,0,145,49.0
09/01/2014,0,0,4(-4.76 %),0,0,0,0,145,49.0
10/01/2014,0,0,4.2(5.00 %),0,0,0,0,145,49.0
13/01/2014,0,0,4.2(0.00 %),0,0,0,0,145,49.0
14/01/2014,0,0,4.1(-2.38 %),0,0,0,0,145,49.0
15/01/2014,0,0,4.2(2.44 %),0,0,0,0,145,49.0
16/01/2014,-350,-1435000,4.4(4.76 %),0,0,350,1435000,495,49.0
17/01/2014,0,0,4.4(0.00 %),0,0,0,0,495,49.0
20/01/2014,0,0,4.4(0.00 %),0,0,0,0,495,49.0
21/01/2014,0,0,4.4(0.00 %),0,0,0,0,495,49.0
22/01/2014,0,0,4.5(2.27 %),0,0,0,0,495,49.0
23/01/2014,0,0,4.5(0.00 %),0,0,0,0,495,49.0
24/01/2014,40,180000,4.4(-2.22 %),40,180000,0,0,455,49.0
27/01/2014,0,0,4.5(2.27 %),0,0,0,0,455,49.0
06/02/2014,450,2070000,4.7(4.44 %),450,2070000,0,0,5,49.0
07/02/2014,0,0,4.7(0.00 %),0,0,0,0,5,49.0
10/02/2014,0,0,5(6.38 %),0,0,0,0,5,49.0
11/02/2014,0,0,5.2(4.00 %),0,0,0,0,5,49.0
12/02/2014,0,0,5.3(1.92 %),0,0,0,0,5,49.0
13/02/2014,0,0,5.2(-1.89 %),0,0,0,0,5,49.0
14/02/2014,0,0,5.2(0.00 %),0,0,0,0,5,49.0
17/02/2014,0,0,5.3(1.92 %),0,0,0,0,5,49.0
18/02/2014,0,0,5.3(0.00 %),0,0,0,0,5,49.0
19/02/2014,-5330,-27716000,5.1(-3.77 %),0,0,5330,27716000,5335,48.95
20/02/2014,0,0,5(-1.96 %),0,0,0,0,5335,48.95
21/02/2014,0,0,5.1(2.00 %),0,0,0,0,5335,48.95
24/02/2014,0,0,5.2(1.96 %),0,0,0,0,5335,48.95
25/02/2014,5280,28515000,5.3(1.92 %),5330,28782000,50,267000,55,49.0
26/02/2014,0,0,5.2(-1.89 %),0,0,0,0,55,49.0
27/02/2014,0,0,5.3(1.92 %),0,0,0,0,55,49.0
28/02/2014,0,0,5.2(-1.89 %),0,0,0,0,55,49.0
03/03/2014,50,265000,5.1(-1.92 %),50,265000,0,0,5,49.0
04/03/2014,0,0,5(-1.96 %),0,0,0,0,5,49.0
05/03/2014,-1200,-6346000,5.3(6.00 %),0,0,1200,6346000,1205,48.99
06/03/2014,0,0,5.4(1.89 %),0,0,0,0,1205,48.99
07/03/2014,-1050,-5880000,5.6(3.70 %),0,0,1050,5880000,2255,48.98
10/03/2014,0,0,5.6(0.00 %),0,0,0,0,2255,48.98
11/03/2014,0,0,5.7(1.79 %),0,0,0,0,2255,48.98
12/03/2014,0,0,5.7(0.00 %),0,0,0,0,2255,48.98
13/03/2014,0,0,5.7(0.00 %),0,0,0,0,2255,48.98
14/03/2014,0,0,5.8(1.75 %),0,0,0,0,2255,48.98
17/03/2014,0,0,6(3.45 %),0,0,0,0,2255,48.98
18/03/2014,0,0,5.8(-3.33 %),0,0,0,0,2255,48.98
19/03/2014,0,0,5.8(0.00 %),0,0,0,0,2255,48.98
20/03/2014,0,0,5.5(-5.17 %),0,0,0,0,2255,48.98
21/03/2014,0,0,5.6(1.82 %),0,0,0,0,2255,48.98
24/03/2014,2250,13227000,5.9(5.36 %),2250,13227000,0,0,5,49.0
25/03/2014,0,0,6.2(5.08 %),0,0,0,0,5,49.0
26/03/2014,0,0,6(-3.23 %),0,0,0,0,5,49.0
27/03/2014,0,0,6(0.00 %),0,0,0,0,5,49.0
28/03/2014,0,0,5.8(-3.33 %),0,0,0,0,5,49.0
31/03/2014,0,0,6(3.45 %),0,0,0,0,5,49.0
01/04/2014,0,0,6(0.00 %),0,0,0,0,5,49.0
02/04/2014,0,0,5.6(-6.67 %),0,0,0,0,5,49.0
03/04/2014,0,0,5.8(3.57 %),0,0,0,0,5,49.0
04/04/2014,0,0,5.8(0.00 %),0,0,0,0,5,49.0
07/04/2014,0,0,5.6(-3.45 %),0,0,0,0,5,49.0
08/04/2014,0,0,5.7(1.79 %),0,0,0,0,5,49.0
10/04/2014,0,0,5.6(-1.75 %),0,0,0,0,5,49.0
11/04/2014,0,0,5.5(-1.79 %),0,0,0,0,5,49.0
14/04/2014,0,0,5.4(-1.82 %),0,0,0,0,5,49.0
15/04/2014,0,0,5.3(-1.85 %),0,0,0,0,5,49.0
16/04/2014,0,0,5.2(-1.89 %),0,0,0,0,5,49.0
17/04/2014,0,0,5.5(5.77 %),0,0,0,0,5,49.0
18/04/2014,0,0,5.8(5.45 %),0,0,0,0,5,49.0
21/04/2014,0,0,5.4(-6.90 %),0,0,0,0,5,49.0
22/04/2014,0,0,5.7(5.56 %),0,0,0,0,5,49.0
23/04/2014,0,0,6(5.26 %),0,0,0,0,5,49.0
24/04/2014,0,0,6(0.00 %),0,0,0,0,5,49.0
25/04/2014,0,0,5.9(-1.67 %),0,0,0,0,5,49.0
28/04/2014,0,0,6(1.69 %),0,0,0,0,5,49.0
29/04/2014,0,0,6(0.00 %),0,0,0,0,5,49.0
05/05/2014,0,0,6(0.00 %),0,0,0,0,7,49.0
06/05/2014,0,0,5.6(-6.67 %),0,0,0,0,7,49.0
07/05/2014,0,0,5.4(-3.57 %),0,0,0,0,7,49.0
08/05/2014,0,0,5.5(1.85 %),0,0,0,0,7,49.0
09/05/2014,0,0,5.5(0.00 %),0,0,0,0,7,49.0
12/05/2014,0,0,5.5(0.00 %),0,0,0,0,7,49.0
13/05/2014,0,0,5.5(0.00 %),0,0,0,0,7,49.0
14/05/2014,0,0,5.8(5.45 %),0,0,0,0,7,49.0
15/05/2014,0,0,5.7(-1.72 %),0,0,0,0,7,49.0
16/05/2014,0,0,5.6(-1.75 %),0,0,0,0,7,49.0
19/05/2014,0,0,5.5(-1.79 %),0,0,0,0,7,49.0
20/05/2014,0,0,5.6(1.82 %),0,0,0,0,7,49.0
21/05/2014,0,0,5.5(-1.79 %),0,0,0,0,7,49.0
22/05/2014,0,0,5.5(0.00 %),0,0,0,0,7,49.0
23/05/2014,0,0,5.5(0.00 %),0,0,0,0,7,49.0
26/05/2014,0,0,5.5(0.00 %),0,0,0,0,7,49.0
27/05/2014,0,0,5.5(0.00 %),0,0,0,0,7,49.0
28/05/2014,0,0,5.5(0.00 %),0,0,0,0,7,49.0
29/05/2014,0,0,5.5(0.00 %),0,0,0,0,7,49.0
30/05/2014,0,0,5.5(0.00 %),0,0,0,0,7,49.0
02/06/2014,0,0,5.5(0.00 %),0,0,0,0,7,49.0
03/06/2014,0,0,5.5(0.00 %),0,0,0,0,7,49.0
04/06/2014,0,0,5.4(-1.82 %),0,0,0,0,7,49.0
05/06/2014,0,0,5.5(1.85 %),0,0,0,0,7,49.0
06/06/2014,0,0,5.5(0.00 %),0,0,0,0,7,49.0
09/06/2014,0,0,5.5(0.00 %),0,0,0,0,7,49.0
10/06/2014,0,0,5.5(0.00 %),0,0,0,0,7,49.0
11/06/2014,0,0,5.5(0.00 %),0,0,0,0,7,49.0
12/06/2014,0,0,5.5(0.00 %),0,0,0,0,7,49.0
13/06/2014,0,0,5.5(0.00 %),0,0,0,0,7,49.0
16/06/2014,0,0,5.5(0.00 %),0,0,0,0,7,49.0
17/06/2014,0,0,5.5(0.00 %),0,0,0,0,7,49.0
18/06/2014,0,0,5.5(0.00 %),0,0,0,0,7,49.0
19/06/2014,0,0,5.6(1.82 %),0,0,0,0,7,49.0
20/06/2014,0,0,5.6(0.00 %),0,0,0,0,7,49.0
23/06/2014,0,0,5.6(0.00 %),0,0,0,0,7,49.0
24/06/2014,0,0,5.6(0.00 %),0,0,0,0,7,49.0
25/06/2014,0,0,5.6(0.00 %),0,0,0,0,7,49.0
26/06/2014,0,0,5.5(-1.79 %),0,0,0,0,7,49.0
27/06/2014,0,0,5.6(1.82 %),0,0,0,0,7,49.0
30/06/2014,0,0,5.6(0.00 %),0,0,0,0,7,49.0
01/07/2014,0,0,5.6(0.00 %),0,0,0,0,9,49.0
02/07/2014,0,0,5.6(0.00 %),0,0,0,0,9,49.0
03/07/2014,0,0,5.5(-1.79 %),0,0,0,0,9,49.0
04/07/2014,0,0,5.7(3.64 %),0,0,0,0,9,49.0
07/07/2014,0,0,5.7(0.00 %),0,0,0,0,9,49.0
08/07/2014,0,0,5.7(0.00 %),0,0,0,0,9,49.0
09/07/2014,0,0,6(5.26 %),0,0,0,0,9,49.0
10/07/2014,0,0,5.9(-1.67 %),0,0,0,0,9,49.0
11/07/2014,0,0,5.9(0.00 %),0,0,0,0,0,0.0
14/07/2014,0,0,5.9(0.00 %),0,0,0,0,9,49.0
15/07/2014,0,0,5.8(-1.69 %),0,0,0,0,9,49.0
16/07/2014,0,0,5.8(0.00 %),0,0,0,0,0,0.0
17/07/2014,0,0,5.7(-1.72 %),0,0,0,0,9,49.0
18/07/2014,0,0,5.8(1.75 %),0,0,0,0,9,49.0
21/07/2014,0,0,5.7(-1.72 %),0,0,0,0,0,0.0
22/07/2014,0,0,5.7(0.00 %),0,0,0,0,0,0.0
23/07/2014,0,0,5.6(-1.75 %),0,0,0,0,0,0.0
24/07/2014,0,0,5.7(1.79 %),0,0,0,0,0,0.0
25/07/2014,0,0,5.7(0.00 %),0,0,0,0,0,0.0
28/07/2014,0,0,5.7(0.00 %),0,0,0,0,0,0.0
29/07/2014,0,0,5.7(0.00 %),0,0,0,0,0,0.0
30/07/2014,0,0,5.7(0.00 %),0,0,0,0,0,0.0
31/07/2014,0,0,5.7(0.00 %),0,0,0,0,0,0.0
01/08/2014,0,0,5.7(0.00 %),0,0,0,0,0,0.0
04/08/2014,0,0,5.7(0.00 %),0,0,0,0,0,0.0
05/08/2014,0,0,5.6(-1.75 %),0,0,0,0,0,0.0
06/08/2014,0,0,5.6(0.00 %),0,0,0,0,9,49.0
07/08/2014,-740,-4070000,5.5(-1.79 %),0,0,740,4070000,749,48.99
08/08/2014,0,0,5.7(3.64 %),0,0,0,0,0,0.0
11/08/2014,-3860,-20844000,5.4(-5.26 %),0,0,3860,20844000,0,0.0
12/08/2014,0,0,5.4(0.00 %),0,0,0,0,0,0.0
13/08/2014,-5010,-26554000,5.3(-1.85 %),0,0,5010,26554000,749,0.0
14/08/2014,0,0,5.5(3.77 %),0,0,0,0,749,48.99
15/08/2014,0,0,5.4(-1.82 %),0,0,0,0,4609,48.95
18/08/2014,0,0,5.2(-3.70 %),0,0,0,0,4609,0.0
19/08/2014,700,3660000,5.2(0.00 %),700,3660000,0,0,8919,0.0
20/08/2014,0,0,5.2(0.00 %),0,0,0,0,8919,0.0
21/08/2014,0,0,5.2(0.00 %),0,0,0,0,8919,0.0
22/08/2014,0,0,5.2(0.00 %),0,0,0,0,8919,48.91
25/08/2014,3500,18390000,5.3(1.92 %),3500,18390000,0,0,8919,48.91
26/08/2014,2000,10500000,5.1(-3.77 %),2000,10500000,0,0,5419,48.95
27/08/2014,1200,6086000,5(-1.96 %),1200,6086000,0,0,3419,48.97
28/08/2014,-20,-104000,5.2(4.00 %),0,0,20,104000,2219,48.98
29/08/2014,-580,-3016000,5.4(3.85 %),0,0,580,3016000,2219,0.0
03/09/2014,0,0,5.4(0.00 %),0,0,0,0,2219,48.98
04/09/2014,0,0,5.6(3.70 %),0,0,0,0,2219,0.0
05/09/2014,0,0,5.6(0.00 %),0,0,0,0,2239,0.0
08/09/2014,0,0,5.5(-1.79 %),0,0,0,0,2819,48.97
09/09/2014,-43640,-228812000,5.2(-5.45 %),0,0,43640,228812000,2819,48.97
10/09/2014,0,0,5.2(0.00 %),0,0,0,0,2819,0.0
11/09/2014,-32650,-161647000,4.9(-5.77 %),2810,14612000,35460,176259000,0,0.0
12/09/2014,-112000,-516933000,4.6(-6.12 %),0,0,112000,516933000,0,0.0
15/09/2014,0,0,4.9(6.52 %),0,0,0,0,43649,48.57
16/09/2014,-72270,-333048000,5.1(4.08 %),0,0,72270,333048000,43649,0.0
17/09/2014,0,0,4.8(-5.88 %),0,0,0,0,79109,0.0
18/09/2014,0,0,4.6(-4.17 %),0,0,0,0,191109,0.0
19/09/2014,0,0,4.8(4.35 %),0,0,0,0,191109,0.0
22/09/2014,-1090,-5123000,4.8(0.00 %),0,0,1090,5123000,263379,0.0
23/09/2014,0,0,4.9(2.08 %),0,0,0,0,263379,0.0
24/09/2014,0,0,4.9(0.00 %),0,0,0,0,263379,46.41
25/09/2014,0,0,4.9(0.00 %),0,0,0,0,263379,46.41
26/09/2014,0,0,4.8(-2.04 %),0,0,0,0,263379,46.41
29/09/2014,0,0,4.9(2.08 %),0,0,0,0,264469,0.0
30/09/2014,0,0,4.9(0.00 %),0,0,0,0,264469,0.0
01/10/2014,0,0,4.9(0.00 %),0,0,0,0,264469,0.0
02/10/2014,0,0,4.8(-2.04 %),0,0,0,0,264469,0.0
03/10/2014,0,0,4.9(2.08 %),0,0,0,0,264469,0.0
06/10/2014,0,0,5(2.04 %),0,0,0,0,264469,0.0
07/10/2014,0,0,5(0.00 %),0,0,0,0,264469,0.0
08/10/2014,0,0,5(0.00 %),0,0,0,0,264469,0.0
09/10/2014,0,0,5.1(2.00 %),0,0,0,0,264470,0.0
10/10/2014,0,0,5.1(0.00 %),0,0,0,0,264470,0.0
13/10/2014,0,0,5(-1.96 %),0,0,0,0,264470,46.4
14/10/2014,0,0,5(0.00 %),0,0,0,0,264470,46.4
15/10/2014,0,0,5(0.00 %),0,0,0,0,264470,46.4
16/10/2014,0,0,5(0.00 %),0,0,0,0,264470,46.4
17/10/2014,0,0,5(0.00 %),0,0,0,0,264470,46.4
20/10/2014,0,0,5(0.00 %),0,0,0,0,264470,46.4
21/10/2014,0,0,4.7(-6.00 %),0,0,0,0,264470,46.4
22/10/2014,0,0,5(6.38 %),0,0,0,0,264470,46.4
23/10/2014,0,0,5(0.00 %),0,0,0,0,264470,46.4
24/10/2014,0,0,5(0.00 %),0,0,0,0,264470,46.4
27/10/2014,0,0,5.1(2.00 %),0,0,0,0,264470,46.4
29/10/2014,0,0,5(0.00 %),0,0,0,0,264470,46.4
30/10/2014,0,0,5.2(4.00 %),0,0,0,0,264470,46.4
31/10/2014,0,0,5(-3.85 %),0,0,0,0,264470,46.4
03/11/2014,0,0,5.1(2.00 %),0,0,0,0,264470,46.4
04/11/2014,0,0,5(-1.96 %),0,0,0,0,264470,46.4
05/11/2014,0,0,4.9(-2.00 %),0,0,0,0,264470,46.4
06/11/2014,0,0,5.1(4.08 %),0,0,0,0,264470,46.4
07/11/2014,0,0,5.2(1.96 %),0,0,0,0,264470,46.4
10/11/2014,-130,-676000,5.3(1.92 %),0,0,130,676000,264600,46.4
11/11/2014,0,0,5.2(-1.89 %),0,0,0,0,264600,46.4
12/11/2014,0,0,5.3(1.92 %),0,0,0,0,264600,46.4
13/11/2014,0,0,5.4(1.89 %),0,0,0,0,264600,46.4
14/11/2014,0,0,5.4(0.00 %),0,0,0,0,264600,46.4
17/11/2014,0,0,5.4(0.00 %),0,0,0,0,264600,46.4
18/11/2014,0,0,5.4(0.00 %),0,0,0,0,264600,46.4
19/11/2014,0,0,5.4(0.00 %),0,0,0,0,264600,46.4
20/11/2014,0,0,5.3(-1.85 %),0,0,0,0,264600,0.0
21/11/2014,0,0,5.4(1.89 %),0,0,0,0,264600,0.0
24/11/2014,0,0,5.7(5.56 %),0,0,0,0,264600,0.0
25/11/2014,0,0,5.6(-1.75 %),0,0,0,0,264600,0.0
26/11/2014,0,0,5.6(0.00 %),0,0,0,0,264600,0.0
27/11/2014,0,0,5.6(0.00 %),0,0,0,0,264600,0.0
28/11/2014,0,0,5.6(0.00 %),0,0,0,0,264600,0.0
01/12/2014,0,0,5.6(0.00 %),0,0,0,0,264600,0.0
02/12/2014,0,0,5.6(0.00 %),0,0,0,0,264600,0.0
03/12/2014,0,0,5.5(-1.79 %),0,0,0,0,264600,0.0
04/12/2014,0,0,5.5(0.00 %),0,0,0,0,264600,0.0
05/12/2014,0,0,5.5(0.00 %),0,0,0,0,264600,0.0
08/12/2014,0,0,5.5(0.00 %),0,0,0,0,264600,0.0
09/12/2014,0,0,5.5(0.00 %),0,0,0,0,264600,0.0
10/12/2014,0,0,5.5(0.00 %),0,0,0,0,264600,0.0
11/12/2014,-80,-440000,5.5(0.00 %),0,0,80,440000,264600,0.0
12/12/2014,0,0,5.5(0.00 %),0,0,0,0,264600,46.4
15/12/2014,0,0,5.6(1.82 %),0,0,0,0,264600,0.0
16/12/2014,0,0,5.6(0.00 %),0,0,0,0,264600,0.0
17/12/2014,0,0,5.6(0.00 %),0,0,0,0,264680,0.0
18/12/2014,0,0,5.6(0.00 %),0,0,0,0,264680,0.0
19/12/2014,0,0,5.6(0.00 %),0,0,0,0,264680,0.0
22/12/2014,0,0,5.5(-1.79 %),0,0,0,0,264680,46.4
23/12/2014,0,0,5.6(1.82 %),0,0,0,0,264680,0.0
24/12/2014,0,0,5.6(0.00 %),0,0,0,0,264680,0.0
25/12/2014,0,0,5.6(0.00 %),0,0,0,0,264680,0.0
26/12/2014,0,0,5.9(5.36 %),0,0,0,0,264680,46.4
29/12/2014,0,0,6.1(3.39 %),0,0,0,0,264680,46.4
30/12/2014,0,0,6.1(0.00 %),0,0,0,0,264680,46.4
31/12/2014,13800,88320000,6.4(4.92 %),13800,88320000,0,0,250880,46.53
05/01/2015,14300,95810000,6.7(4.69 %),14300,95810000,0,0,236580,46.67
06/01/2015,15200,100320000,6.6(-1.49 %),15200,100320000,0,0,221380,46.82
07/01/2015,100000,695654000,7(6.06 %),100000,695654000,0,0,121380,47.81
08/01/2015,0,0,7(0.00 %),0,0,0,0,121380,47.81
09/01/2015,0,0,6.9(-1.43 %),0,0,0,0,121380,47.81
12/01/2015,0,0,6.9(0.00 %),0,0,0,0,121380,47.81
13/01/2015,10000,68900000,6.9(0.00 %),10000,68900000,0,0,111380,47.9
14/01/2015,0,0,6.9(0.00 %),0,0,0,0,111380,47.9
15/01/2015,0,0,6.9(0.00 %),0,0,0,0,111380,47.9
16/01/2015,10000,65999000,6.9(0.00 %),10000,65999000,0,0,101380,48.0
19/01/2015,10000,69000000,6.9(0.00 %),10000,69000000,0,0,91380,48.1
20/01/2015,14700,101430000,7(1.45 %),14700,101430000,0,0,76680,48.25
21/01/2015,0,0,6.9(-1.43 %),0,0,0,0,76680,48.25
22/01/2015,0,0,6.7(-2.90 %),0,0,0,0,76680,48.25
23/01/2015,0,0,6.6(-1.49 %),0,0,0,0,76680,48.25
26/01/2015,0,0,6.5(-1.52 %),0,0,0,0,76680,48.25
27/01/2015,0,0,6.4(-1.54 %),0,0,0,0,76680,48.25
28/01/2015,0,0,6.7(4.69 %),0,0,0,0,76680,48.25
29/01/2015,0,0,6.7(0.00 %),0,0,0,0,76680,48.25
30/01/2015,0,0,6.4(-4.48 %),0,0,0,0,76680,48.25
02/02/2015,0,0,6.4(0.00 %),0,0,0,0,76680,48.25
03/02/2015,0,0,6.6(3.12 %),0,0,0,0,76680,48.25
04/02/2015,0,0,6.5(-1.52 %),0,0,0,0,76680,48.25
05/02/2015,0,0,6.4(-1.54 %),0,0,0,0,76680,48.25
06/02/2015,0,0,6.4(0.00 %),0,0,0,0,76680,48.25
09/02/2015,0,0,6(-6.25 %),0,0,0,0,76680,48.25
10/02/2015,0,0,6.3(5.00 %),0,0,0,0,76680,48.25
11/02/2015,0,0,6.3(0.00 %),0,0,0,0,76680,48.25
12/02/2015,0,0,6.4(1.59 %),0,0,0,0,76680,48.25
13/02/2015,0,0,6.4(0.00 %),0,0,0,0,76680,48.25
24/02/2015,0,0,6.4(0.00 %),0,0,0,0,76680,48.25
25/02/2015,0,0,6.3(-1.56 %),0,0,0,0,76680,48.25
26/02/2015,0,0,6.1(-3.17 %),0,0,0,0,76680,48.25
27/02/2015,0,0,6.1(0.00 %),0,0,0,0,76680,48.25
02/03/2015,-710,-4051000,6(-1.64 %),0,0,710,4051000,76680,48.25
03/03/2015,0,0,5.9(-1.67 %),0,0,0,0,76680,48.25
04/03/2015,-7250,-39875000,5.9(0.00 %),0,0,7250,39875000,83930,48.17
05/03/2015,0,0,6(1.69 %),0,0,0,0,83930,48.17
06/03/2015,0,0,6(0.00 %),0,0,0,0,83930,48.17
09/03/2015,0,0,6(0.00 %),0,0,0,0,83930,48.17
10/03/2015,0,0,6.2(3.33 %),0,0,0,0,83930,48.17
11/03/2015,0,0,6(-3.23 %),0,0,0,0,83930,48.17
12/03/2015,-10,-60000,6(0.00 %),0,0,10,60000,83940,48.17
13/03/2015,0,0,5.9(-1.67 %),0,0,0,0,83940,48.17
16/03/2015,-450,-2565000,6(1.69 %),0,0,450,2565000,84390,48.17
17/03/2015,0,0,5.6(-6.67 %),0,0,0,0,84390,48.17
18/03/2015,0,0,5.9(5.36 %),0,0,0,0,84390,48.17
19/03/2015,0,0,6.3(6.78 %),0,0,0,0,84390,48.17
20/03/2015,0,0,6.3(0.00 %),0,0,0,0,84390,48.17
23/03/2015,0,0,6(-4.76 %),0,0,0,0,84390,48.17
24/03/2015,0,0,6(0.00 %),0,0,0,0,84390,48.17
25/03/2015,0,0,6(0.00 %),0,0,0,0,84390,48.17
26/03/2015,0,0,6(0.00 %),0,0,0,0,84390,48.17
27/03/2015,0,0,6(0.00 %),0,0,0,0,84390,48.17
30/03/2015,0,0,6(0.00 %),0,0,0,0,84390,48.17
31/03/2015,0,0,6(0.00 %),0,0,0,0,84390,48.17
01/04/2015,0,0,6(0.00 %),0,0,0,0,85100,48.16
02/04/2015,0,0,5.9(-1.67 %),0,0,0,0,85100,48.16
03/04/2015,0,0,6(1.69 %),0,0,0,0,85100,48.16
06/04/2015,0,0,6.1(1.67 %),0,0,0,0,85100,48.16
07/04/2015,0,0,6.1(0.00 %),0,0,0,0,85100,48.16
08/04/2015,0,0,6(-1.64 %),0,0,0,0,85100,48.16
09/04/2015,0,0,5.9(-1.67 %),0,0,0,0,85100,48.16
10/04/2015,0,0,5.9(0.00 %),0,0,0,0,85100,48.16
13/04/2015,0,0,5.9(0.00 %),0,0,0,0,85100,48.16
14/04/2015,0,0,5.8(-1.69 %),0,0,0,0,85100,48.16
15/04/2015,0,0,5.7(-1.72 %),0,0,0,0,85100,48.16
16/04/2015,0,0,5.7(0.00 %),0,0,0,0,85100,48.16
17/04/2015,0,0,5.5(-3.51 %),0,0,0,0,85100,48.16
20/04/2015,0,0,5.7(3.64 %),0,0,0,0,85100,48.16
21/04/2015,0,0,5.8(1.75 %),0,0,0,0,85100,48.16
22/04/2015,0,0,5.6(-3.45 %),0,0,0,0,85100,48.16
23/04/2015,0,0,5.5(-1.79 %),0,0,0,0,85100,48.16
24/04/2015,0,0,5.5(0.00 %),0,0,0,0,85100,48.16
27/04/2015,0,0,5.4(-1.82 %),0,0,0,0,85100,48.16
04/05/2015,0,0,5.2(-3.70 %),0,0,0,0,85100,48.16
05/05/2015,0,0,5(-3.85 %),0,0,0,0,85100,48.16
06/05/2015,0,0,4.8(-4.00 %),0,0,0,0,85100,11.0
07/05/2015,0,0,5(4.17 %),0,0,0,0,85100,11.0
08/05/2015,0,0,5(0.00 %),0,0,0,0,85100,11.0
11/05/2015,0,0,4.8(-4.00 %),0,0,0,0,85100,11.0
12/05/2015,0,0,4.5(-6.25 %),0,0,0,0,85100,11.0
13/05/2015,0,0,4.2(-6.67 %),0,0,0,0,85100,11.0
14/05/2015,0,0,4.3(2.38 %),0,0,0,0,85100,11.0
15/05/2015,0,0,4.2(-2.33 %),0,0,0,0,85100,11.0
18/05/2015,0,0,4.2(0.00 %),0,0,0,0,85100,11.0
19/05/2015,0,0,4.1(-2.38 %),0,0,0,0,85100,11.0
20/05/2015,0,0,4.1(0.00 %),0,0,0,0,85100,11.0
21/05/2015,0,0,4.1(0.00 %),0,0,0,0,85100,11.0
22/05/2015,0,0,4.2(2.44 %),0,0,0,0,85100,11.0
25/05/2015,0,0,4.2(0.00 %),0,0,0,0,85100,11.0
26/05/2015,0,0,4.2(0.00 %),0,0,0,0,85100,11.0
27/05/2015,0,0,4.2(0.00 %),0,0,0,0,85100,11.0
28/05/2015,0,0,4.3(2.38 %),0,0,0,0,85100,11.0
29/05/2015,0,0,4.2(-2.33 %),0,0,0,0,85100,11.0
01/06/2015,0,0,4.2(0.00 %),0,0,0,0,85100,11.0
02/06/2015,0,0,4.2(0.00 %),0,0,0,0,85100,11.0
03/06/2015,0,0,4.2(0.00 %),0,0,0,0,85100,11.0
04/06/2015,0,0,4.2(0.00 %),0,0,0,0,85100,11.0
05/06/2015,0,0,4.1(-2.38 %),0,0,0,0,85100,11.0
08/06/2015,0,0,4.2(2.44 %),0,0,0,0,85100,11.0
09/06/2015,0,0,4.2(0.00 %),0,0,0,0,85100,11.0
10/06/2015,-7000,-28700000,4.1(-2.38 %),0,0,7000,28700000,92100,10.98
11/06/2015,0,0,4.2(2.44 %),0,0,0,0,92100,10.98
12/06/2015,0,0,4.3(2.38 %),0,0,0,0,92100,10.98
15/06/2015,0,0,4.4(2.33 %),0,0,0,0,92100,10.98
16/06/2015,0,0,4.3(-2.27 %),0,0,0,0,92100,10.98
17/06/2015,0,0,4.3(0.00 %),0,0,0,0,92100,10.98
18/06/2015,0,0,4.4(2.33 %),0,0,0,0,92100,10.98
19/06/2015,0,0,4.6(4.55 %),0,0,0,0,92100,10.98
22/06/2015,0,0,4.6(0.00 %),0,0,0,0,92100,10.98
23/06/2015,0,0,4.6(0.00 %),0,0,0,0,92100,10.98
24/06/2015,0,0,4.6(0.00 %),0,0,0,0,92100,10.98
25/06/2015,0,0,4.6(0.00 %),0,0,0,0,92100,10.98
26/06/2015,0,0,4.6(0.00 %),0,0,0,0,92100,10.98
29/06/2015,0,0,4.6(0.00 %),0,0,0,0,92100,10.98
30/06/2015,0,0,4.6(0.00 %),0,0,0,0,92100,10.98
01/07/2015,0,0,4.6(0.00 %),0,0,0,0,92100,10.98
02/07/2015,0,0,4.7(2.17 %),0,0,0,0,92100,48.09
03/07/2015,0,0,4.6(-2.13 %),0,0,0,0,92100,48.09
06/07/2015,0,0,4.5(-2.17 %),0,0,0,0,92100,48.09
07/07/2015,0,0,4.5(0.00 %),0,0,0,0,92100,48.09
08/07/2015,0,0,4.7(4.44 %),0,0,0,0,92100,48.09
09/07/2015,0,0,4.4(-6.38 %),0,0,0,0,92100,48.09
10/07/2015,0,0,4.7(6.82 %),0,0,0,0,92100,48.09
13/07/2015,0,0,4.7(0.00 %),0,0,0,0,92100,48.09
14/07/2015,0,0,4.7(0.00 %),0,0,0,0,92100,48.09
15/07/2015,-10,-47000,4.7(0.00 %),0,0,10,47000,92110,48.09
16/07/2015,-10,-47000,4.4(-6.38 %),0,0,10,47000,92120,48.09
17/07/2015,0,0,4.7(6.82 %),0,0,0,0,92120,48.09
20/07/2015,-800,-3760000,4.4(-6.38 %),0,0,800,3760000,92920,48.09
21/07/2015,0,0,4.2(-4.55 %),0,0,0,0,92920,48.09
22/07/2015,0,0,4.4(4.76 %),0,0,0,0,92920,48.09
23/07/2015,0,0,4.7(6.82 %),0,0,0,0,92920,48.09
24/07/2015,0,0,4.7(0.00 %),0,0,0,0,92920,48.09
27/07/2015,0,0,4.7(0.00 %),0,0,0,0,92920,48.09
28/07/2015,0,0,4.7(0.00 %),0,0,0,0,92920,48.09
29/07/2015,0,0,4.9(4.26 %),0,0,0,0,92920,48.09
30/07/2015,0,0,4.8(-2.04 %),0,0,0,0,92920,48.09
31/07/2015,0,0,4.6(-4.17 %),0,0,0,0,92920,48.09
03/08/2015,0,0,4.9(6.52 %),0,0,0,0,92920,48.09
04/08/2015,0,0,4.6(-6.12 %),0,0,0,0,92920,48.09
05/08/2015,-10,-50000,4.7(2.17 %),0,0,10,50000,92930,48.09
06/08/2015,0,0,4.9(4.26 %),0,0,0,0,92930,48.09
07/08/2015,0,0,4.9(0.00 %),0,0,0,0,92930,48.09
10/08/2015,0,0,4.9(0.00 %),0,0,0,0,92930,48.09
11/08/2015,0,0,4.7(-4.08 %),0,0,0,0,92930,48.09
12/08/2015,0,0,4.7(0.00 %),0,0,0,0,92930,48.09
13/08/2015,-1000,-4700000,4.7(0.00 %),0,0,1000,4700000,93930,48.08
14/08/2015,-630,-2960000,4.7(0.00 %),0,0,630,2960000,94560,48.07
17/08/2015,0,0,4.9(4.26 %),0,0,0,0,94560,48.07
18/08/2015,-10,-50000,4.6(-6.12 %),0,0,10,50000,94570,48.07
19/08/2015,0,0,4.9(6.52 %),0,0,0,0,94570,48.07
20/08/2015,-1000,-4900000,4.9(0.00 %),0,0,1000,4900000,95570,48.06
21/08/2015,0,0,4.9(0.00 %),0,0,0,0,95570,48.06
24/08/2015,0,0,4.8(-2.04 %),0,0,0,0,95570,48.06
25/08/2015,0,0,4.8(0.00 %),0,0,0,0,95570,48.06
26/08/2015,0,0,4.8(0.00 %),0,0,0,0,95570,48.06
27/08/2015,-1000,-4800000,4.8(0.00 %),0,0,1000,4800000,96570,48.05
28/08/2015,0,0,4.8(0.00 %),0,0,0,0,96570,48.05
31/08/2015,-1000,-4800000,4.8(0.00 %),0,0,1000,4800000,97570,48.04
01/09/2015,0,0,4.8(0.00 %),0,0,0,0,95570,48.06
03/09/2015,-1000,-4800000,4.8(0.00 %),0,0,1000,4800000,96570,48.05
04/09/2015,0,0,4.6(-4.17 %),0,0,0,0,96570,48.05
07/09/2015,-1020,-4790000,4.7(2.17 %),0,0,1020,4790000,97590,48.04
08/09/2015,-1000,-4700000,4.7(0.00 %),0,0,1000,4700000,98590,48.03
09/09/2015,0,0,4.6(-2.13 %),0,0,0,0,98590,48.03
10/09/2015,0,0,4.6(0.00 %),0,0,0,0,98590,48.03
11/09/2015,-1000,-4700000,4.7(2.17 %),0,0,1000,4700000,99590,48.02
14/09/2015,-1000,-4700000,4.7(0.00 %),0,0,1000,4700000,100590,48.01
15/09/2015,0,0,4.5(-4.26 %),0,0,0,0,100590,48.01
16/09/2015,-10,-50000,4.5(0.00 %),0,0,10,50000,100600,48.01
17/09/2015,0,0,4.6(2.22 %),0,0,0,0,100600,48.01
18/09/2015,0,0,4.7(2.17 %),0,0,0,0,100600,48.01
21/09/2015,-1000,-4700000,4.7(0.00 %),0,0,1000,4700000,101600,48.0
22/09/2015,0,0,4.6(-2.13 %),0,0,0,0,101600,48.0
23/09/2015,-10,-50000,4.6(0.00 %),0,0,10,50000,101610,48.0
24/09/2015,-1000,-4700000,4.8(4.35 %),0,0,1000,4700000,102610,47.99
25/09/2015,-1000,-4800000,4.7(-2.08 %),0,0,1000,4800000,103610,47.98
28/09/2015,-1000,-4800000,4.5(-4.26 %),0,0,1000,4800000,104610,47.97
29/09/2015,0,0,4.7(4.44 %),0,0,0,0,104610,47.97
30/09/2015,0,0,4.7(0.00 %),0,0,0,0,104610,47.97
01/10/2015,0,0,4.6(-2.13 %),0,0,0,0,105610,47.96
02/10/2015,0,0,4.5(-2.17 %),0,0,0,0,105610,47.96
05/10/2015,0,0,4.8(6.67 %),0,0,0,0,105610,47.96
06/10/2015,0,0,4.6(-4.17 %),0,0,0,0,105610,47.96
07/10/2015,0,0,4.6(0.00 %),0,0,0,0,105610,47.96
08/10/2015,0,0,4.5(-2.17 %),0,0,0,0,105610,47.96
09/10/2015,0,0,4.4(-2.22 %),0,0,0,0,105610,47.96
12/10/2015,0,0,4.7(6.82 %),0,0,0,0,105610,47.96
13/10/2015,0,0,4.7(0.00 %),0,0,0,0,105610,47.96
14/10/2015,-1000,-4700000,4.7(0.00 %),0,0,1000,4700000,106610,47.95
15/10/2015,0,0,4.6(-2.13 %),0,0,0,0,106610,47.95
16/10/2015,0,0,4.6(0.00 %),0,0,0,0,106610,47.95
19/10/2015,0,0,4.7(2.17 %),0,0,0,0,106610,47.95
20/10/2015,0,0,4.7(0.00 %),0,0,0,0,106610,47.95
21/10/2015,0,0,4.8(2.13 %),0,0,0,0,106610,47.95
22/10/2015,0,0,4.8(0.00 %),0,0,0,0,106610,47.95
23/10/2015,0,0,4.8(0.00 %),0,0,0,0,106610,47.95
26/10/2015,0,0,5.1(6.25 %),0,0,0,0,106610,47.95
27/10/2015,0,0,5.1(0.00 %),0,0,0,0,106610,47.95
28/10/2015,0,0,5.3(3.92 %),0,0,0,0,106610,47.95
29/10/2015,0,0,5.5(3.77 %),0,0,0,0,106610,47.95
30/10/2015,0,0,5.7(3.64 %),0,0,0,0,106610,47.95
02/11/2015,0,0,5.4(-5.26 %),0,0,0,0,107610,47.94
03/11/2015,0,0,5.6(3.70 %),0,0,0,0,107610,47.94
04/11/2015,0,0,5.8(3.57 %),0,0,0,0,107610,47.94
05/11/2015,0,0,5.8(0.00 %),0,0,0,0,107610,47.94
06/11/2015,0,0,5.5(-5.17 %),0,0,0,0,107610,47.94
09/11/2015,0,0,5.7(3.64 %),0,0,0,0,107610,47.94
10/11/2015,0,0,5.8(1.75 %),0,0,0,0,107610,47.94
11/11/2015,0,0,5.4(-6.90 %),0,0,0,0,107610,47.94
12/11/2015,0,0,5.6(3.70 %),0,0,0,0,107610,47.94
13/11/2015,0,0,5.5(-1.79 %),0,0,0,0,107610,47.94
16/11/2015,0,0,5.8(5.45 %),0,0,0,0,107610,47.94
17/11/2015,0,0,5.7(-1.72 %),0,0,0,0,107610,47.94
18/11/2015,-1000,-5700000,5.8(1.75 %),0,0,1000,5700000,108610,47.93
19/11/2015,0,0,5.8(0.00 %),0,0,0,0,108610,47.93
20/11/2015,0,0,5.9(1.72 %),0,0,0,0,108610,47.93
23/11/2015,0,0,5.8(-1.69 %),0,0,0,0,108610,47.93
24/11/2015,0,0,5.9(1.72 %),0,0,0,0,108610,47.93
25/11/2015,-30,-180000,6(1.69 %),0,0,30,180000,108610,47.93
26/11/2015,0,0,6(0.00 %),0,0,0,0,108610,47.93
27/11/2015,0,0,6(0.00 %),0,0,0,0,108610,47.93
30/11/2015,0,0,6(0.00 %),0,0,0,0,108610,47.93
01/12/2015,0,0,5.6(-6.67 %),0,0,0,0,108640,47.93
02/12/2015,0,0,5.9(5.36 %),0,0,0,0,108640,47.93
03/12/2015,0,0,5.6(-5.08 %),0,0,0,0,108640,47.93
04/12/2015,0,0,5.9(5.36 %),0,0,0,0,108640,47.93
07/12/2015,0,0,5.9(0.00 %),0,0,0,0,108640,47.93
08/12/2015,0,0,5.6(-5.08 %),0,0,0,0,108640,47.93
09/12/2015,-1050,-5880000,5.6(0.00 %),0,0,1050,5880000,108649,47.93
10/12/2015,0,0,5.7(1.79 %),0,0,0,0,108649,47.93
11/12/2015,0,0,6(5.26 %),0,0,0,0,108649,47.93
14/12/2015,0,0,6.1(1.67 %),0,0,0,0,108649,47.93
15/12/2015,50,300000,5.9(-3.28 %),50,300000,0,0,109649,47.92
16/12/2015,0,0,5.9(0.00 %),0,0,0,0,109657,47.92
17/12/2015,30,180000,6(1.69 %),30,180000,0,0,109627,47.92
18/12/2015,0,0,5.9(-1.67 %),0,0,0,0,109627,47.92
21/12/2015,-4450,-24480000,5.9(0.00 %),0,0,4450,24480000,109627,47.92
22/12/2015,0,0,5.9(0.00 %),0,0,0,0,109627,47.92
23/12/2015,0,0,5.9(0.00 %),0,0,0,0,109627,47.92
24/12/2015,0,0,5.9(0.00 %),0,0,0,0,109635,47.92
25/12/2015,0,0,6(1.69 %),0,0,0,0,114085,47.88
28/12/2015,0,0,5.9(-1.67 %),0,0,0,0,114085,47.88
29/12/2015,0,0,5.9(0.00 %),0,0,0,0,114085,47.88
30/12/2015,300,1770000,5.9(0.00 %),300,1770000,0,0,113785,47.88
31/12/2015,0,0,5.9(0.00 %),0,0,0,0,113785,47.88
04/01/2016,0,0,5.8(-1.69 %),0,0,0,0,113785,47.88
05/01/2016,0,0,5.8(0.00 %),0,0,0,0,113785,47.88
06/01/2016,0,0,5.7(-1.72 %),0,0,0,0,113785,47.88
07/01/2016,100,570000,5.7(0.00 %),100,570000,0,0,113685,47.88
08/01/2016,100,580000,5.9(3.51 %),100,580000,0,0,113585,47.88
11/01/2016,200,1180000,5.9(0.00 %),200,1180000,0,0,113385,47.89
12/01/2016,0,0,5.6(-5.08 %),0,0,0,0,113385,47.89
13/01/2016,0,0,5.9(5.36 %),0,0,0,0,113385,47.89
14/01/2016,0,0,5.9(0.00 %),0,0,0,0,113385,47.89
15/01/2016,0,0,5.9(0.00 %),0,0,0,0,113385,47.89
18/01/2016,0,0,5.5(-6.78 %),0,0,0,0,113385,47.89
19/01/2016,0,0,5.4(-1.82 %),0,0,0,0,113385,47.89
20/01/2016,0,0,5.7(5.56 %),0,0,0,0,113385,47.89
21/01/2016,0,0,5.5(-3.51 %),0,0,0,0,113385,47.89
22/01/2016,0,0,5.4(-1.82 %),0,0,0,0,113385,47.89
25/01/2016,0,0,5.7(5.56 %),0,0,0,0,113385,47.89
26/01/2016,0,0,5.7(0.00 %),0,0,0,0,113385,47.89
27/01/2016,0,0,5.7(0.00 %),0,0,0,0,113385,47.89
28/01/2016,0,0,5.7(0.00 %),0,0,0,0,113385,47.89
29/01/2016,0,0,5.9(3.51 %),0,0,0,0,113385,47.89
01/02/2016,0,0,5.9(0.00 %),0,0,0,0,113385,47.89
02/02/2016,0,0,6.3(6.78 %),0,0,0,0,113385,47.89
03/02/2016,0,0,6.3(0.00 %),0,0,0,0,113385,47.89
04/02/2016,0,0,6.7(6.35 %),0,0,0,0,113385,47.89
05/02/2016,0,0,6.7(0.00 %),0,0,0,0,113385,47.89
15/02/2016,0,0,6.7(0.00 %),0,0,0,0,113385,47.89
16/02/2016,0,0,6.7(0.00 %),0,0,0,0,113385,47.89
17/02/2016,0,0,6.6(-1.49 %),0,0,0,0,113385,47.89
18/02/2016,0,0,6.6(0.00 %),0,0,0,0,113385,47.89
19/02/2016,0,0,6.8(3.03 %),0,0,0,0,113385,47.89
22/02/2016,0,0,6.8(0.00 %),0,0,0,0,113385,47.89
23/02/2016,0,0,6.7(-1.47 %),0,0,0,0,113385,47.89
24/02/2016,0,0,6.7(0.00 %),0,0,0,0,113385,47.89
25/02/2016,0,0,6.7(0.00 %),0,0,0,0,113385,47.89
26/02/2016,0,0,6.8(1.49 %),0,0,0,0,113385,47.89
29/02/2016,0,0,6.6(-2.94 %),0,0,0,0,113385,47.89
01/03/2016,0,0,7(6.06 %),0,0,0,0,113385,47.89
02/03/2016,0,0,7.1(1.43 %),0,0,0,0,113385,47.89
03/03/2016,0,0,6.8(-4.23 %),0,0,0,0,113385,47.89
04/03/2016,0,0,6.8(0.00 %),0,0,0,0,113385,47.89
07/03/2016,0,0,7.2(5.88 %),0,0,0,0,113385,47.89
08/03/2016,0,0,7.1(-1.39 %),0,0,0,0,113385,47.89
09/03/2016,0,0,7.1(0.00 %),0,0,0,0,113385,47.89
10/03/2016,0,0,7.1(0.00 %),0,0,0,0,113385,47.89
11/03/2016,0,0,7.5(5.63 %),0,0,0,0,113385,47.89
14/03/2016,0,0,8(6.67 %),0,0,0,0,113385,47.89
15/03/2016,2000,16800000,8.4(5.00 %),2000,16800000,0,0,111385,47.9
16/03/2016,0,0,8.5(1.19 %),0,0,0,0,111385,47.9
17/03/2016,0,0,8.5(0.00 %),0,0,0,0,111385,47.9
18/03/2016,0,0,8.5(0.00 %),0,0,0,0,111385,47.9
21/03/2016,0,0,9(5.88 %),0,0,0,0,111385,47.9
22/03/2016,1010,9640000,9.5(5.56 %),1500,14250000,490,4610000,109885,47.92
23/03/2016,-78570,-713560000,9.1(-4.21 %),0,0,78570,713560000,109885,47.92
24/03/2016,-45000,-421200000,9.6(5.49 %),0,0,45000,421200000,109885,47.92
25/03/2016,-10430,-100530000,9.2(-4.17 %),0,0,10430,100530000,110375,47.91
28/03/2016,-15000,-139300000,9.8(6.52 %),1000,9500000,16000,148800000,187945,47.15
29/03/2016,-19900,-201090000,10.1(3.06 %),1000,10000000,20900,211090000,231945,46.72
30/03/2016,-29100,-282270000,9.7(-3.96 %),0,0,29100,282270000,242375,46.62
31/03/2016,-1500,-14250000,9.1(-6.19 %),0,0,1500,14250000,258375,46.46
01/04/2016,-4000,-36400000,9(-1.10 %),0,0,4000,36400000,279275,46.25
04/04/2016,-11700,-105600000,9.1(1.11 %),0,0,11700,105600000,308375,45.97
05/04/2016,-5000,-44500000,9.3(2.20 %),0,0,5000,44500000,309875,45.95
06/04/2016,0,0,9(-3.23 %),0,0,0,0,313875,45.91
07/04/2016,0,0,9(0.00 %),0,0,0,0,325575,45.8
08/04/2016,-2500,-23750000,9.6(6.67 %),0,0,2500,23750000,330575,45.75
11/04/2016,-15000,-144000000,9.4(-2.08 %),0,0,15000,144000000,330575,45.75
12/04/2016,0,0,9.5(1.06 %),0,0,0,0,330575,45.75
13/04/2016,0,0,9.7(2.11 %),0,0,0,0,333075,45.72
14/04/2016,-12630,-121210000,9.5(-2.06 %),0,0,12630,121210000,348075,45.58
15/04/2016,0,0,9.4(-1.05 %),0,0,0,0,348075,45.58
19/04/2016,0,0,9.4(0.00 %),0,0,0,0,348075,45.58
20/04/2016,0,0,9.3(-1.06 %),0,0,0,0,360705,45.45
21/04/2016,0,0,8.7(-6.45 %),0,0,0,0,360705,45.45
22/04/2016,0,0,9(3.45 %),0,0,0,0,360705,45.45
25/04/2016,0,0,8.9(-1.11 %),0,0,0,0,360705,45.45
26/04/2016,0,0,8.3(-6.74 %),0,0,0,0,360705,45.45
27/04/2016,0,0,7.8(-6.02 %),0,0,0,0,360705,45.45
28/04/2016,0,0,8.3(6.41 %),0,0,0,0,360705,45.45
29/04/2016,0,0,8.4(1.20 %),0,0,0,0,360705,45.45
04/05/2016,0,0,8.4(0.00 %),0,0,0,0,360705,45.45
05/05/2016,0,0,8.5(1.19 %),0,0,0,0,360705,45.45
06/05/2016,0,0,8.5(0.00 %),0,0,0,0,360705,45.45
09/05/2016,0,0,8.5(0.00 %),0,0,0,0,360705,45.45
10/05/2016,0,0,8.7(2.35 %),0,0,0,0,360705,45.45
11/05/2016,0,0,8.8(1.15 %),0,0,0,0,360705,45.45
12/05/2016,0,0,8.5(-3.41 %),0,0,0,0,360705,45.45
13/05/2016,0,0,8.7(2.35 %),0,0,0,0,360705,45.45
16/05/2016,0,0,8.3(-4.60 %),0,0,0,0,360705,45.45
17/05/2016,0,0,8.5(2.41 %),0,0,0,0,360705,45.45
18/05/2016,0,0,8.3(-2.35 %),0,0,0,0,360705,45.45
19/05/2016,0,0,8.4(1.20 %),0,0,0,0,360705,45.45
20/05/2016,0,0,8.4(0.00 %),0,0,0,0,360705,45.45
23/05/2016,0,0,8.4(0.00 %),0,0,0,0,360705,45.45
24/05/2016,0,0,8.4(0.00 %),0,0,0,0,360705,45.45
25/05/2016,0,0,8.5(1.19 %),0,0,0,0,360705,45.45
26/05/2016,0,0,8.4(-1.18 %),0,0,0,0,360705,45.45
27/05/2016,0,0,8.5(1.19 %),0,0,0,0,360705,45.45
30/05/2016,0,0,8.5(0.00 %),0,0,0,0,360705,45.45
31/05/2016,0,0,9(5.88 %),0,0,0,0,360705,45.45
01/06/2016,0,0,8.8(-2.22 %),0,0,0,0,360705,45.45
02/06/2016,0,0,8.7(-1.14 %),0,0,0,0,360705,45.45
03/06/2016,-940,-7990000,8.5(-2.30 %),0,0,940,7990000,360705,45.45
06/06/2016,0,0,8.5(0.00 %),0,0,0,0,360705,45.45
07/06/2016,0,0,8.4(-1.18 %),0,0,0,0,360705,45.45
08/06/2016,0,0,8.4(0.00 %),0,0,0,0,361645,45.44
09/06/2016,0,0,8.4(0.00 %),0,0,0,0,361645,45.44
10/06/2016,0,0,8.4(0.00 %),0,0,0,0,361645,45.44
13/06/2016,0,0,8.5(1.19 %),0,0,0,0,361645,45.44
14/06/2016,0,0,8.5(0.00 %),0,0,0,0,361645,45.44
15/06/2016,0,0,8.4(-1.18 %),0,0,0,0,361645,45.44
16/06/2016,-16700,-145290000,8.7(3.57 %),0,0,16700,145290000,361645,45.44
17/06/2016,-3300,-28710000,8.4(-3.45 %),0,0,3300,28710000,361645,45.44
20/06/2016,0,0,8.4(0.00 %),0,0,0,0,361645,45.44
21/06/2016,-25000,-218100000,8.9(5.95 %),0,0,25000,218100000,378345,45.28
22/06/2016,-50000,-455000000,9.5(6.74 %),0,0,50000,455000000,381645,45.25
23/06/2016,0,0,10.1(6.32 %),0,0,0,0,381645,45.25
24/06/2016,0,0,10.1(0.00 %),0,0,0,0,406645,45.0
27/06/2016,-20000,-190000000,9.6(-4.95 %),0,0,20000,190000000,456645,44.51
28/06/2016,-3970,-38110000,9.4(-2.08 %),0,0,3970,38110000,456645,44.51
29/06/2016,-10000,-97600000,10(6.38 %),0,0,10000,97600000,456645,44.51
30/06/2016,-17000,-181900000,10.7(7.00 %),3000,32100000,20000,214000000,473645,44.34
01/07/2016,-5000,-57000000,11.4(6.54 %),0,0,5000,57000000,477615,44.3
04/07/2016,-5000,-58000000,11.5(0.88 %),0,0,5000,58000000,487615,44.21
05/07/2016,-8000,-90700000,11.1(-3.48 %),0,0,8000,90700000,507615,44.01
06/07/2016,-22400,-249420000,11(-0.90 %),0,0,22400,249420000,512615,43.96
07/07/2016,-136000,-1575360000,11.7(6.36 %),0,0,136000,1575360000,517615,43.91
08/07/2016,-1500,-17550000,11.5(-1.71 %),0,0,1500,17550000,525615,43.83
11/07/2016,0,0,10.7(-6.96 %),0,0,0,0,525615,43.83
12/07/2016,-3000,-31800000,10.3(-3.74 %),0,0,3000,31800000,684015,42.27
13/07/2016,-15000,-155000000,10.5(1.94 %),0,0,15000,155000000,685515,42.26
14/07/2016,0,0,9.9(-5.71 %),0,0,0,0,685515,42.26
15/07/2016,0,0,9.4(-5.05 %),0,0,0,0,688515,42.23
18/07/2016,0,0,10(6.38 %),0,0,0,0,703515,42.08
19/07/2016,0,0,9.5(-5.00 %),0,0,0,0,703515,42.08
20/07/2016,0,0,9.5(0.00 %),0,0,0,0,703515,42.08
21/07/2016,0,0,9.4(-1.05 %),0,0,0,0,703515,42.08
22/07/2016,0,0,9.5(1.06 %),0,0,0,0,703515,42.08
25/07/2016,0,0,9.4(-1.05 %),0,0,0,0,703515,42.08
26/07/2016,0,0,9.3(-1.06 %),0,0,0,0,703515,42.08
27/07/2016,0,0,8.8(-5.38 %),0,0,0,0,703515,42.08
28/07/2016,0,0,8.6(-2.27 %),0,0,0,0,703515,42.08
29/07/2016,0,0,8.6(0.00 %),0,0,0,0,703515,42.08
01/08/2016,0,0,8.4(-2.33 %),0,0,0,0,703515,42.08
02/08/2016,0,0,8(-4.76 %),0,0,0,0,703515,42.08
03/08/2016,100,800000,8.1(1.25 %),100,800000,0,0,703415,42.08
04/08/2016,0,0,8.2(1.23 %),0,0,0,0,703415,42.08
05/08/2016,0,0,8.1(-1.22 %),0,0,0,0,703415,42.08
08/08/2016,0,0,8.1(0.00 %),0,0,0,0,703415,42.08
09/08/2016,42300,347830000,8.4(3.70 %),42300,347830000,0,0,661115,42.5
10/08/2016,23700,196710000,8.4(0.00 %),23700,196710000,0,0,637415,42.73
11/08/2016,-1480,-12430000,8.4(0.00 %),0,0,1480,12430000,637415,42.73
12/08/2016,0,0,8.2(-2.38 %),0,0,0,0,637415,42.73
15/08/2016,0,0,8.3(1.22 %),0,0,0,0,637415,42.73
16/08/2016,0,0,8.3(0.00 %),0,0,0,0,638895,42.72
17/08/2016,0,0,8.1(2.01 %),0,0,0,0,638895,42.72
18/08/2016,0,0,7.9(-2.47 %),0,0,0,0,638895,42.72
19/08/2016,0,0,8(1.27 %),0,0,0,0,638895,42.72
22/08/2016,0,0,8(0.00 %),0,0,0,0,638895,42.72
23/08/2016,0,0,7.9(-1.25 %),0,0,0,0,638895,42.72
24/08/2016,0,0,7.8(-1.27 %),0,0,0,0,638895,42.72
25/08/2016,0,0,8(2.56 %),0,0,0,0,638895,42.72
26/08/2016,0,0,8.1(1.25 %),0,0,0,0,638895,42.72
29/08/2016,-70,-550000,7.9(-2.47 %),0,0,70,550000,638895,42.72
30/08/2016,0,0,8(1.27 %),0,0,0,0,638895,42.72
31/08/2016,0,0,7.6(-5.00 %),0,0,0,0,638895,42.72
01/09/2016,-2960,-22200000,7.6(0.00 %),0,0,2960,22200000,638965,42.72
05/09/2016,0,0,7.6(0.00 %),0,0,0,0,638965,42.72
06/09/2016,0,0,7.6(0.00 %),0,0,0,0,638965,42.72
07/09/2016,0,0,7.6(0.00 %),0,0,0,0,641925,42.69
08/09/2016,31470,239170000,7.8(2.63 %),31470,239170000,0,0,610455,43.0
09/09/2016,0,0,8.3(6.41 %),0,0,0,0,610455,43.0
12/09/2016,0,0,8.5(2.41 %),0,0,0,0,610455,43.0
13/09/2016,0,0,8.3(-2.35 %),0,0,0,0,610455,43.0
14/09/2016,0,0,8.1(-2.41 %),0,0,0,0,610455,43.0
15/09/2016,0,0,8.35(3.09 %),0,0,0,0,610455,43.0
16/09/2016,0,0,8.3(-0.60 %),0,0,0,0,610455,43.0
19/09/2016,0,0,8(-3.61 %),0,0,0,0,610455,43.0
20/09/2016,-100,-800000,8.2(2.50 %),0,0,100,800000,610455,43.0
21/09/2016,12750,103620000,8.1(-1.22 %),12750,103620000,0,0,597705,43.12
22/09/2016,0,0,7.8(-3.70 %),0,0,0,0,597705,43.12
23/09/2016,0,0,7.7(-1.28 %),0,0,0,0,597805,43.12
26/09/2016,32080,259910000,8.23(6.88 %),32080,259910000,0,0,565725,43.44
27/09/2016,22130,182490000,8.26(0.36 %),22130,182490000,0,0,543595,43.65
28/09/2016,-4360,-35320000,8.25(-0.12 %),0,0,4360,35320000,543595,43.65
29/09/2016,0,0,8(-3.03 %),0,0,0,0,543595,43.65
30/09/2016,0,0,8.2(2.50 %),0,0,0,0,543595,43.65
03/10/2016,0,0,8.18(-0.24 %),0,0,0,0,560714,44.47
04/10/2016,0,0,7.99(-2.32 %),0,0,0,0,560714,43.59
05/10/2016,0,0,7.72(-3.38 %),0,0,0,0,560714,43.59
06/10/2016,0,0,7.99(3.50 %),0,0,0,0,560714,43.59
07/10/2016,0,0,7.5(-6.13 %),0,0,0,0,560714,43.59
10/10/2016,0,0,7.98(6.40 %),0,0,0,0,560714,43.59
11/10/2016,0,0,7.8(-2.26 %),0,0,0,0,560714,43.59
12/10/2016,0,0,7.55(-3.21 %),0,0,0,0,560714,43.59
13/10/2016,0,0,7.7(1.99 %),0,0,0,0,560714,43.59
14/10/2016,0,0,7.7(0.00 %),0,0,0,0,560715,43.59
17/10/2016,0,0,7.55(-1.95 %),0,0,0,0,560715,43.59
18/10/2016,0,0,7.52(-0.40 %),0,0,0,0,560715,43.59
19/10/2016,0,0,7.6(1.06 %),0,0,0,0,560715,43.59
20/10/2016,0,0,7.6(0.00 %),0,0,0,0,560715,43.59
21/10/2016,0,0,7.6(0.00 %),0,0,0,0,560715,43.59
24/10/2016,0,0,7.2(-5.26 %),0,0,0,0,560715,43.59
25/10/2016,0,0,6.7(-6.94 %),0,0,0,0,560715,43.59
26/10/2016,0,0,6.24(-6.87 %),0,0,0,0,560715,43.59
27/10/2016,0,0,5.81(-6.89 %),0,0,0,0,560715,43.59
28/10/2016,0,0,5.41(-6.88 %),0,0,0,0,560715,43.59
31/10/2016,0,0,5.04(-6.84 %),0,0,0,0,560715,43.59
01/11/2016,3000,14700000,5.05(0.20 %),3000,14700000,0,0,557715,43.62
02/11/2016,32000,151390000,4.7(-6.93 %),32000,151390000,0,0,525715,43.93
03/11/2016,16300,71820000,4.57(-2.77 %),16300,71820000,0,0,509415,44.09
04/11/2016,7000,31350000,4.36(-4.60 %),7000,31350000,0,0,502415,44.16
07/11/2016,640,2680000,4.25(-2.52 %),640,2680000,0,0,501775,44.16
08/11/2016,15000,62700000,4.22(-0.71 %),15000,62700000,0,0,486775,44.31
09/11/2016,15000,59500000,4.1(-2.84 %),15000,59500000,0,0,471775,44.45
10/11/2016,0,0,4.23(3.17 %),0,0,0,0,471775,44.45
11/11/2016,0,0,4.2(-0.71 %),0,0,0,0,471775,44.45
14/11/2016,0,0,4.23(0.71 %),0,0,0,0,471775,44.45
15/11/2016,0,0,4.23(0.00 %),0,0,0,0,471775,44.45
16/11/2016,12020,50220000,4.17(-1.42 %),12020,50220000,0,0,459755,44.57
17/11/2016,20000,82300000,4.1(-1.68 %),20000,82300000,0,0,439755,44.76
18/11/2016,0,0,4.36(6.34 %),0,0,0,0,439755,44.76
21/11/2016,0,0,4.38(0.46 %),0,0,0,0,439755,44.76
22/11/2016,0,0,4.2(-4.11 %),0,0,0,0,439755,44.76
23/11/2016,14700,62230000,4.24(0.95 %),14700,62230000,0,0,425055,44.9
24/11/2016,308557,1220400000,4.52(6.60 %),308557,1220400000,0,0,116498,47.88
25/11/2016,3000,14460000,4.83(6.86 %),3000,14460000,0,0,113498,47.91
28/11/2016,15420,74480000,4.83(0.00 %),15420,74480000,0,0,98078,48.05
29/11/2016,11860,55350000,4.79(-0.83 %),11860,55350000,0,0,86218,48.17
30/11/2016,3390,16170000,4.77(-0.42 %),3390,16170000,0,0,82828,48.2
01/12/2016,15000,71550000,4.77(0.00 %),15000,71550000,0,0,67828,48.35
02/12/2016,25610,121980000,4.77(0.00 %),25610,121980000,0,0,42218,48.59
05/12/2016,30230,143680000,4.48(-6.08 %),30230,143680000,0,0,11988,48.88
06/12/2016,11980,54630000,4.43(-1.12 %),11980,54630000,0,0,8,49.0
07/12/2016,0,0,4.4(-0.68 %),0,0,0,0,8,49.0
08/12/2016,0,0,4.3(-2.27 %),0,0,0,0,8,49.0
09/12/2016,0,0,4.21(-2.09 %),0,0,0,0,8,49.0
12/12/2016,0,0,4.29(1.90 %),0,0,0,0,8,49.0
13/12/2016,0,0,4.29(0.00 %),0,0,0,0,8,49.0
14/12/2016,0,0,4.1(-4.43 %),0,0,0,0,8,49.0
15/12/2016,0,0,4.27(4.15 %),0,0,0,0,8,49.0
16/12/2016,0,0,4.25(-0.47 %),0,0,0,0,8,49.0
19/12/2016,0,0,4.22(-0.71 %),0,0,0,0,8,49.0
20/12/2016,0,0,4.21(-0.24 %),0,0,0,0,8,49.0
21/12/2016,0,0,4.15(-1.43 %),0,0,0,0,8,49.0
22/12/2016,0,0,4.19(0.96 %),0,0,0,0,8,49.0
23/12/2016,0,0,4.04(-3.58 %),0,0,0,0,8,49.0
26/12/2016,0,0,4(-0.99 %),0,0,0,0,8,49.0
27/12/2016,0,0,3.99(-0.25 %),0,0,0,0,8,49.0
28/12/2016,0,0,4.09(2.51 %),0,0,0,0,8,49.0
29/12/2016,0,0,4.1(0.24 %),0,0,0,0,8,49.0
30/12/2016,0,0,4.35(6.10 %),0,0,0,0,8,49.0
03/01/2017,0,0,4.33(-0.46 %),0,0,0,0,8,49.0
04/01/2017,0,0,4.09(-5.54 %),0,0,0,0,8,49.0
05/01/2017,0,0,4(-2.20 %),0,0,0,0,8,49.0
06/01/2017,0,0,4.01(0.25 %),0,0,0,0,17,49.0
09/01/2017,0,0,4.11(2.49 %),0,0,0,0,17,49.0
10/01/2017,0,0,4.1(-0.24 %),0,0,0,0,17,49.0
11/01/2017,0,0,4(-2.44 %),0,0,0,0,17,49.0
12/01/2017,0,0,4(0.00 %),0,0,0,0,17,49.0
13/01/2017,0,0,4(0.00 %),0,0,0,0,17,49.0
16/01/2017,0,0,4.05(1.25 %),0,0,0,0,17,49.0
17/01/2017,0,0,4.02(-0.74 %),0,0,0,0,17,49.0
18/01/2017,0,0,4(-0.50 %),0,0,0,0,17,49.0
19/01/2017,0,0,4(0.00 %),0,0,0,0,17,49.0
20/01/2017,0,0,4.26(6.50 %),0,0,0,0,17,49.0
23/01/2017,0,0,4.17(-2.11 %),0,0,0,0,17,49.0
24/01/2017,0,0,4.15(-0.48 %),0,0,0,0,17,49.0
25/01/2017,0,0,4.19(0.96 %),0,0,0,0,17,49.0
02/02/2017,0,0,4.24(1.19 %),0,0,0,0,17,49.0
03/02/2017,0,0,4.2(-0.94 %),0,0,0,0,17,49.0
06/02/2017,0,0,4.3(2.38 %),0,0,0,0,17,49.0
07/02/2017,0,0,4.4(2.33 %),0,0,0,0,17,49.0
08/02/2017,0,0,4.5(2.27 %),0,0,0,0,17,49.0
09/02/2017,0,0,4.19(-6.89 %),0,0,0,0,17,49.0
10/02/2017,0,0,4.2(0.24 %),0,0,0,0,17,49.0
13/02/2017,0,0,4.48(6.67 %),0,0,0,0,17,49.0
14/02/2017,0,0,4.57(2.01 %),0,0,0,0,17,49.0
15/02/2017,0,0,4.64(1.53 %),0,0,0,0,17,49.0
16/02/2017,0,0,4.4(-5.17 %),0,0,0,0,17,49.0
17/02/2017,0,0,4.4(0.00 %),0,0,0,0,17,49.0
20/02/2017,0,0,4.4(0.00 %),0,0,0,0,17,49.0
21/02/2017,0,0,4.5(2.27 %),0,0,0,0,17,49.0
22/02/2017,0,0,4.4(-2.22 %),0,0,0,0,17,49.0
23/02/2017,0,0,4.31(-2.05 %),0,0,0,0,17,49.0
24/02/2017,0,0,4.45(3.25 %),0,0,0,0,17,49.0
27/02/2017,0,0,4.49(0.90 %),0,0,0,0,17,49.0
28/02/2017,0,0,4.35(-3.12 %),0,0,0,0,17,49.0
01/03/2017,0,0,4.2(-3.45 %),0,0,0,0,17,49.0
02/03/2017,0,0,4.2(0.00 %),0,0,0,0,17,49.0
03/03/2017,0,0,4.29(2.14 %),0,0,0,0,17,49.0
06/03/2017,0,0,4.25(-0.93 %),0,0,0,0,17,49.0
07/03/2017,0,0,4.24(-0.24 %),0,0,0,0,17,49.0
08/03/2017,0,0,4.24(0.00 %),0,0,0,0,17,49.0
09/03/2017,0,0,4.24(0.00 %),0,0,0,0,17,49.0
10/03/2017,0,0,4.2(-0.94 %),0,0,0,0,17,49.0
13/03/2017,0,0,4.39(4.52 %),0,0,0,0,17,49.0
14/03/2017,0,0,4.35(-0.91 %),0,0,0,0,17,49.0
15/03/2017,0,0,4.32(-0.69 %),0,0,0,0,17,49.0
16/03/2017,0,0,4.32(0.00 %),0,0,0,0,17,49.0
17/03/2017,0,0,4.3(-0.46 %),0,0,0,0,17,49.0
20/03/2017,0,0,4.31(0.23 %),0,0,0,0,17,49.0
21/03/2017,0,0,4.4(2.09 %),0,0,0,0,17,49.0
22/03/2017,0,0,4.37(-0.68 %),0,0,0,0,17,49.0
23/03/2017,0,0,4.35(-0.46 %),0,0,0,0,17,49.0
24/03/2017,0,0,4.24(-2.53 %),0,0,0,0,17,49.0
27/03/2017,0,0,4.22(-0.47 %),0,0,0,0,17,49.0
28/03/2017,0,0,4.23(0.24 %),0,0,0,0,17,49.0
29/03/2017,0,0,4.23(0.00 %),0,0,0,0,17,49.0
30/03/2017,0,0,4.35(2.84 %),0,0,0,0,17,49.0
31/03/2017,0,0,4.35(0.00 %),0,0,0,0,17,49.0
03/04/2017,0,0,4.33(-0.46 %),0,0,0,0,17,49.0
04/04/2017,0,0,4.37(0.92 %),0,0,0,0,17,49.0
05/04/2017,0,0,4.39(0.46 %),0,0,0,0,17,49.0
07/04/2017,0,0,4.25(-3.19 %),0,0,0,0,17,49.0
10/04/2017,0,0,4.36(2.59 %),0,0,0,0,17,49.0
11/04/2017,0,0,4.35(-0.23 %),0,0,0,0,17,49.0
12/04/2017,0,0,4.35(0.00 %),0,0,0,0,17,49.0
13/04/2017,0,0,4.3(-1.15 %),0,0,0,0,17,49.0
14/04/2017,0,0,4.36(1.40 %),0,0,0,0,17,49.0
17/04/2017,0,0,4.21(-3.44 %),0,0,0,0,17,49.0
18/04/2017,0,0,4.29(1.90 %),0,0,0,0,17,49.0
19/04/2017,0,0,4.26(-0.70 %),0,0,0,0,17,49.0
20/04/2017,0,0,4.3(0.94 %),0,0,0,0,17,49.0
21/04/2017,0,0,4.3(0.00 %),0,0,0,0,17,49.0
24/04/2017,0,0,4.32(0.47 %),0,0,0,0,17,49.0
25/04/2017,0,0,4.32(0.00 %),0,0,0,0,17,49.0
26/04/2017,0,0,4.1(-5.09 %),0,0,0,0,17,49.0
27/04/2017,0,0,3.82(-6.83 %),0,0,0,0,17,49.0
28/04/2017,0,0,3.99(4.45 %),0,0,0,0,17,49.0
03/05/2017,0,0,3.8(-4.76 %),0,0,0,0,17,49.0
04/05/2017,-11810,-42040000,3.6(-5.26 %),0,0,11810,42040000,17,49.0
05/05/2017,0,0,3.68(2.22 %),0,0,0,0,17,49.0
08/05/2017,0,0,3.71(0.82 %),0,0,0,0,17,49.0
09/05/2017,0,0,3.8(2.43 %),0,0,0,0,11827,48.89
10/05/2017,11820,46840000,4.06(6.84 %),11820,46840000,0,0,7,49.0
11/05/2017,0,0,3.9(-3.94 %),0,0,0,0,7,49.0
12/05/2017,0,0,3.9(0.00 %),0,0,0,0,7,49.0
15/05/2017,0,0,3.95(1.28 %),0,0,0,0,7,49.0
16/05/2017,0,0,3.96(0.25 %),0,0,0,0,7,49.0
17/05/2017,0,0,3.97(0.25 %),0,0,0,0,7,49.0
18/05/2017,0,0,4(0.76 %),0,0,0,0,7,49.0
19/05/2017,0,0,4.04(1.00 %),0,0,0,0,7,49.0
22/05/2017,0,0,3.99(-1.24 %),0,0,0,0,7,49.0
23/05/2017,0,0,3.99(0.00 %),0,0,0,0,7,49.0
24/05/2017,0,0,4.04(1.25 %),0,0,0,0,7,49.0
25/05/2017,0,0,4(-0.99 %),0,0,0,0,7,49.0
26/05/2017,0,0,3.99(-0.25 %),0,0,0,0,7,49.0
29/05/2017,0,0,3.95(-1.00 %),0,0,0,0,7,49.0
30/05/2017,0,0,3.76(-4.81 %),0,0,0,0,7,49.0
31/05/2017,0,0,3.93(4.52 %),0,0,0,0,7,49.0
01/06/2017,0,0,3.8(-3.31 %),0,0,0,0,7,49.0
02/06/2017,0,0,3.8(0.00 %),0,0,0,0,7,49.0
05/06/2017,0,0,3.95(3.95 %),0,0,0,0,7,49.0
06/06/2017,0,0,3.91(-1.01 %),0,0,0,0,7,49.0
07/06/2017,0,0,3.89(-0.51 %),0,0,0,0,7,49.0
08/06/2017,0,0,3.88(-0.26 %),0,0,0,0,7,49.0
09/06/2017,0,0,3.92(1.03 %),0,0,0,0,7,49.0
12/06/2017,0,0,3.92(0.00 %),0,0,0,0,7,49.0
13/06/2017,0,0,3.94(0.51 %),0,0,0,0,7,49.0
14/06/2017,0,0,3.94(0.00 %),0,0,0,0,7,49.0
15/06/2017,0,0,3.95(0.25 %),0,0,0,0,7,49.0
16/06/2017,0,0,3.85(-2.53 %),0,0,0,0,7,49.0
19/06/2017,0,0,3.85(0.00 %),0,0,0,0,7,49.0
20/06/2017,0,0,3.99(3.64 %),0,0,0,0,7,49.0
21/06/2017,0,0,3.99(0.00 %),0,0,0,0,7,49.0
22/06/2017,0,0,3.9(-2.26 %),0,0,0,0,7,49.0
23/06/2017,0,0,3.97(1.79 %),0,0,0,0,7,49.0
26/06/2017,0,0,3.96(-0.25 %),0,0,0,0,7,49.0
27/06/2017,0,0,3.95(-0.25 %),0,0,0,0,7,49.0
28/06/2017,0,0,3.95(0.00 %),0,0,0,0,7,49.0
29/06/2017,0,0,3.86(-2.28 %),0,0,0,0,7,49.0
30/06/2017,0,0,3.9(1.04 %),0,0,0,0,7,49.0
03/07/2017,0,0,3.9(0.00 %),0,0,0,0,7,49.0
04/07/2017,0,0,3.9(0.00 %),0,0,0,0,7,49.0
05/07/2017,0,0,3.9(0.00 %),0,0,0,0,7,49.0
06/07/2017,0,0,3.93(0.77 %),0,0,0,0,7,49.0
07/07/2017,0,0,4.05(3.05 %),0,0,0,0,7,49.0
10/07/2017,0,0,4.05(0.00 %),0,0,0,0,7,49.0
11/07/2017,0,0,4(-1.23 %),0,0,0,0,7,49.0
12/07/2017,0,0,3.99(-0.25 %),0,0,0,0,7,49.0
13/07/2017,0,0,3.97(-0.50 %),0,0,0,0,7,49.0
14/07/2017,0,0,3.9(-1.76 %),0,0,0,0,7,49.0
17/07/2017,0,0,4(2.56 %),0,0,0,0,7,49.0
18/07/2017,0,0,3.85(-3.75 %),0,0,0,0,7,49.0
19/07/2017,0,0,3.95(2.60 %),0,0,0,0,7,49.0
20/07/2017,0,0,3.95(0.00 %),0,0,0,0,7,49.0
21/07/2017,-10,-40000,3.9(-1.27 %),0,0,10,40000,7,49.0
24/07/2017,0,0,3.95(1.28 %),0,0,0,0,7,49.0
25/07/2017,0,0,3.94(-0.25 %),0,0,0,0,7,49.0
26/07/2017,0,0,3.93(-0.25 %),0,0,0,0,17,49.0
27/07/2017,0,0,3.95(0.51 %),0,0,0,0,17,49.0
28/07/2017,0,0,3.9(-1.27 %),0,0,0,0,17,49.0
31/07/2017,0,0,3.89(-0.26 %),0,0,0,0,17,49.0
01/08/2017,0,0,3.85(-1.03 %),0,0,0,0,17,49.0
02/08/2017,0,0,3.9(1.30 %),0,0,0,0,17,49.0
03/08/2017,0,0,3.88(-0.51 %),0,0,0,0,17,49.0
04/08/2017,0,0,3.89(0.26 %),0,0,0,0,17,49.0
07/08/2017,0,0,3.98(2.31 %),0,0,0,0,17,49.0
08/08/2017,-10,-40000,3.83(-3.77 %),0,0,10,40000,17,49.0
09/08/2017,-11510,-44890000,3.9(1.83 %),0,0,11510,44890000,17,49.0
10/08/2017,0,0,3.9(0.00 %),0,0,0,0,17,49.0
11/08/2017,0,0,3.82(-2.05 %),0,0,0,0,27,49.0
14/08/2017,0,0,3.95(3.40 %),0,0,0,0,11537,48.89
15/08/2017,0,0,3.94(-0.25 %),0,0,0,0,11537,48.89
16/08/2017,-90,-340000,3.93(-0.25 %),0,0,90,340000,11537,48.89
17/08/2017,0,0,3.89(-1.02 %),0,0,0,0,11537,48.89
18/08/2017,0,0,3.85(-1.03 %),0,0,0,0,11537,48.89
21/08/2017,0,0,3.89(1.04 %),0,0,0,0,11627,48.89
22/08/2017,0,0,3.85(-1.03 %),0,0,0,0,11627,48.89
23/08/2017,0,0,3.88(0.78 %),0,0,0,0,11627,48.89
24/08/2017,0,0,3.85(-0.77 %),0,0,0,0,11627,48.89
25/08/2017,0,0,3.87(0.52 %),0,0,0,0,11627,48.89
28/08/2017,1000,3890000,3.89(0.52 %),1000,3890000,0,0,10627,48.9
29/08/2017,1000,3890000,3.89(0.00 %),1000,3890000,0,0,9627,48.91
30/08/2017,1000,3890000,3.71(-4.63 %),1000,3890000,0,0,8627,48.92
31/08/2017,0,0,3.9(5.12 %),0,0,0,0,8627,48.92
01/09/2017,0,0,3.89(-0.26 %),0,0,0,0,8627,48.92
05/09/2017,0,0,3.89(0.00 %),0,0,0,0,8627,48.92
06/09/2017,0,0,3.69(-5.14 %),0,0,0,0,8627,48.92
07/09/2017,0,0,3.71(0.54 %),0,0,0,0,8627,48.92
08/09/2017,0,0,3.84(3.50 %),0,0,0,0,8627,48.92
11/09/2017,0,0,3.82(-0.52 %),0,0,0,0,8627,48.92
12/09/2017,0,0,3.82(0.00 %),0,0,0,0,8627,48.92
13/09/2017,0,0,3.82(0.00 %),0,0,0,0,8627,48.92
14/09/2017,0,0,3.8(-0.52 %),0,0,0,0,8627,48.92
15/09/2017,0,0,3.8(0.00 %),0,0,0,0,8627,48.92
18/09/2017,1700,6460000,3.8(0.00 %),1700,6460000,0,0,6927,48.93
19/09/2017,0,0,3.7(-2.63 %),0,0,0,0,6927,48.93
20/09/2017,0,0,3.79(2.43 %),0,0,0,0,6931,48.93
21/09/2017,0,0,3.71(-2.11 %),0,0,0,0,6931,48.93
22/09/2017,0,0,3.77(1.62 %),0,0,0,0,6931,48.93
25/09/2017,0,0,3.77(0.00 %),0,0,0,0,6931,48.93
26/09/2017,0,0,3.79(0.53 %),0,0,0,0,6931,48.93
27/09/2017,0,0,3.75(-1.06 %),0,0,0,0,6931,48.93
28/09/2017,0,0,3.75(0.00 %),0,0,0,0,6931,48.93
29/09/2017,0,0,3.79(1.07 %),0,0,0,0,6931,48.93
02/10/2017,0,0,3.8(0.26 %),0,0,0,0,6931,99.86
03/10/2017,0,0,3.89(2.37 %),0,0,0,0,6931,99.86
04/10/2017,0,0,3.81(-2.06 %),0,0,0,0,6931,99.86
05/10/2017,0,0,3.71(-2.62 %),0,0,0,0,6931,99.86
06/10/2017,0,0,3.83(3.23 %),0,0,0,0,6931,99.86
09/10/2017,0,0,3.8(-0.78 %),0,0,0,0,6931,99.86
10/10/2017,0,0,3.8(0.00 %),0,0,0,0,6931,99.86
11/10/2017,0,0,3.8(0.00 %),0,0,0,0,6931,99.86
12/10/2017,0,0,3.88(2.11 %),0,0,0,0,6931,99.86
13/10/2017,0,0,3.71(-4.38 %),0,0,0,0,6931,99.86
16/10/2017,0,0,3.75(1.08 %),0,0,0,0,6931,99.86
17/10/2017,0,0,3.7(-1.33 %),0,0,0,0,6931,99.86
18/10/2017,0,0,3.7(0.00 %),0,0,0,0,6931,99.86
19/10/2017,0,0,3.7(0.00 %),0,0,0,0,6931,99.86
20/10/2017,-2450,-9070000,3.7(0.00 %),0,0,2450,9070000,6931,99.86
23/10/2017,0,0,3.83(3.51 %),0,0,0,0,6931,99.86
24/10/2017,0,0,3.79(-1.04 %),0,0,0,0,6931,99.86
25/10/2017,0,0,3.65(-3.69 %),0,0,0,0,9381,99.82
26/10/2017,0,0,3.8(4.11 %),0,0,0,0,9381,99.82
27/10/2017,0,0,3.79(-0.26 %),0,0,0,0,9381,99.82
30/10/2017,0,0,3.78(-0.26 %),0,0,0,0,9381,99.82
31/10/2017,0,0,3.55(-6.08 %),0,0,0,0,9381,48.91
01/11/2017,1190,4220000,3.55(0.00 %),1190,4220000,0,0,8191,48.92
02/11/2017,0,0,3.75(5.63 %),0,0,0,0,8191,48.92
03/11/2017,-1680,-5880000,3.69(-1.60 %),1060,3920000,2740,9800000,7131,48.93
06/11/2017,0,0,3.73(1.08 %),0,0,0,0,7131,48.93
07/11/2017,0,0,3.73(0.00 %),0,0,0,0,7131,48.93
08/11/2017,0,0,3.51(-5.90 %),0,0,0,0,9871,48.9
09/11/2017,0,0,3.58(1.99 %),0,0,0,0,9871,48.9
10/11/2017,0,0,3.62(1.12 %),0,0,0,0,9871,48.9
13/11/2017,0,0,3.62(0.00 %),0,0,0,0,9871,48.9
14/11/2017,7760,26810000,3.55(-1.93 %),7760,26810000,0,0,2111,48.98
15/11/2017,0,0,3.36(-5.35 %),0,0,0,0,2111,48.98
16/11/2017,0,0,3.57(6.25 %),0,0,0,0,2111,48.98
17/11/2017,0,0,3.33(-6.72 %),0,0,0,0,2115,48.98
20/11/2017,0,0,3.5(5.11 %),0,0,0,0,2124,48.98
21/11/2017,0,0,3.46(-1.14 %),0,0,0,0,2124,48.98
22/11/2017,0,0,3.23(-6.65 %),0,0,0,0,2124,48.98
23/11/2017,0,0,3.4(5.26 %),0,0,0,0,2124,48.98
24/11/2017,0,0,3.4(0.00 %),0,0,0,0,2124,48.98
27/11/2017,0,0,3.4(0.00 %),0,0,0,0,2124,48.98
28/11/2017,0,0,3.42(0.59 %),0,0,0,0,2124,48.98
29/11/2017,0,0,3.45(0.88 %),0,0,0,0,2124,48.98
30/11/2017,0,0,3.4(-1.45 %),0,0,0,0,2124,48.98
01/12/2017,0,0,3.4(0.00 %),0,0,0,0,2124,48.98
04/12/2017,0,0,3.24(-4.71 %),0,0,0,0,2124,48.98
05/12/2017,-3520,-11260000,3.4(4.94 %),0,0,3520,11260000,2124,48.98
06/12/2017,0,0,3.4(0.00 %),0,0,0,0,2124,48.98
07/12/2017,0,0,3.54(4.12 %),0,0,0,0,2124,48.98
08/12/2017,0,0,3.5(-1.13 %),0,0,0,0,5644,48.95
11/12/2017,0,0,3.49(-0.29 %),0,0,0,0,5644,48.95
12/12/2017,0,0,3.48(-0.29 %),0,0,0,0,5644,48.95
13/12/2017,0,0,3.64(4.60 %),0,0,0,0,5644,48.95
14/12/2017,0,0,3.4(-6.59 %),0,0,0,0,5644,48.95
15/12/2017,0,0,3.54(4.12 %),0,0,0,0,5644,48.95
18/12/2017,0,0,3.4(-3.95 %),0,0,0,0,5644,48.95
19/12/2017,0,0,3.4(0.00 %),0,0,0,0,5644,48.95
20/12/2017,0,0,3.45(1.47 %),0,0,0,0,5644,48.95
21/12/2017,0,0,3.4(-1.45 %),0,0,0,0,5644,48.95
22/12/2017,0,0,3.4(0.00 %),0,0,0,0,5644,48.95
25/12/2017,0,0,3.4(0.00 %),0,0,0,0,5644,48.95
26/12/2017,0,0,3.46(1.76 %),0,0,0,0,5644,48.95
27/12/2017,0,0,3.53(2.02 %),0,0,0,0,5644,48.95
28/12/2017,0,0,3.39(-3.97 %),0,0,0,0,5644,48.95
29/12/2017,0,0,3.33(-1.77 %),0,0,0,0,5644,48.95
02/01/2018,0,0,3.39(1.80 %),0,0,0,0,5644,48.95
03/01/2018,-1350,-4320000,3.29(-2.95 %),0,0,1350,4320000,5644,48.95
04/01/2018,-12320,-39060000,3.27(-0.61 %),0,0,12320,39060000,5644,48.95
05/01/2018,3470,11610000,3.38(3.36 %),3470,11610000,0,0,2174,48.98
08/01/2018,0,0,3.38(0.00 %),0,0,0,0,3524,48.97
09/01/2018,80,270000,3.38(0.00 %),80,270000,0,0,15764,48.85
10/01/2018,20,70000,3.38(0.00 %),20,70000,0,0,15744,48.85
11/01/2018,0,0,3.19(-5.62 %),0,0,0,0,15744,48.85
12/01/2018,1760,5790000,3.2(0.31 %),1760,5790000,0,0,13984,48.87
15/01/2018,0,0,3.2(0.00 %),0,0,0,0,13984,48.87
16/01/2018,0,0,3.37(5.31 %),0,0,0,0,13984,48.87
17/01/2018,0,0,3.36(-0.30 %),0,0,0,0,13984,48.87
18/01/2018,0,0,3.3(-1.79 %),0,0,0,0,13984,48.87
19/01/2018,0,0,3.3(0.00 %),0,0,0,0,13984,48.87
22/01/2018,0,0,3.15(-4.55 %),0,0,0,0,13984,99.72
25/01/2018,300,900000,3.15(0.00 %),300,900000,0,0,13684,99.73
26/01/2018,0,0,3.24(2.86 %),0,0,0,0,13684,99.73
29/01/2018,0,0,3.18(-1.85 %),0,0,0,0,13684,99.73
30/01/2018,0,0,3(-5.66 %),0,0,0,0,13684,99.73
31/01/2018,-1000,-3000000,2.91(-3.00 %),0,0,1000,3000000,13684,99.73
01/02/2018,0,0,3.09(6.19 %),0,0,0,0,13684,99.73
02/02/2018,0,0,3.19(3.24 %),0,0,0,0,13684,99.73
05/02/2018,0,0,2.98(-6.58 %),0,0,0,0,14684,99.71
06/02/2018,0,0,3(0.67 %),0,0,0,0,14684,99.71
07/02/2018,0,0,2.99(-0.33 %),0,0,0,0,14684,99.71
08/02/2018,0,0,3.09(3.34 %),0,0,0,0,14684,99.71
09/02/2018,0,0,3(-2.91 %),0,0,0,0,14684,99.71
12/02/2018,0,0,3.16(5.33 %),0,0,0,0,14684,99.71
13/02/2018,-21610,-64570000,3(-5.06 %),2000,6260000,23610,70830000,12684,99.75
21/02/2018,-800,-2350000,2.95(-1.67 %),0,0,800,2350000,12684,99.75
22/02/2018,-1030,-3000000,2.91(-1.36 %),0,0,1030,3000000,12684,99.75
23/02/2018,-7310,-21270000,2.91(0.00 %),0,0,7310,21270000,36294,99.29
26/02/2018,-3250,-9460000,2.91(0.00 %),0,0,3250,9460000,37094,99.27
27/02/2018,-9010,-24640000,2.91(0.00 %),0,0,9010,24640000,38124,99.25
28/02/2018,-10000,-29100000,2.72(-6.53 %),0,0,10000,29100000,45434,99.11
01/03/2018,-10510,-28590000,2.71(-0.37 %),0,0,10510,28590000,48684,99.04
02/03/2018,0,0,2.68(-1.11 %),0,0,0,0,57694,98.86
05/03/2018,-100230,-268520000,2.68(0.00 %),0,0,100230,268520000,67694,98.67
06/03/2018,0,0,2.59(-3.36 %),0,0,0,0,78204,98.46
07/03/2018,50,140000,2.72(5.02 %),70,190000,20,50000,78134,98.46
08/03/2018,4370,12720000,2.91(6.99 %),4370,12720000,0,0,173994,96.58
09/03/2018,10,30000,3.11(6.87 %),10,30000,0,0,173984,96.58
12/03/2018,44940,149200000,3.32(6.75 %),44940,149200000,0,0,129064,97.46
13/03/2018,21690,76050000,3.34(0.60 %),21690,76050000,0,0,107374,97.89
14/03/2018,0,0,3.35(0.30 %),0,0,0,0,107374,97.89
15/03/2018,0,0,3.14(-6.27 %),0,0,0,0,107374,97.89
16/03/2018,0,0,3.3(5.10 %),0,0,0,0,107374,97.89
19/03/2018,0,0,3.08(-6.67 %),0,0,0,0,107374,97.89
20/03/2018,0,0,3.2(3.90 %),0,0,0,0,107374,97.89
21/03/2018,0,0,3.28(2.50 %),0,0,0,0,107374,97.89
22/03/2018,0,0,3.2(-2.44 %),0,0,0,0,107374,97.89
23/03/2018,0,0,3.36(5.00 %),0,0,0,0,107374,97.89
26/03/2018,0,0,3.35(-0.30 %),0,0,0,0,107374,97.89
27/03/2018,0,0,3.12(-6.87 %),0,0,0,0,107374,97.89
28/03/2018,0,0,3.11(-0.32 %),0,0,0,0,107374,97.89
29/03/2018,0,0,3.05(-1.93 %),0,0,0,0,107374,97.89
30/03/2018,0,0,2.99(-1.97 %),0,0,0,0,107374,97.89
02/04/2018,0,0,2.89(-3.34 %),0,0,0,0,107374,97.89
03/04/2018,0,0,2.94(1.73 %),0,0,0,0,107374,97.89
04/04/2018,0,0,2.89(-1.70 %),0,0,0,0,107374,97.89
05/04/2018,0,0,2.98(3.11 %),0,0,0,0,107374,97.89
06/04/2018,0,0,2.92(-2.01 %),0,0,0,0,107374,97.89
09/04/2018,0,0,2.95(1.03 %),0,0,0,0,107374,97.89
10/04/2018,0,0,2.95(0.00 %),0,0,0,0,107374,97.89
11/04/2018,0,0,2.9(-1.69 %),0,0,0,0,107374,97.89
12/04/2018,0,0,2.8(-3.45 %),0,0,0,0,107374,97.89
13/04/2018,0,0,2.79(-0.36 %),0,0,0,0,107374,97.89
16/04/2018,0,0,2.68(-3.94 %),0,0,0,0,107374,97.89
17/04/2018,0,0,2.7(0.75 %),0,0,0,0,107374,97.89
18/04/2018,0,0,2.7(0.00 %),0,0,0,0,107374,97.89
19/04/2018,0,0,2.86(5.93 %),0,0,0,0,107374,97.89
20/04/2018,0,0,2.67(-6.64 %),0,0,0,0,107374,97.89
23/04/2018,0,0,2.73(2.25 %),0,0,0,0,107374,97.89
24/04/2018,0,0,2.92(6.96 %),0,0,0,0,107374,97.89
26/04/2018,0,0,2.92(0.00 %),0,0,0,0,107374,97.89
27/04/2018,0,0,2.9(-0.68 %),0,0,0,0,107374,97.89
02/05/2018,0,0,2.9(0.00 %),0,0,0,0,107374,97.89
03/05/2018,0,0,2.9(0.00 %),0,0,0,0,107374,97.89
04/05/2018,0,0,2.9(0.00 %),0,0,0,0,107377,97.89
07/05/2018,0,0,2.87(-1.03 %),0,0,0,0,107377,97.89
08/05/2018,0,0,2.87(0.00 %),0,0,0,0,107377,97.89
09/05/2018,0,0,2.98(3.83 %),0,0,0,0,107377,97.89
10/05/2018,0,0,2.8(-6.04 %),0,0,0,0,107377,97.89
11/05/2018,0,0,2.92(4.29 %),0,0,0,0,107377,97.89
14/05/2018,0,0,2.88(-1.37 %),0,0,0,0,107377,97.89
15/05/2018,-1480,-3970000,2.81(-2.43 %),0,0,1480,3970000,107377,97.89
16/05/2018,0,0,2.81(0.00 %),0,0,0,0,107377,97.89
17/05/2018,-30,-80000,2.79(-0.71 %),0,0,30,80000,107377,97.89
18/05/2018,-680,-1780000,2.74(-1.79 %),0,0,680,1780000,108857,97.86
21/05/2018,0,0,2.69(-1.82 %),0,0,0,0,108857,97.86
22/05/2018,-10,-30000,2.7(0.37 %),0,0,10,30000,108887,97.86
23/05/2018,0,0,2.68(-0.74 %),0,0,0,0,109567,97.84
24/05/2018,-100,-260000,2.6(-2.99 %),0,0,100,260000,109567,97.84
25/05/2018,0,0,2.77(6.54 %),0,0,0,0,109577,97.84
28/05/2018,0,0,2.58(-6.86 %),0,0,0,0,109577,97.84
29/05/2018,0,0,2.76(6.98 %),0,0,0,0,109683,97.84
30/05/2018,0,0,2.91(5.43 %),0,0,0,0,109683,97.84
31/05/2018,0,0,2.71(-6.87 %),0,0,0,0,109683,97.84
01/06/2018,0,0,2.69(-0.74 %),0,0,0,0,109683,97.84
04/06/2018,0,0,2.79(3.72 %),0,0,0,0,109683,97.84
05/06/2018,0,0,2.85(2.15 %),0,0,0,0,109683,97.84
06/06/2018,-200,-530000,2.83(-0.70 %),0,0,200,530000,109683,97.84
07/06/2018,0,0,2.77(-2.12 %),0,0,0,0,109683,97.84
08/06/2018,0,0,2.76(-0.36 %),0,0,0,0,109683,97.84
11/06/2018,0,0,2.9(5.07 %),0,0,0,0,109883,97.84
12/06/2018,0,0,2.7(-6.90 %),0,0,0,0,109883,97.84
13/06/2018,0,0,2.58(-4.44 %),0,0,0,0,109883,97.84
14/06/2018,0,0,2.75(6.59 %),0,0,0,0,109883,97.84
15/06/2018,0,0,2.7(-1.82 %),0,0,0,0,109883,97.84
18/06/2018,0,0,2.68(-0.74 %),0,0,0,0,109883,97.84
19/06/2018,0,0,2.66(-0.75 %),0,0,0,0,109883,97.84
20/06/2018,0,0,2.62(-1.50 %),0,0,0,0,109883,97.84
21/06/2018,0,0,2.66(1.53 %),0,0,0,0,109883,97.84
22/06/2018,0,0,2.61(-1.88 %),0,0,0,0,109883,97.84
25/06/2018,90850,220770000,2.61(0.00 %),90850,220770000,0,0,19033,99.63
26/06/2018,0,0,2.75(5.36 %),0,0,0,0,19033,99.63
27/06/2018,0,0,2.69(-2.18 %),0,0,0,0,19033,99.63
28/06/2018,210,560000,2.68(-0.37 %),210,560000,0,0,18823,99.63
29/06/2018,0,0,2.6(-2.99 %),0,0,0,0,18823,99.63
02/07/2018,0,0,2.6(0.00 %),0,0,0,0,18823,99.63
03/07/2018,0,0,2.71(4.23 %),0,0,0,0,18823,99.63
04/07/2018,0,0,2.69(-0.74 %),0,0,0,0,18823,99.63
05/07/2018,0,0,2.68(-0.37 %),0,0,0,0,18823,99.63
06/07/2018,0,0,2.65(-1.12 %),0,0,0,0,18823,99.63
09/07/2018,0,0,2.47(-6.79 %),0,0,0,0,18823,99.63
10/07/2018,0,0,2.56(3.64 %),0,0,0,0,18823,99.63
11/07/2018,0,0,2.4(-6.25 %),0,0,0,0,18823,99.63
12/07/2018,0,0,2.55(6.25 %),0,0,0,0,18823,99.63
13/07/2018,0,0,2.55(0.00 %),0,0,0,0,18823,99.63
16/07/2018,0,0,2.55(0.00 %),0,0,0,0,18823,99.63
17/07/2018,0,0,2.69(5.49 %),0,0,0,0,18823,99.63
18/07/2018,0,0,2.51(-6.69 %),0,0,0,0,18823,48.82
19/07/2018,0,0,2.65(5.58 %),0,0,0,0,18823,99.63
20/07/2018,-1140,-2820000,2.5(-5.66 %),0,0,1140,2820000,18823,99.63
23/07/2018,0,0,2.55(2.00 %),0,0,0,0,18823,48.82
24/07/2018,0,0,2.38(-6.67 %),0,0,0,0,18823,99.63
25/07/2018,0,0,2.3(-3.36 %),0,0,0,0,19963,99.61
26/07/2018,0,0,2.3(0.00 %),0,0,0,0,19963,99.61
27/07/2018,-160,-370000,2.4(4.35 %),0,0,160,370000,19963,99.61
30/07/2018,0,0,2.48(3.33 %),0,0,0,0,19963,99.61
31/07/2018,0,0,2.48(0.00 %),0,0,0,0,19963,48.81
01/08/2018,0,0,2.65(6.85 %),0,0,0,0,20123,99.6
02/08/2018,0,0,2.65(0.00 %),0,0,0,0,20123,99.6
03/08/2018,0,0,2.72(2.64 %),0,0,0,0,20123,99.6
06/08/2018,0,0,2.72(0.00 %),0,0,0,0,20123,48.81
07/08/2018,0,0,2.7(-0.74 %),0,0,0,0,20123,99.6
08/08/2018,0,0,2.64(-2.22 %),0,0,0,0,20123,99.6
09/08/2018,0,0,2.69(1.89 %),0,0,0,0,20123,99.6
10/08/2018,0,0,2.55(-5.20 %),0,0,0,0,20123,99.6
13/08/2018,0,0,2.69(5.49 %),0,0,0,0,20123,99.6
14/08/2018,0,0,2.66(-1.12 %),0,0,0,0,20123,99.6
15/08/2018,0,0,2.65(-0.38 %),0,0,0,0,20123,99.6
16/08/2018,0,0,2.8(5.66 %),0,0,0,0,20123,99.6
17/08/2018,0,0,2.8(0.00 %),0,0,0,0,20123,48.81
20/08/2018,0,0,2.8(0.00 %),0,0,0,0,20126,99.6
21/08/2018,0,0,2.61(-6.79 %),0,0,0,0,20126,99.6
22/08/2018,0,0,2.61(0.00 %),0,0,0,0,20126,99.6
23/08/2018,0,0,2.61(0.00 %),0,0,0,0,20126,99.6
24/08/2018,0,0,2.69(3.07 %),0,0,0,0,20126,99.6
27/08/2018,0,0,2.69(0.00 %),0,0,0,0,20126,99.6
28/08/2018,0,0,2.78(3.35 %),0,0,0,0,20126,99.6
29/08/2018,0,0,2.72(-2.16 %),0,0,0,0,20126,99.6
30/08/2018,-200,-510000,2.74(0.74 %),0,0,200,510000,20126,99.6
31/08/2018,0,0,2.74(0.00 %),0,0,0,0,20126,99.6
04/09/2018,0,0,2.71(-1.09 %),0,0,0,0,20126,99.6
05/09/2018,0,0,2.71(0.00 %),0,0,0,0,20326,99.6
06/09/2018,0,0,2.73(0.74 %),0,0,0,0,20326,99.6
07/09/2018,0,0,2.58(-5.49 %),0,0,0,0,20326,48.8
10/09/2018,-600,-1480000,2.68(3.88 %),0,0,600,1480000,20326,99.6
11/09/2018,-1300,-3350000,2.73(1.87 %),0,0,1300,3350000,20326,99.6
12/09/2018,0,0,2.72(-0.37 %),0,0,0,0,20326,99.6
13/09/2018,0,0,2.7(-0.74 %),0,0,0,0,20926,99.59
14/09/2018,0,0,2.6(-3.70 %),0,0,0,0,22226,99.56
17/09/2018,-1090,-2730000,2.6(0.00 %),0,0,1090,2730000,22226,99.56
18/09/2018,-30,-80000,2.6(0.00 %),0,0,30,80000,22226,99.56
19/09/2018,-330,-810000,2.6(0.00 %),0,0,330,810000,22230,99.56
20/09/2018,-500,-1240000,2.6(0.00 %),0,0,500,1240000,23320,99.54
21/09/2018,-150,-390000,2.56(-1.54 %),0,0,150,390000,23350,99.54
24/09/2018,-500,-1210000,2.42(-5.47 %),0,0,500,1210000,23680,99.53
25/09/2018,0,0,2.57(6.20 %),0,0,0,0,23680,48.77
26/09/2018,-350,-840000,2.5(-2.72 %),0,0,350,840000,24330,99.52
27/09/2018,0,0,2.55(2.00 %),0,0,0,0,24830,99.51
28/09/2018,0,0,2.53(-0.78 %),0,0,0,0,24830,48.76
01/10/2018,0,0,2.52(-0.40 %),0,0,0,0,25163,99.5
02/10/2018,0,0,2.57(1.98 %),0,0,0,0,25163,48.76
03/10/2018,-1350,-3290000,2.5(-2.72 %),0,0,1350,3290000,25163,99.5
04/10/2018,0,0,2.34(-6.40 %),0,0,0,0,25163,99.5
05/10/2018,0,0,2.49(6.41 %),0,0,0,0,25163,99.5
08/10/2018,0,0,2.49(0.00 %),0,0,0,0,26513,99.48
09/10/2018,0,0,2.49(0.00 %),0,0,0,0,26513,99.48
10/10/2018,0,0,2.53(1.61 %),0,0,0,0,26513,48.74
11/10/2018,-140,-331000,2.37(-6.32 %),0,0,140,331000,26653,48.74
12/10/2018,0,0,2.49(5.06 %),0,0,0,0,26653,48.74
15/10/2018,0,0,2.49(0.00 %),0,0,0,0,26513,99.48
16/10/2018,0,0,2.49(0.00 %),0,0,0,0,26653,99.48
17/10/2018,0,0,2.49(0.00 %),0,0,0,0,26653,48.74
18/10/2018,0,0,2.49(0.00 %),0,0,0,0,26653,99.48
19/10/2018,0,0,2.49(0.00 %),0,0,0,0,26653,48.74
22/10/2018,0,0,2.49(0.00 %),0,0,0,0,26653,99.48
23/10/2018,0,0,2.49(0.00 %),0,0,0,0,26653,48.74
24/10/2018,0,0,2.49(0.00 %),0,0,0,0,26653,99.48
25/10/2018,20,50000,2.49(0.00 %),20,50000,0,0,26633,99.48
26/10/2018,0,0,2.5(0.40 %),0,0,0,0,26641,99.48
29/10/2018,0,0,2.5(0.00 %),0,0,0,0,26641,99.48
30/10/2018,0,0,2.5(0.00 %),0,0,0,0,26641,48.74
31/10/2018,0,0,2.5(0.00 %),0,0,0,0,26641,48.74
01/11/2018,0,0,2.62(4.80 %),0,0,0,0,26641,99.48
02/11/2018,0,0,2.55(-2.67 %),0,0,0,0,26641,48.74
05/11/2018,50,130000,2.5(-1.96 %),50,130000,0,0,26591,99.48
06/11/2018,0,0,2.49(-0.40 %),0,0,0,0,26591,48.74
07/11/2018,0,0,2.45(-1.61 %),0,0,0,0,26591,99.48
08/11/2018,0,0,2.5(2.04 %),0,0,0,0,26591,99.48
09/11/2018,0,0,2.5(0.00 %),0,0,0,0,26591,99.48
12/11/2018,0,0,2.5(0.00 %),0,0,0,0,26591,99.48
13/11/2018,0,0,2.5(0.00 %),0,0,0,0,26591,99.48
14/11/2018,0,0,2.5(0.00 %),0,0,0,0,26591,99.48
15/11/2018,0,0,2.5(0.00 %),0,0,0,0,26591,99.48
16/11/2018,0,0,2.33(-6.80 %),0,0,0,0,26591,99.48
19/11/2018,0,0,2.48(6.44 %),0,0,0,0,26591,99.48
20/11/2018,0,0,2.4(-3.23 %),0,0,0,0,26591,99.48
21/11/2018,0,0,2.24(-6.67 %),0,0,0,0,26591,99.48
22/11/2018,0,0,2.38(6.25 %),0,0,0,0,26591,99.48
23/11/2018,0,0,2.38(0.00 %),0,0,0,0,26591,99.48
26/11/2018,0,0,2.38(0.00 %),0,0,0,0,26591,48.74
27/11/2018,0,0,2.45(2.94 %),0,0,0,0,26591,99.48
28/11/2018,0,0,2.45(0.00 %),0,0,0,0,26591,99.48
29/11/2018,0,0,2.45(0.00 %),0,0,0,0,26591,99.48
30/11/2018,0,0,2.44(-0.41 %),0,0,0,0,26591,99.48
03/12/2018,0,0,2.48(1.64 %),0,0,0,0,26591,48.74
04/12/2018,0,0,2.48(0.00 %),0,0,0,0,26591,99.48
05/12/2018,0,0,2.48(0.00 %),0,0,0,0,26591,48.74
06/12/2018,0,0,2.48(0.00 %),0,0,0,0,26591,99.48
07/12/2018,0,0,2.48(0.00 %),0,0,0,0,26591,99.48
10/12/2018,10,20000,2.48(0.00 %),10,20000,0,0,26581,99.48
11/12/2018,0,0,2.48(0.00 %),0,0,0,0,26581,99.48
12/12/2018,0,0,2.48(0.00 %),0,0,0,0,26581,99.48
13/12/2018,0,0,2.48(0.00 %),0,0,0,0,26581,99.48
14/12/2018,0,0,2.48(0.00 %),0,0,0,0,26581,99.48
17/12/2018,0,0,2.48(0.00 %),0,0,0,0,26581,99.48
18/12/2018,0,0,2.48(0.00 %),0,0,0,0,26581,99.48
19/12/2018,0,0,2.48(0.00 %),0,0,0,0,26581,99.48
20/12/2018,0,0,2.48(0.00 %),0,0,0,0,26581,99.48
21/12/2018,0,0,2.32(-6.45 %),0,0,0,0,26581,99.48
24/12/2018,0,0,2.2(-5.17 %),0,0,0,0,26581,99.48
25/12/2018,0,0,2.3(4.55 %),0,0,0,0,26581,99.48
26/12/2018,0,0,2.3(0.00 %),0,0,0,0,26581,48.74
27/12/2018,0,0,2.38(3.48 %),0,0,0,0,26581,99.48
28/12/2018,0,0,2.38(0.00 %),0,0,0,0,26581,99.48
02/01/2019,0,0,2.38(0.00 %),0,0,0,0,26581,48.74
03/01/2019,0,0,2.38(0.00 %),0,0,0,0,26581,48.74
04/01/2019,0,0,2.38(0.00 %),0,0,0,0,26581,99.48
07/01/2019,0,0,2.5(5.04 %),0,0,0,0,26581,48.74
08/01/2019,0,0,2.5(0.00 %),0,0,0,0,26581,99.48
09/01/2019,0,0,2.5(0.00 %),0,0,0,0,26581,99.48
10/01/2019,0,0,2.5(0.00 %),0,0,0,0,26581,99.48
11/01/2019,0,0,2.5(0.00 %),0,0,0,0,26581,99.48
14/01/2019,0,0,2.5(0.00 %),0,0,0,0,26581,99.48
15/01/2019,0,0,2.65(6.00 %),0,0,0,0,26581,99.48
16/01/2019,0,0,2.47(-6.79 %),0,0,0,0,26581,48.74
17/01/2019,0,0,2.47(0.00 %),0,0,0,0,26581,99.48
18/01/2019,0,0,2.47(0.00 %),0,0,0,0,26581,99.48
21/01/2019,0,0,2.47(0.00 %),0,0,0,0,26581,99.48
22/01/2019,0,0,2.47(0.00 %),0,0,0,0,26581,99.48
23/01/2019,0,0,2.47(0.00 %),0,0,0,0,26581,99.48
24/01/2019,0,0,2.58(4.45 %),0,0,0,0,26581,99.48
25/01/2019,0,0,2.58(0.00 %),0,0,0,0,26581,99.48
28/01/2019,0,0,2.58(0.00 %),0,0,0,0,26581,99.48
29/01/2019,10,24000,2.48(-3.88 %),10,24000,0,0,26571,48.74
30/01/2019,0,0,2.48(0.00 %),0,0,0,0,26571,99.48
31/01/2019,0,0,2.48(0.00 %),0,0,0,0,26571,99.48
01/02/2019,0,0,2.63(6.05 %),0,0,0,0,26571,99.48
11/02/2019,0,0,2.63(0.00 %),0,0,0,0,26571,99.48
12/02/2019,0,0,2.63(0.00 %),0,0,0,0,26571,99.48
13/02/2019,0,0,2.63(0.00 %),0,0,0,0,26571,99.48
14/02/2019,0,0,2.45(-6.84 %),0,0,0,0,26571,99.48
15/02/2019,0,0,2.59(5.71 %),0,0,0,0,26571,99.48
18/02/2019,0,0,2.49(-3.86 %),0,0,0,0,26571,99.48
19/02/2019,0,0,2.48(-0.40 %),0,0,0,0,26571,99.48
20/02/2019,0,0,2.31(-6.85 %),0,0,0,0,26571,99.48
21/02/2019,10,21500,2.15(-6.93 %),10,21500,0,0,26561,48.74
22/02/2019,-3550,-7632500,2.28(6.05 %),0,0,3550,7632500,30111,48.71
25/02/2019,0,0,2.27(-0.44 %),0,0,0,0,30111,48.71
26/02/2019,0,0,2.19(-3.52 %),0,0,0,0,30111,48.71
27/02/2019,20,43000,2.04(-6.85 %),20,43000,0,0,30091,48.71
28/02/2019,10,20000,2(-1.96 %),10,20000,0,0,30081,99.41
01/03/2019,0,0,2.08(4.00 %),0,0,0,0,30081,99.41
04/03/2019,0,0,2.11(1.44 %),0,0,0,0,30081,99.41
05/03/2019,1550,3160000,2.1(-0.47 %),1550,3160000,0,0,28531,99.44
06/03/2019,0,0,2.07(-1.43 %),0,0,0,0,28531,99.44
07/03/2019,20,41000,2.06(-0.48 %),20,41000,0,0,28511,48.73
08/03/2019,0,0,1.99(-3.40 %),0,0,0,0,28511,99.44
11/03/2019,0,0,1.86(-6.53 %),0,0,0,0,28511,99.44
12/03/2019,0,0,1.94(4.30 %),0,0,0,0,28511,99.44
13/03/2019,0,0,1.94(0.00 %),0,0,0,0,28511,99.44
14/03/2019,0,0,1.9(-2.06 %),0,0,0,0,28511,99.44
15/03/2019,0,0,1.9(0.00 %),0,0,0,0,28511,99.44
18/03/2019,0,0,1.99(4.74 %),0,0,0,0,28511,99.44
19/03/2019,0,0,1.98(-0.50 %),0,0,0,0,28511,99.44
20/03/2019,0,0,1.98(0.00 %),0,0,0,0,28511,99.44
21/03/2019,0,0,1.98(0.00 %),0,0,0,0,28511,99.44
22/03/2019,3230,6070000,1.88(-5.05 %),3250,6110000,20,40000,25261,99.5
25/03/2019,0,0,1.9(1.06 %),0,0,0,0,25281,48.76
26/03/2019,0,0,1.9(0.00 %),0,0,0,0,25281,48.76
27/03/2019,0,0,1.89(-0.53 %),0,0,0,0,25281,99.5
28/03/2019,0,0,1.89(0.00 %),0,0,0,0,25281,99.5
29/03/2019,0,0,1.88(-0.53 %),0,0,0,0,25281,99.5
01/04/2019,0,0,1.88(0.00 %),0,0,0,0,25281,99.5
02/04/2019,0,0,1.88(0.00 %),0,0,0,0,25281,99.5
03/04/2019,0,0,1.9(1.06 %),0,0,0,0,25281,99.5
04/04/2019,0,0,1.9(0.00 %),0,0,0,0,25281,99.5
05/04/2019,6000,11400000,1.9(0.00 %),6000,11400000,0,0,19281,99.62
08/04/2019,0,0,1.9(0.00 %),0,0,0,0,19281,99.62
09/04/2019,0,0,1.9(0.00 %),0,0,0,0,19281,99.62
10/04/2019,0,0,1.78(-6.32 %),0,0,0,0,19281,99.62
11/04/2019,0,0,1.89(6.18 %),0,0,0,0,19281,99.62
12/04/2019,0,0,1.89(0.00 %),0,0,0,0,19281,99.62
16/04/2019,0,0,1.89(0.00 %),0,0,0,0,19281,99.62
17/04/2019,0,0,1.89(0.00 %),0,0,0,0,19281,99.62
18/04/2019,0,0,1.85(-2.12 %),0,0,0,0,19281,99.62
19/04/2019,0,0,1.88(1.62 %),0,0,0,0,19281,99.62
22/04/2019,0,0,1.88(0.00 %),0,0,0,0,19281,99.62
23/04/2019,0,0,1.89(0.53 %),0,0,0,0,19281,99.62
24/04/2019,0,0,1.86(-1.59 %),0,0,0,0,19281,99.62
25/04/2019,0,0,1.86(0.00 %),0,0,0,0,19281,99.62
26/04/2019,0,0,1.85(-0.54 %),0,0,0,0,19281,99.62
02/05/2019,0,0,1.85(0.00 %),0,0,0,0,19281,99.62
03/05/2019,0,0,1.84(-0.54 %),0,0,0,0,19281,99.62
06/05/2019,0,0,1.84(0.00 %),0,0,0,0,19281,99.62
07/05/2019,0,0,1.84(0.00 %),0,0,0,0,19281,99.62
08/05/2019,0,0,1.84(0.00 %),0,0,0,0,19281,99.62
09/05/2019,0,0,1.84(0.00 %),0,0,0,0,19281,99.62
10/05/2019,0,0,1.84(0.00 %),0,0,0,0,19281,99.62
13/05/2019,0,0,1.94(5.43 %),0,0,0,0,19281,99.62
14/05/2019,0,0,1.94(0.00 %),0,0,0,0,19281,99.62
15/05/2019,0,0,1.81(-6.70 %),0,0,0,0,19281,99.62
16/05/2019,0,0,1.79(-1.10 %),0,0,0,0,19281,99.62
17/05/2019,0,0,1.7(-5.03 %),0,0,0,0,19281,99.62
20/05/2019,0,0,1.7(0.00 %),0,0,0,0,19281,99.62
21/05/2019,0,0,1.7(0.00 %),0,0,0,0,19281,99.62
22/05/2019,0,0,1.79(5.29 %),0,0,0,0,19281,99.62
23/05/2019,0,0,1.79(0.00 %),0,0,0,0,19281,99.62
24/05/2019,0,0,1.89(5.59 %),0,0,0,0,19281,99.62
27/05/2019,0,0,1.76(-6.88 %),0,0,0,0,19281,99.62
28/05/2019,0,0,1.76(0.00 %),0,0,0,0,19281,99.62
29/05/2019,5000,8750000,1.75(-0.57 %),5000,8750000,0,0,14281,99.72
30/05/2019,750,1280000,1.7(-2.86 %),750,1280000,0,0,13531,99.73
31/05/2019,7100,12070000,1.7(0.00 %),7100,12070000,0,0,6431,99.87
03/06/2019,0,0,1.76(3.53 %),0,0,0,0,6431,48.94
04/06/2019,930,1640000,1.76(0.00 %),930,1640000,0,0,5501,48.95
05/06/2019,0,0,1.85(5.11 %),0,0,0,0,5501,48.95
06/06/2019,0,0,1.85(0.00 %),0,0,0,0,5501,48.95
07/06/2019,0,0,1.85(0.00 %),0,0,0,0,5501,48.95
10/06/2019,0,0,1.89(2.16 %),0,0,0,0,5501,48.95
11/06/2019,0,0,1.89(0.00 %),0,0,0,0,5501,48.95
12/06/2019,0,0,1.99(5.29 %),0,0,0,0,5501,48.95
13/06/2019,0,0,1.99(0.00 %),0,0,0,0,5501,48.95
14/06/2019,0,0,1.86(-6.53 %),0,0,0,0,5501,48.95
17/06/2019,0,0,1.83(-1.61 %),0,0,0,0,5501,48.95
18/06/2019,0,0,1.83(0.00 %),0,0,0,0,5501,48.95
19/06/2019,0,0,1.83(0.00 %),0,0,0,0,5501,48.95
20/06/2019,0,0,1.79(-2.19 %),0,0,0,0,5501,48.95
21/06/2019,0,0,1.7(-5.03 %),0,0,0,0,5501,48.95
24/06/2019,0,0,1.7(0.00 %),0,0,0,0,5501,48.95
25/06/2019,0,0,1.7(0.00 %),0,0,0,0,5501,48.95
26/06/2019,0,0,1.6(-5.88 %),0,0,0,0,5501,48.95
27/06/2019,0,0,1.61(0.62 %),0,0,0,0,5501,48.95
28/06/2019,0,0,1.67(3.73 %),0,0,0,0,5501,48.95
01/07/2019,0,0,1.64(-1.80 %),0,0,0,0,5501,48.95
02/07/2019,0,0,1.75(6.71 %),0,0,0,0,5501,48.95
03/07/2019,0,0,1.85(5.71 %),0,0,0,0,5501,48.95
04/07/2019,0,0,1.83(-1.08 %),0,0,0,0,5501,48.95
05/07/2019,0,0,1.71(-6.56 %),0,0,0,0,5501,48.95
08/07/2019,5000,8000000,1.6(-6.43 %),5000,8000000,0,0,501,49.0
09/07/2019,500,750000,1.66(3.75 %),500,750000,0,0,1,49.0
10/07/2019,0,0,1.56(-6.02 %),0,0,0,0,1,49.0
11/07/2019,0,0,1.56(0.00 %),0,0,0,0,1,49.0
12/07/2019,0,0,1.56(0.00 %),0,0,0,0,1,49.0
15/07/2019,0,0,1.51(-3.21 %),0,0,0,0,1,49.0
16/07/2019,0,0,1.41(-6.62 %),0,0,0,0,1,49.0
17/07/2019,0,0,1.32(-6.38 %),0,0,0,0,1,49.0
18/07/2019,0,0,1.41(6.82 %),0,0,0,0,1,49.0
19/07/2019,0,0,1.49(5.67 %),0,0,0,0,1,49.0
22/07/2019,0,0,1.57(5.37 %),0,0,0,0,1,49.0
23/07/2019,0,0,1.66(5.73 %),0,0,0,0,1,49.0
24/07/2019,0,0,1.66(0.00 %),0,0,0,0,1,49.0
25/07/2019,0,0,1.66(0.00 %),0,0,0,0,1,49.0
26/07/2019,0,0,1.66(0.00 %),0,0,0,0,1,49.0
29/07/2019,0,0,1.66(0.00 %),0,0,0,0,1,49.0
30/07/2019,0,0,1.76(6.02 %),0,0,0,0,1,49.0
31/07/2019,0,0,1.76(0.00 %),0,0,0,0,1,49.0
01/08/2019,0,0,1.76(0.00 %),0,0,0,0,1,49.0
02/08/2019,0,0,1.76(0.00 %),0,0,0,0,1,49.0
05/08/2019,0,0,1.76(0.00 %),0,0,0,0,1,49.0
06/08/2019,0,0,1.76(0.00 %),0,0,0,0,1,49.0
07/08/2019,0,0,1.76(0.00 %),0,0,0,0,1,49.0
08/08/2019,0,0,1.64(-6.82 %),0,0,0,0,1,49.0
09/08/2019,0,0,1.64(0.00 %),0,0,0,0,1,49.0
12/08/2019,0,0,1.64(0.00 %),0,0,0,0,1,49.0
13/08/2019,0,0,1.63(-0.61 %),0,0,0,0,1,49.0
14/08/2019,0,0,1.52(-6.75 %),0,0,0,0,1,49.0
15/08/2019,0,0,1.6(5.26 %),0,0,0,0,1,49.0
16/08/2019,0,0,1.52(-5.00 %),0,0,0,0,1,49.0
19/08/2019,0,0,1.52(0.00 %),0,0,0,0,1,49.0
20/08/2019,0,0,1.51(-0.66 %),0,0,0,0,1,49.0
21/08/2019,0,0,1.51(0.00 %),0,0,0,0,1,49.0
22/08/2019,0,0,1.51(0.00 %),0,0,0,0,1,49.0
23/08/2019,0,0,1.53(1.32 %),0,0,0,0,1,49.0
26/08/2019,0,0,1.52(-0.65 %),0,0,0,0,1,49.0
27/08/2019,0,0,1.52(0.00 %),0,0,0,0,1,49.0
28/08/2019,0,0,1.59(4.61 %),0,0,0,0,1,49.0
29/08/2019,0,0,1.59(0.00 %),0,0,0,0,1,49.0
30/08/2019,0,0,1.6(0.63 %),0,0,0,0,1,49.0
03/09/2019,0,0,1.59(-0.62 %),0,0,0,0,1,49.0
04/09/2019,0,0,1.61(1.26 %),0,0,0,0,1,49.0
05/09/2019,0,0,1.72(6.83 %),0,0,0,0,1,49.0
06/09/2019,0,0,1.67(-2.91 %),0,0,0,0,1,49.0
09/09/2019,-2380,-4050000,1.67(0.00 %),0,0,2380,4050000,1,49.0
10/09/2019,0,0,1.67(0.00 %),0,0,0,0,2381,48.98
11/09/2019,0,0,1.75(4.79 %),0,0,0,0,2381,48.98
12/09/2019,2000,3740000,1.65(-5.71 %),2000,3740000,0,0,381,49.0
13/09/2019,0,0,1.58(-4.24 %),0,0,0,0,381,49.0
16/09/2019,0,0,1.62(2.53 %),0,0,0,0,381,49.0
17/09/2019,0,0,1.62(0.00 %),0,0,0,0,381,49.0
18/09/2019,0,0,1.53(-5.56 %),0,0,0,0,381,49.0
19/09/2019,0,0,1.53(0.00 %),0,0,0,0,381,49.0
20/09/2019,0,0,1.43(-6.54 %),0,0,0,0,381,49.0
23/09/2019,0,0,1.53(6.99 %),0,0,0,0,381,49.0
24/09/2019,0,0,1.63(6.54 %),0,0,0,0,381,49.0
25/09/2019,0,0,1.63(0.00 %),0,0,0,0,381,49.0
26/09/2019,0,0,1.54(-5.52 %),0,0,0,0,381,49.0
27/09/2019,0,0,1.64(6.49 %),0,0,0,0,381,49.0
30/09/2019,0,0,1.64(0.00 %),0,0,0,0,381,49.0
01/10/2019,0,0,1.73(5.49 %),0,0,0,0,381,49.0
02/10/2019,0,0,1.82(5.20 %),0,0,0,0,381,49.0
03/10/2019,0,0,1.83(0.55 %),0,0,0,0,381,49.0
04/10/2019,0,0,1.83(0.00 %),0,0,0,0,381,49.0
07/10/2019,0,0,1.95(6.56 %),0,0,0,0,381,49.0
08/10/2019,0,0,1.95(0.00 %),0,0,0,0,381,49.0
09/10/2019,0,0,1.95(0.00 %),0,0,0,0,381,49.0
10/10/2019,0,0,1.95(0.00 %),0,0,0,0,381,49.0
11/10/2019,0,0,1.95(0.00 %),0,0,0,0,381,49.0
14/10/2019,0,0,1.9(-2.56 %),0,0,0,0,381,49.0
15/10/2019,0,0,2.03(6.84 %),0,0,0,0,381,49.0
16/10/2019,0,0,2.03(0.00 %),0,0,0,0,381,49.0
17/10/2019,0,0,1.9(-6.40 %),0,0,0,0,381,49.0
18/10/2019,0,0,1.9(0.00 %),0,0,0,0,381,49.0
21/10/2019,0,0,1.9(0.00 %),0,0,0,0,381,49.0
22/10/2019,0,0,1.9(0.00 %),0,0,0,0,381,49.0
23/10/2019,0,0,1.9(0.00 %),0,0,0,0,381,49.0
24/10/2019,0,0,1.88(-1.05 %),0,0,0,0,381,49.0
25/10/2019,0,0,1.9(1.06 %),0,0,0,0,381,49.0
28/10/2019,0,0,1.9(0.00 %),0,0,0,0,381,49.0
29/10/2019,0,0,1.9(0.00 %),0,0,0,0,381,49.0
30/10/2019,0,0,1.9(0.00 %),0,0,0,0,381,49.0
31/10/2019,0,0,1.94(2.11 %),0,0,0,0,381,49.0
01/11/2019,0,0,1.94(0.00 %),0,0,0,0,381,49.0
04/11/2019,0,0,1.88(-3.09 %),0,0,0,0,381,49.0
05/11/2019,0,0,1.75(-6.91 %),0,0,0,0,381,49.0
06/11/2019,0,0,1.84(5.14 %),0,0,0,0,381,49.0
07/11/2019,0,0,1.84(0.00 %),0,0,0,0,381,49.0
08/11/2019,0,0,1.84(0.00 %),0,0,0,0,381,49.0
11/11/2019,0,0,1.84(0.00 %),0,0,0,0,381,49.0
12/11/2019,0,0,1.91(3.80 %),0,0,0,0,381,49.0
13/11/2019,0,0,2.03(6.28 %),0,0,0,0,381,49.0
14/11/2019,0,0,1.9(-6.40 %),0,0,0,0,381,49.0
15/11/2019,0,0,1.83(-3.68 %),0,0,0,0,381,49.0
18/11/2019,0,0,1.73(-5.46 %),0,0,0,0,381,49.0
19/11/2019,0,0,1.85(6.94 %),0,0,0,0,381,49.0
20/11/2019,0,0,1.96(5.95 %),0,0,0,0,381,49.0
21/11/2019,0,0,1.91(-2.55 %),0,0,0,0,381,49.0
22/11/2019,0,0,1.91(0.00 %),0,0,0,0,381,49.0
25/11/2019,0,0,1.91(0.00 %),0,0,0,0,381,49.0
26/11/2019,0,0,1.91(0.00 %),0,0,0,0,381,49.0
27/11/2019,0,0,2.04(6.81 %),0,0,0,0,381,49.0
28/11/2019,0,0,2.11(3.43 %),0,0,0,0,381,49.0
29/11/2019,0,0,2.22(5.21 %),0,0,0,0,381,49.0
02/12/2019,0,0,2.22(0.00 %),0,0,0,0,381,49.0
03/12/2019,0,0,2.08(-6.31 %),0,0,0,0,381,49.0
04/12/2019,0,0,2.08(0.00 %),0,0,0,0,381,49.0
05/12/2019,0,0,2.12(1.92 %),0,0,0,0,381,49.0
06/12/2019,0,0,2(-5.66 %),0,0,0,0,381,49.0
09/12/2019,0,0,1.92(-4.00 %),0,0,0,0,381,49.0
10/12/2019,0,0,2.04(6.25 %),0,0,0,0,381,49.0
11/12/2019,0,0,1.93(-5.39 %),0,0,0,0,381,49.0
12/12/2019,0,0,2.03(5.18 %),0,0,0,0,381,49.0
13/12/2019,0,0,2.03(0.00 %),0,0,0,0,381,49.0
16/12/2019,0,0,2.17(6.90 %),0,0,0,0,381,49.0
17/12/2019,0,0,2.02(-6.91 %),0,0,0,0,381,49.0
18/12/2019,0,0,2.02(0.00 %),0,0,0,0,381,49.0
19/12/2019,0,0,2.08(2.97 %),0,0,0,0,381,49.0
20/12/2019,0,0,2.08(0.00 %),0,0,0,0,381,49.0
23/12/2019,0,0,2.08(0.00 %),0,0,0,0,381,49.0
24/12/2019,0,0,2.12(1.92 %),0,0,0,0,381,49.0
25/12/2019,0,0,2.1(-0.94 %),0,0,0,0,381,49.0
26/12/2019,0,0,2.12(0.95 %),0,0,0,0,381,49.0
27/12/2019,0,0,2.12(0.00 %),0,0,0,0,381,49.0
30/12/2019,0,0,2.12(0.00 %),0,0,0,0,381,49.0
31/12/2019,0,0,2.12(0.00 %),0,0,0,0,381,49.0
02/01/2020,0,0,2.25(6.13 %),0,0,0,0,381,49.0
03/01/2020,0,0,2.33(3.56 %),0,0,0,0,381,49.0
06/01/2020,0,0,2.33(0.00 %),0,0,0,0,381,49.0
07/01/2020,0,0,2.3(-1.29 %),0,0,0,0,381,49.0
08/01/2020,0,0,2.3(0.00 %),0,0,0,0,381,49.0
09/01/2020,0,0,2.31(0.43 %),0,0,0,0,381,49.0
10/01/2020,0,0,2.31(0.00 %),0,0,0,0,381,49.0
13/01/2020,0,0,2.16(-6.49 %),0,0,0,0,381,49.0
14/01/2020,0,0,2.3(6.48 %),0,0,0,0,381,49.0
15/01/2020,0,0,2.3(0.00 %),0,0,0,0,381,49.0
16/01/2020,0,0,2.45(6.52 %),0,0,0,0,381,49.0
17/01/2020,-10,-20000,2.28(-6.94 %),0,0,10,20000,381,49.0
20/01/2020,0,0,2.42(6.14 %),0,0,0,0,381,49.0
21/01/2020,0,0,2.55(5.37 %),0,0,0,0,381,49.0
22/01/2020,0,0,2.54(-0.39 %),0,0,0,0,391,49.0
30/01/2020,0,0,2.62(3.15 %),0,0,0,0,391,49.0
31/01/2020,390,1021800,2.59(-1.15 %),390,1021800,0,0,0,49.0
03/02/2020,0,0,2.58(-0.39 %),0,0,0,0,1,49.0
04/02/2020,0,0,2.58(0.00 %),0,0,0,0,1,49.0
05/02/2020,0,0,2.53(-1.94 %),0,0,0,0,1,49.0
06/02/2020,0,0,2.68(5.93 %),0,0,0,0,1,49.0
07/02/2020,0,0,2.86(6.72 %),0,0,0,0,1,49.0
10/02/2020,0,0,3.06(6.99 %),0,0,0,0,1,49.0
11/02/2020,-50,-153500,3.27(6.86 %),0,0,50,153500,51,49.0
12/02/2020,0,0,3.32(1.53 %),0,0,0,0,51,49.0
13/02/2020,0,0,3.4(2.41 %),0,0,0,0,51,49.0
14/02/2020,50,180000,3.47(2.06 %),50,180000,0,0,1,49.0
17/02/2020,0,0,3.5(0.86 %),0,0,0,0,1,49.0
18/02/2020,-70,-250000,3.47(-0.86 %),0,0,70,250000,1,49.0
19/02/2020,0,0,3.41(-1.73 %),0,0,0,0,71,49.0
20/02/2020,0,0,3.18(-6.74 %),0,0,0,0,71,49.0
21/02/2020,0,0,3.18(0.00 %),0,0,0,0,71,49.0
24/02/2020,0,0,3.18(0.00 %),0,0,0,0,71,49.0
25/02/2020,0,0,3.18(0.00 %),0,0,0,0,71,49.0
26/02/2020,50,164000,3.28(3.14 %),50,164000,0,0,21,49.0
27/02/2020,0,0,3.28(0.00 %),0,0,0,0,21,49.0
28/02/2020,0,0,3.28(0.00 %),0,0,0,0,21,49.0
02/03/2020,0,0,3.28(0.00 %),0,0,0,0,21,49.0
03/03/2020,0,0,3.28(0.00 %),0,0,0,0,21,49.0
04/03/2020,0,0,3.27(-0.30 %),0,0,0,0,21,49.0
05/03/2020,0,0,3.27(0.00 %),0,0,0,0,21,49.0
06/03/2020,0,0,3.44(5.20 %),0,0,0,0,21,49.0
09/03/2020,0,0,3.44(0.00 %),0,0,0,0,21,49.0
10/03/2020,0,0,3.44(0.00 %),0,0,0,0,21,49.0
11/03/2020,0,0,3.44(0.00 %),0,0,0,0,21,49.0
12/03/2020,0,0,3.44(0.00 %),0,0,0,0,21,49.0
13/03/2020,0,0,3.44(0.00 %),0,0,0,0,21,49.0
16/03/2020,0,0,3.44(0.00 %),0,0,0,0,21,49.0
17/03/2020,0,0,3.44(0.00 %),0,0,0,0,21,49.0
18/03/2020,0,0,3.44(0.00 %),0,0,0,0,21,49.0
19/03/2020,0,0,3.2(-6.98 %),0,0,0,0,21,49.0
20/03/2020,0,0,3.23(0.94 %),0,0,0,0,21,49.0
23/03/2020,0,0,3.01(-6.81 %),0,0,0,0,21,49.0
24/03/2020,0,0,2.8(-6.98 %),0,0,0,0,21,49.0
25/03/2020,0,0,2.61(-6.79 %),0,0,0,0,21,49.0
26/03/2020,0,0,2.43(-6.90 %),0,0,0,0,21,49.0
27/03/2020,0,0,2.26(-7.00 %),0,0,0,0,21,49.0
30/03/2020,0,0,2.39(5.75 %),0,0,0,0,21,49.0
31/03/2020,0,0,2.53(5.86 %),0,0,0,0,21,49.0
01/04/2020,0,0,2.69(6.32 %),0,0,0,0,21,49.0
03/04/2020,20,60000,2.87(6.69 %),20,60000,0,0,1,49.0
06/04/2020,0,0,3.07(6.97 %),0,0,0,0,1,49.0
07/04/2020,0,0,3.07(0.00 %),0,0,0,0,1,49.0
08/04/2020,0,0,2.86(-6.84 %),0,0,0,0,1,49.0
09/04/2020,0,0,2.99(4.55 %),0,0,0,0,1,49.0
10/04/2020,0,0,3.19(6.69 %),0,0,0,0,1,49.0
13/04/2020,0,0,2.97(-6.90 %),0,0,0,0,1,49.0
14/04/2020,0,0,3.16(6.40 %),0,0,0,0,1,49.0
15/04/2020,0,0,3.16(0.00 %),0,0,0,0,1,49.0
16/04/2020,0,0,3.22(1.90 %),0,0,0,0,1,49.0
17/04/2020,0,0,3.3(2.48 %),0,0,0,0,1,49.0
20/04/2020,0,0,3.3(0.00 %),0,0,0,0,1,49.0
21/04/2020,0,0,3.29(-0.30 %),0,0,0,0,1,49.0
22/04/2020,0,0,3.29(0.00 %),0,0,0,0,1,49.0
23/04/2020,0,0,3.52(6.99 %),0,0,0,0,1,49.0
24/04/2020,0,0,3.52(0.00 %),0,0,0,0,1,49.0
27/04/2020,0,0,3.75(6.53 %),0,0,0,0,1,49.0
28/04/2020,0,0,4(6.67 %),0,0,0,0,1,49.0
29/04/2020,0,0,4.2(5.00 %),0,0,0,0,1,49.0
04/05/2020,0,0,4.2(0.00 %),0,0,0,0,1,49.0
05/05/2020,0,0,4.2(0.00 %),0,0,0,0,1,49.0
06/05/2020,0,0,3.91(-6.90 %),0,0,0,0,1,49.0
07/05/2020,0,0,3.64(-6.91 %),0,0,0,0,1,49.0
08/05/2020,0,0,3.39(-6.87 %),0,0,0,0,1,49.0
11/05/2020,0,0,3.39(0.00 %),0,0,0,0,1,49.0
12/05/2020,0,0,3.61(6.49 %),0,0,0,0,1,49.0
13/05/2020,0,0,3.36(-6.93 %),0,0,0,0,1,49.0
14/05/2020,0,0,3.58(6.55 %),0,0,0,0,1,49.0
15/05/2020,0,0,3.33(-6.98 %),0,0,0,0,1,49.0
18/05/2020,0,0,3.1(-6.91 %),0,0,0,0,1,49.0
19/05/2020,0,0,3.15(1.61 %),0,0,0,0,1,49.0
20/05/2020,0,0,3.15(0.00 %),0,0,0,0,1,49.0
21/05/2020,0,0,3.05(-3.17 %),0,0,0,0,1,49.0
22/05/2020,0,0,3.15(3.28 %),0,0,0,0,1,49.0
25/05/2020,0,0,3.15(0.00 %),0,0,0,0,1,49.0
26/05/2020,0,0,2.93(-6.98 %),0,0,0,0,1,49.0
27/05/2020,0,0,2.73(-6.83 %),0,0,0,0,1,49.0
28/05/2020,0,0,2.54(-6.96 %),0,0,0,0,1,49.0
29/05/2020,0,0,2.5(-1.57 %),0,0,0,0,1,49.0
01/06/2020,0,0,2.62(4.80 %),0,0,0,0,1,49.0
02/06/2020,0,0,2.62(0.00 %),0,0,0,0,1,49.0
03/06/2020,0,0,2.8(6.87 %),0,0,0,0,1,49.0
04/06/2020,0,0,2.97(6.07 %),0,0,0,0,1,49.0
05/06/2020,0,0,3(1.01 %),0,0,0,0,1,49.0
08/06/2020,0,0,2.85(-5.00 %),0,0,0,0,1,49.0
09/06/2020,0,0,2.99(4.91 %),0,0,0,0,1,49.0
10/06/2020,0,0,3.15(5.35 %),0,0,0,0,1,49.0
11/06/2020,0,0,3.2(1.59 %),0,0,0,0,1,49.0
12/06/2020,0,0,3.2(0.00 %),0,0,0,0,1,49.0
15/06/2020,0,0,3.1(-3.12 %),0,0,0,0,1,49.0
16/06/2020,0,0,2.9(-6.45 %),0,0,0,0,1,49.0
17/06/2020,0,0,2.9(0.00 %),0,0,0,0,1,49.0
18/06/2020,0,0,3.09(6.55 %),0,0,0,0,1,49.0
19/06/2020,0,0,3(-2.91 %),0,0,0,0,1,49.0
22/06/2020,0,0,3.08(2.67 %),0,0,0,0,1,49.0
23/06/2020,0,0,3.08(0.00 %),0,0,0,0,1,49.0
24/06/2020,0,0,2.9(-5.84 %),0,0,0,0,1,49.0
25/06/2020,0,0,2.9(0.00 %),0,0,0,0,1,49.0
26/06/2020,0,0,3(3.45 %),0,0,0,0,1,49.0
29/06/2020,0,0,2.86(-4.67 %),0,0,0,0,1,49.0
30/06/2020,0,0,2.81(-1.75 %),0,0,0,0,1,49.0
01/07/2020,0,0,2.99(6.41 %),0,0,0,0,1,49.0
02/07/2020,0,0,2.9(-3.01 %),0,0,0,0,1,49.0
03/07/2020,0,0,3(3.45 %),0,0,0,0,1,49.0
06/07/2020,0,0,3.09(3.00 %),0,0,0,0,1,49.0
07/07/2020,0,0,3.09(0.00 %),0,0,0,0,1,49.0
08/07/2020,0,0,3.09(0.00 %),0,0,0,0,1,49.0
09/07/2020,0,0,3.09(0.00 %),0,0,0,0,1,49.0
10/07/2020,0,0,3.1(0.32 %),0,0,0,0,1,49.0
13/07/2020,0,0,3.05(-1.61 %),0,0,0,0,1,49.0
14/07/2020,0,0,2.95(-3.28 %),0,0,0,0,1,49.0
15/07/2020,0,0,2.9(-1.69 %),0,0,0,0,1,49.0
16/07/2020,0,0,3(3.45 %),0,0,0,0,1,49.0
17/07/2020,0,0,3(0.00 %),0,0,0,0,1,49.0
20/07/2020,0,0,3.15(5.00 %),0,0,0,0,1,49.0
21/07/2020,0,0,3.05(-3.17 %),0,0,0,0,1,49.0
22/07/2020,0,0,2.9(-4.92 %),0,0,0,0,1,49.0
23/07/2020,0,0,2.9(0.00 %),0,0,0,0,1,49.0
24/07/2020,0,0,3.02(4.14 %),0,0,0,0,1,49.0
27/07/2020,0,0,3(-0.66 %),0,0,0,0,1,49.0
28/07/2020,0,0,3(0.00 %),0,0,0,0,1,49.0
29/07/2020,0,0,3.07(2.33 %),0,0,0,0,1,49.0
30/07/2020,0,0,3.07(0.00 %),0,0,0,0,1,49.0
31/07/2020,0,0,2.86(-6.84 %),0,0,0,0,1,49.0
03/08/2020,0,0,2.72(-4.90 %),0,0,0,0,1,49.0
04/08/2020,0,0,2.83(4.04 %),0,0,0,0,1,49.0
05/08/2020,0,0,2.82(-0.35 %),0,0,0,0,1,49.0
06/08/2020,0,0,2.82(0.00 %),0,0,0,0,1,49.0
07/08/2020,0,0,2.88(2.13 %),0,0,0,0,1,49.0
10/08/2020,0,0,2.81(-2.43 %),0,0,0,0,1,49.0
11/08/2020,0,0,2.71(-3.56 %),0,0,0,0,1,49.0
12/08/2020,0,0,2.81(3.69 %),0,0,0,0,1,49.0
13/08/2020,0,0,2.82(0.36 %),0,0,0,0,1,49.0
14/08/2020,0,0,2.8(-0.71 %),0,0,0,0,1,49.0
17/08/2020,0,0,2.82(0.71 %),0,0,0,0,1,49.0
18/08/2020,0,0,3.01(6.74 %),0,0,0,0,1,49.0
19/08/2020,0,0,3(-0.33 %),0,0,0,0,1,49.0
20/08/2020,0,0,2.95(-1.67 %),0,0,0,0,1,49.0
21/08/2020,0,0,2.95(0.00 %),0,0,0,0,1,49.0
24/08/2020,0,0,2.95(0.00 %),0,0,0,0,1,49.0
25/08/2020,0,0,2.9(-1.69 %),0,0,0,0,1,49.0
26/08/2020,0,0,2.9(0.00 %),0,0,0,0,1,49.0
27/08/2020,0,0,2.98(2.76 %),0,0,0,0,1,49.0
28/08/2020,0,0,2.95(-1.01 %),0,0,0,0,1,49.0
31/08/2020,0,0,2.95(0.00 %),0,0,0,0,1,49.0
01/09/2020,0,0,2.95(0.00 %),0,0,0,0,1,49.0
03/09/2020,0,0,3(1.69 %),0,0,0,0,1,49.0
04/09/2020,0,0,3.2(6.67 %),0,0,0,0,1,49.0
07/09/2020,0,0,3.1(-3.12 %),0,0,0,0,1,49.0
08/09/2020,0,0,3.1(0.00 %),0,0,0,0,1,49.0
09/09/2020,0,0,3.1(0.00 %),0,0,0,0,1,49.0
10/09/2020,0,0,3.1(0.00 %),0,0,0,0,1,49.0
11/09/2020,0,0,3.2(3.23 %),0,0,0,0,1,49.0
14/09/2020,0,0,3.2(0.00 %),0,0,0,0,1,49.0
15/09/2020,0,0,3.42(6.87 %),0,0,0,0,1,49.0
16/09/2020,0,0,3.23(-5.56 %),0,0,0,0,1,49.0
17/09/2020,0,0,3.23(0.00 %),0,0,0,0,1,49.0
18/09/2020,0,0,3.11(-3.72 %),0,0,0,0,1,49.0
21/09/2020,0,0,3.11(0.00 %),0,0,0,0,1,49.0
22/09/2020,0,0,3.32(6.75 %),0,0,0,0,1,49.0
23/09/2020,0,0,3.33(0.30 %),0,0,0,0,1,49.0
24/09/2020,0,0,3.56(6.91 %),0,0,0,0,1,49.0
25/09/2020,0,0,3.4(-4.49 %),0,0,0,0,1,49.0
28/09/2020,0,0,3.63(6.76 %),0,0,0,0,1,49.0
29/09/2020,0,0,3.76(3.58 %),0,0,0,0,1,49.0
30/09/2020,0,0,3.5(-6.91 %),0,0,0,0,1,49.0
01/10/2020,0,0,3.69(5.43 %),0,0,0,0,1,49.0
02/10/2020,0,0,3.45(-6.50 %),0,0,0,0,1,49.0
05/10/2020,0,0,3.67(6.38 %),0,0,0,0,1,49.0
06/10/2020,0,0,3.44(-6.27 %),0,0,0,0,1,49.0
07/10/2020,0,0,3.43(-0.29 %),0,0,0,0,1,49.0
08/10/2020,0,0,3.2(-6.71 %),0,0,0,0,1,49.0
09/10/2020,0,0,3.42(6.87 %),0,0,0,0,1,49.0
12/10/2020,0,0,3.43(0.29 %),0,0,0,0,1,49.0
13/10/2020,0,0,3.6(4.96 %),0,0,0,0,1,49.0
14/10/2020,0,0,3.63(0.83 %),0,0,0,0,1,49.0
15/10/2020,0,0,3.8(4.68 %),0,0,0,0,1,49.0
16/10/2020,0,0,3.54(-6.84 %),0,0,0,0,1,49.0
19/10/2020,0,0,3.32(-6.21 %),0,0,0,0,1,49.0
20/10/2020,0,0,3.55(6.93 %),0,0,0,0,1,49.0
21/10/2020,0,0,3.76(5.92 %),0,0,0,0,1,49.0
22/10/2020,0,0,3.5(-6.91 %),0,0,0,0,1,49.0
23/10/2020,0,0,3.4(-2.86 %),0,0,0,0,1,49.0
26/10/2020,0,0,3.59(5.59 %),0,0,0,0,1,49.0
27/10/2020,0,0,3.34(-6.96 %),0,0,0,0,1,49.0
28/10/2020,0,0,3.12(-6.59 %),0,0,0,0,1,49.0
29/10/2020,0,0,3.1(-0.64 %),0,0,0,0,1,49.0
30/10/2020,0,0,3.31(6.77 %),0,0,0,0,1,49.0
02/11/2020,0,0,3.3(-0.30 %),0,0,0,0,1,49.0
03/11/2020,0,0,3.2(-3.03 %),0,0,0,0,1,49.0
04/11/2020,0,0,3.2(0.00 %),0,0,0,0,1,49.0
05/11/2020,0,0,3.2(0.00 %),0,0,0,0,1,49.0
06/11/2020,0,0,3.1(-3.12 %),0,0,0,0,1,49.0
09/11/2020,0,0,3.2(3.23 %),0,0,0,0,1,49.0
10/11/2020,0,0,3.42(6.87 %),0,0,0,0,1,49.0
11/11/2020,0,0,3.65(6.73 %),0,0,0,0,1,49.0
12/11/2020,0,0,3.5(-4.11 %),0,0,0,0,1,49.0
13/11/2020,0,0,3.5(0.00 %),0,0,0,0,1,49.0
16/11/2020,0,0,3.35(-4.29 %),0,0,0,0,1,49.0
17/11/2020,0,0,3.57(6.57 %),0,0,0,0,1,49.0
18/11/2020,0,0,3.79(6.16 %),0,0,0,0,1,49.0
19/11/2020,0,0,3.75(-1.06 %),0,0,0,0,1,49.0
20/11/2020,0,0,3.5(-6.67 %),0,0,0,0,1,49.0
23/11/2020,0,0,3.72(6.29 %),0,0,0,0,1,49.0
24/11/2020,0,0,3.65(-1.88 %),0,0,0,0,1,49.0
25/11/2020,0,0,3.4(-6.85 %),0,0,0,0,1,49.0
26/11/2020,0,0,3.4(0.00 %),0,0,0,0,1,49.0
27/11/2020,0,0,3.22(-5.29 %),0,0,0,0,1,49.0
30/11/2020,0,0,3.23(0.31 %),0,0,0,0,1,49.0
01/12/2020,0,0,3.24(0.31 %),0,0,0,0,1,49.0
02/12/2020,-1050,-3402000,3.46(6.79 %),0,0,1050,3402000,1051,48.99
03/12/2020,0,0,3.25(-6.07 %),0,0,0,0,1051,48.99
04/12/2020,0,0,3.46(6.46 %),0,0,0,0,1051,48.99
07/12/2020,0,0,3.3(-4.62 %),0,0,0,0,1051,48.99
08/12/2020,0,0,3.3(0.00 %),0,0,0,0,1051,48.99
09/12/2020,0,0,3.45(4.55 %),0,0,0,0,1051,48.99
10/12/2020,0,0,3.3(-4.35 %),0,0,0,0,1051,48.99
11/12/2020,0,0,3.53(6.97 %),0,0,0,0,1051,48.99
14/12/2020,0,0,3.7(4.82 %),0,0,0,0,1051,48.99
15/12/2020,0,0,3.72(0.54 %),0,0,0,0,1051,48.99
16/12/2020,0,0,3.47(-6.72 %),0,0,0,0,1051,48.99
17/12/2020,0,0,3.47(0.00 %),0,0,0,0,1051,48.99
18/12/2020,10,40000,3.47(0.00 %),10,40000,0,0,1041,48.99
21/12/2020,0,0,3.3(-4.90 %),0,0,0,0,1041,48.99
22/12/2020,10,40000,3.53(6.97 %),10,40000,0,0,1031,48.99
23/12/2020,0,0,3.75(6.23 %),0,0,0,0,1031,48.99
24/12/2020,-1460,-5854600,3.51(-6.40 %),200,802000,1660,6656600,2491,48.98
25/12/2020,0,0,3.5(-0.28 %),0,0,0,0,2491,48.98
28/12/2020,100,360000,3.45(-1.43 %),100,360000,0,0,2391,48.98
29/12/2020,30,102300,3.45(0.00 %),30,102300,0,0,2361,48.98
30/12/2020,0,0,3.45(0.00 %),0,0,0,0,2361,48.98
31/12/2020,2150,7839400,3.5(1.45 %),2150,7839400,0,0,211,49.0
04/01/2021,100,360000,3.6(2.86 %),100,360000,0,0,111,49.0
05/01/2021,100,360000,3.42(-5.00 %),100,360000,0,0,11,49.0
06/01/2021,0,0,3.42(0.00 %),0,0,0,0,11,49.0
07/01/2021,0,0,3.59(4.97 %),0,0,0,0,11,49.0
08/01/2021,0,0,3.6(0.28 %),0,0,0,0,11,49.0
11/01/2021,0,0,3.61(0.28 %),0,0,0,0,11,49.0
12/01/2021,0,0,3.61(0.00 %),0,0,0,0,11,49.0
13/01/2021,0,0,3.73(3.32 %),0,0,0,0,11,49.0
14/01/2021,0,0,3.72(-0.27 %),0,0,0,0,11,49.0
15/01/2021,0,0,3.7(-0.54 %),0,0,0,0,11,49.0
18/01/2021,0,0,3.95(6.76 %),0,0,0,0,11,49.0
19/01/2021,0,0,4.22(6.84 %),0,0,0,0,11,49.0
20/01/2021,0,0,4.51(6.87 %),0,0,0,0,11,49.0
21/01/2021,0,0,4.82(6.87 %),0,0,0,0,11,49.0
22/01/2021,-4600,-23690000,5.15(6.85 %),0,0,4600,23690000,4611,48.96
25/01/2021,0,0,5.51(6.99 %),0,0,0,0,4611,48.96
26/01/2021,0,0,5.13(-6.90 %),0,0,0,0,4611,48.96
27/01/2021,100,478000,4.78(-6.82 %),100,478000,0,0,4511,48.96
28/01/2021,1900,9130000,4.45(-6.90 %),1900,9130000,0,0,2611,48.97
29/01/2021,0,0,4.14(-6.97 %),0,0,0,0,2611,48.97
01/02/2021,2500,9650000,3.86(-6.76 %),2500,9650000,0,0,11,49.0
02/02/2021,0,0,3.59(-6.99 %),0,0,0,0,111,49.0
03/02/2021,0,0,3.84(6.96 %),0,0,0,0,111,49.0
04/02/2021,0,0,4(4.17 %),0,0,0,0,111,49.0
05/02/2021,100,413000,4.25(6.25 %),100,413000,0,0,11,49.0
08/02/2021,0,0,3.96(-6.82 %),0,0,0,0,11,49.0
09/02/2021,0,0,3.96(0.00 %),0,0,0,0,11,49.0
17/02/2021,0,0,3.99(0.76 %),0,0,0,0,11,49.0
18/02/2021,0,0,4(0.25 %),0,0,0,0,11,49.0
19/02/2021,0,0,4.15(3.75 %),0,0,0,0,11,49.0
22/02/2021,0,0,4.15(0.00 %),0,0,0,0,11,49.0
23/02/2021,0,0,4.15(0.00 %),0,0,0,0,11,49.0
24/02/2021,0,0,4.15(0.00 %),0,0,0,0,11,49.0
25/02/2021,0,0,4.15(0.00 %),0,0,0,0,11,49.0
26/02/2021,0,0,4(-3.61 %),0,0,0,0,11,49.0
01/03/2021,0,0,4(0.00 %),0,0,0,0,11,49.0
02/03/2021,0,0,4(0.00 %),0,0,0,0,11,49.0
03/03/2021,-1500,-5635000,4(0.00 %),0,0,1500,5635000,1511,48.99
04/03/2021,0,0,4.2(5.00 %),0,0,0,0,1511,48.99
05/03/2021,0,0,4.01(-4.52 %),0,0,0,0,1511,48.99
08/03/2021,0,0,4.01(0.00 %),0,0,0,0,1511,48.99
09/03/2021,0,0,4.01(0.00 %),0,0,0,0,1511,48.99
10/03/2021,0,0,4.2(4.74 %),0,0,0,0,1511,48.99
11/03/2021,0,0,4.11(-2.14 %),0,0,0,0,1511,48.99
12/03/2021,0,0,4.19(1.95 %),0,0,0,0,1511,48.99
15/03/2021,0,0,4.19(0.00 %),0,0,0,0,1511,48.99
16/03/2021,1100,4611000,4.19(0.00 %),1100,4611000,0,0,411,49.0
17/03/2021,0,0,4.15(1.22 %),0,0,0,0,411,49.0
18/03/2021,0,0,4.14(-0.24 %),0,0,0,0,411,49.0
19/03/2021,0,0,4.2(1.45 %),0,0,0,0,411,49.0
22/03/2021,0,0,4.15(-1.19 %),0,0,0,0,411,49.0
23/03/2021,-3000,-12480000,4.15(0.00 %),0,0,3000,12480000,3411,48.97
24/03/2021,0,0,4.15(0.00 %),0,0,0,0,3411,48.97
25/03/2021,0,0,4.15(0.00 %),0,0,0,0,3411,48.97
26/03/2021,0,0,4.15(0.00 %),0,0,0,0,3411,48.97
29/03/2021,0,0,4.19(0.96 %),0,0,0,0,3411,48.97
30/03/2021,0,0,4.15(-0.95 %),0,0,0,0,3411,48.97
31/03/2021,0,0,4.2(1.20 %),0,0,0,0,3411,48.97
01/04/2021,0,0,4.2(0.00 %),0,0,0,0,3411,48.97
02/04/2021,0,0,4.2(0.00 %),0,0,0,0,3411,48.97
05/04/2021,0,0,4.05(-3.57 %),0,0,0,0,3411,48.97
06/04/2021,0,0,4.22(4.20 %),0,0,0,0,3411,48.97
07/04/2021,0,0,4.51(6.87 %),0,0,0,0,3411,48.97
08/04/2021,0,0,4.8(6.43 %),0,0,0,0,3411,48.97
09/04/2021,0,0,4.95(3.12 %),0,0,0,0,3411,48.97
12/04/2021,0,0,4.95(0.00 %),0,0,0,0,3411,48.97
13/04/2021,0,0,4.62(-6.67 %),0,0,0,0,3411,48.97
14/04/2021,0,0,4.8(3.90 %),0,0,0,0,3411,48.97
15/04/2021,3300,15905000,4.73(-1.46 %),3400,16390000,100,485000,111,49.0
16/04/2021,0,0,4.78(1.06 %),0,0,0,0,111,49.0
19/04/2021,0,0,4.69(-1.88 %),0,0,0,0,111,49.0
20/04/2021,0,0,4.67(-0.43 %),0,0,0,0,111,49.0
22/04/2021,0,0,4.4(-5.78 %),0,0,0,0,111,49.0
23/04/2021,0,0,4.6(4.55 %),0,0,0,0,111,49.0
26/04/2021,0,0,4.7(2.17 %),0,0,0,0,111,49.0
27/04/2021,0,0,4.7(0.00 %),0,0,0,0,111,49.0
28/04/2021,0,0,4.68(-0.43 %),0,0,0,0,111,49.0
29/04/2021,0,0,4.6(-1.71 %),0,0,0,0,111,49.0
04/05/2021,0,0,4.7(2.17 %),0,0,0,0,111,49.0
05/05/2021,0,0,4.75(1.06 %),0,0,0,0,111,49.0
06/05/2021,0,0,4.65(-2.11 %),0,0,0,0,111,49.0
07/05/2021,0,0,4.65(0.00 %),0,0,0,0,111,49.0
10/05/2021,0,0,4.7(1.08 %),0,0,0,0,111,49.0
11/05/2021,0,0,4.69(-0.21 %),0,0,0,0,111,49.0
12/05/2021,0,0,4.67(-0.43 %),0,0,0,0,111,49.0
13/05/2021,100,465000,4.7(0.64 %),100,465000,0,0,11,49.0
14/05/2021,0,0,4.42(-5.96 %),0,0,0,0,11,49.0
17/05/2021,0,0,4.61(4.30 %),0,0,0,0,11,49.0
18/05/2021,0,0,4.58(-0.65 %),0,0,0,0,11,49.0
19/05/2021,0,0,4.58(0.00 %),0,0,0,0,11,49.0
20/05/2021,-4000,-17250000,4.6(0.44 %),0,0,4000,17250000,4011,48.96
21/05/2021,0,0,4.57(-0.65 %),0,0,0,0,4011,48.96
24/05/2021,0,0,4.65(1.75 %),0,0,0,0,4011,48.96
25/05/2021,-1600,-6928000,4.55(-2.15 %),0,0,1600,6928000,5611,48.95
26/05/2021,0,0,4.54(-0.22 %),0,0,0,0,5611,48.95
27/05/2021,0,0,4.65(2.42 %),0,0,0,0,5611,48.95
28/05/2021,0,0,4.45(-4.30 %),0,0,0,0,5611,48.95
31/05/2021,-300,-1320000,4.37(-1.80 %),0,0,300,1320000,5911,48.94
01/06/2021,0,0,4.38(0.23 %),0,0,0,0,5611,48.95
02/06/2021,0,0,4.38(0.00 %),0,0,0,0,5611,48.95
03/06/2021,0,0,4.35(-0.68 %),0,0,0,0,5911,48.94
04/06/2021,0,0,4.3(-1.15 %),0,0,0,0,5911,48.94
07/06/2021,0,0,4.3(0.00 %),0,0,0,0,5911,48.94
08/06/2021,0,0,4.2(-2.33 %),0,0,0,0,5911,48.94
09/06/2021,0,0,4.28(1.90 %),0,0,0,0,5911,48.94
10/06/2021,0,0,4.28(0.00 %),0,0,0,0,5911,48.94
11/06/2021,0,0,4.22(-1.40 %),0,0,0,0,5911,48.94
14/06/2021,100,410000,4.16(-1.42 %),100,410000,0,0,5511,48.95
15/06/2021,2000,8310000,4.05(-2.64 %),3000,12360000,1000,4050000,3511,48.97
16/06/2021,0,0,3.95(-2.47 %),0,0,0,0,3511,48.97
17/06/2021,-3000,-12000000,4(1.27 %),0,0,3000,12000000,6511,48.94
18/06/2021,0,0,3.95(-1.25 %),0,0,0,0,6511,48.94
21/06/2021,0,0,4(1.27 %),0,0,0,0,6511,48.94
22/06/2021,0,0,4.04(1.00 %),0,0,0,0,6811,48.93
23/06/2021,0,0,4.04(0.00 %),0,0,0,0,6817,48.93
24/06/2021,0,0,4.01(-0.74 %),0,0,0,0,6817,48.93
25/06/2021,0,0,4(-0.25 %),0,0,0,0,6817,48.93
28/06/2021,0,0,4(0.00 %),0,0,0,0,6817,48.93
29/06/2021,0,0,3.95(-1.25 %),0,0,0,0,6817,48.93
30/06/2021,200,790000,3.94(-0.25 %),200,790000,0,0,3611,48.97
01/07/2021,0,0,3.88(-1.52 %),0,0,0,0,6617,48.94
02/07/2021,3500,13020000,3.82(-1.55 %),3500,13020000,0,0,3117,48.97
05/07/2021,0,0,3.79(-0.79 %),0,0,0,0,3117,48.97
06/07/2021,0,0,3.77(-0.53 %),0,0,0,0,3117,48.97
07/07/2021,0,0,3.7(-1.86 %),0,0,0,0,3117,48.97
08/07/2021,0,0,3.62(-2.16 %),0,0,0,0,3117,48.97
09/07/2021,0,0,3.55(-1.93 %),0,0,0,0,3117,48.97
12/07/2021,0,0,3.44(-3.10 %),0,0,0,0,3117,48.97
13/07/2021,0,0,3.43(-0.29 %),0,0,0,0,3117,48.97
14/07/2021,0,0,3.43(0.00 %),0,0,0,0,3117,48.97
15/07/2021,0,0,3.6(4.96 %),0,0,0,0,3117,48.97
16/07/2021,600,2160000,3.77(4.72 %),600,2160000,0,0,2517,48.98
19/07/2021,2500,9500000,3.75(-0.53 %),2500,9500000,0,0,17,49.0
20/07/2021,0,0,3.85(2.67 %),0,0,0,0,17,49.0
21/07/2021,0,0,3.85(0.00 %),0,0,0,0,17,49.0
22/07/2021,0,0,3.86(0.26 %),0,0,0,0,17,49.0
23/07/2021,0,0,3.9(1.04 %),0,0,0,0,17,49.0
26/07/2021,0,0,3.9(0.00 %),0,0,0,0,17,49.0
27/07/2021,0,0,3.9(0.00 %),0,0,0,0,17,49.0
28/07/2021,0,0,3.9(0.00 %),0,0,0,0,17,49.0
29/07/2021,0,0,3.83(-1.79 %),0,0,0,0,17,49.0
30/07/2021,0,0,3.86(0.78 %),0,0,0,0,17,49.0
02/08/2021,0,0,3.83(-0.78 %),0,0,0,0,17,49.0
03/08/2021,0,0,3.85(0.52 %),0,0,0,0,17,49.0
04/08/2021,0,0,3.86(0.26 %),0,0,0,0,17,49.0
05/08/2021,0,0,3.9(1.04 %),0,0,0,0,17,49.0
06/08/2021,0,0,3.9(0.00 %),0,0,0,0,17,49.0
09/08/2021,-5000,-18290000,3.9(0.00 %),0,0,5000,18290000,5017,48.95
10/08/2021,0,0,3.9(0.00 %),0,0,0,0,5017,48.95
11/08/2021,0,0,3.9(0.00 %),0,0,0,0,5017,48.95
12/08/2021,0,0,3.88(-0.51 %),0,0,0,0,5017,48.95
13/08/2021,0,0,3.9(0.52 %),0,0,0,0,5017,48.95
16/08/2021,0,0,3.81(-2.31 %),0,0,0,0,5017,48.95
17/08/2021,100,380000,3.78(-0.79 %),100,380000,0,0,4817,48.95
18/08/2021,0,0,3.79(0.26 %),0,0,0,0,5017,48.95
19/08/2021,100,378000,3.78(-0.26 %),100,378000,0,0,4917,48.95
20/08/2021,0,0,3.81(0.79 %),0,0,0,0,4917,48.95
23/08/2021,0,0,3.81(0.00 %),0,0,0,0,4917,48.95
24/08/2021,0,0,3.8(-0.26 %),0,0,0,0,4917,48.95
25/08/2021,0,0,3.77(-0.79 %),0,0,0,0,4917,48.95
26/08/2021,0,0,3.76(-0.27 %),0,0,0,0,4917,48.95
27/08/2021,0,0,3.76(0.00 %),0,0,0,0,4917,48.95
30/08/2021,0,0,3.76(0.00 %),0,0,0,0,4917,48.95
31/08/2021,0,0,3.72(-1.06 %),0,0,0,0,4917,48.95
01/09/2021,0,0,3.73(0.27 %),0,0,0,0,4916,48.95
06/09/2021,0,0,3.82(2.41 %),0,0,0,0,4916,48.95
07/09/2021,0,0,3.8(-0.52 %),0,0,0,0,4916,48.95
08/09/2021,0,0,3.75(-1.32 %),0,0,0,0,4916,48.95
09/09/2021,0,0,3.65(-2.67 %),0,0,0,0,4916,48.95
10/09/2021,0,0,3.74(2.47 %),0,0,0,0,4916,48.95
13/09/2021,0,0,3.79(1.34 %),0,0,0,0,4916,48.95
14/09/2021,0,0,3.95(4.22 %),0,0,0,0,4916,48.95
15/09/2021,0,0,4.22(6.84 %),0,0,0,0,4916,48.95
16/09/2021,0,0,4.39(4.03 %),0,0,0,0,4916,48.95
17/09/2021,0,0,4.4(0.23 %),0,0,0,0,4916,48.95
20/09/2021,0,0,4.7(6.82 %),0,0,0,0,4916,48.95
21/09/2021,0,0,4.68(-0.43 %),0,0,0,0,4916,48.95
22/09/2021,0,0,5(6.84 %),0,0,0,0,4916,48.95
23/09/2021,0,0,5(0.00 %),0,0,0,0,4916,48.95
24/09/2021,0,0,4.9(-2.00 %),0,0,0,0,4916,48.95
27/09/2021,0,0,4.76(-2.86 %),0,0,0,0,4916,48.95
28/09/2021,0,0,4.75(-0.21 %),0,0,0,0,4916,48.95
29/09/2021,100,480000,4.74(-0.21 %),100,480000,0,0,4816,48.95
30/09/2021,0,0,4.55(-4.01 %),0,0,0,0,4816,48.95
01/10/2021,0,0,4.68(2.86 %),0,0,0,0,4816,48.95
04/10/2021,0,0,4.4(-5.98 %),0,0,0,0,4816,48.95
05/10/2021,-800,-3520000,4.4(0.00 %),0,0,800,3520000,5616,48.95
06/10/2021,1500,6885000,4.55(3.41 %),1500,6885000,0,0,4116,0.0
07/10/2021,0,0,4.6(1.10 %),0,0,0,0,4116,0.0
08/10/2021,0,0,4.6(0.00 %),0,0,0,0,4116,0.0
11/10/2021,0,0,4.35(-5.43 %),0,0,0,0,4116,0.0
12/10/2021,-100,-450000,4.5(3.45 %),0,0,100,450000,4216,0.0
13/10/2021,0,0,4.6(2.22 %),0,0,0,0,4216,0.0
14/10/2021,0,0,4.33(-5.87 %),0,0,0,0,4216,0.0
15/10/2021,0,0,4.44(2.54 %),0,0,0,0,4216,0.0
18/10/2021,0,0,4.5(1.35 %),0,0,0,0,4216,0.0
19/10/2021,0,0,4.5(0.00 %),0,0,0,0,4216,0.0
20/10/2021,0,0,4.58(1.78 %),0,0,0,0,4216,0.0
21/10/2021,100,458000,4.58(0.00 %),100,458000,0,0,4116,0.0
22/10/2021,0,0,4.58(0.00 %),0,0,0,0,4116,0.0
25/10/2021,4100,18696000,4.48(-2.18 %),4100,18696000,0,0,16,0.0
26/10/2021,0,0,4.47(-0.22 %),0,0,0,0,16,0.0
27/10/2021,0,0,4.69(4.92 %),0,0,0,0,16,0.0
28/10/2021,0,0,4.6(-1.92 %),0,0,0,0,16,49.0
29/10/2021,0,0,4.71(2.39 %),0,0,0,0,16,49.0
01/11/2021,-100,-490000,4.97(5.52 %),0,0,100,490000,16,49.0
02/11/2021,0,0,5.1(2.62 %),0,0,0,0,16,49.0
03/11/2021,0,0,5.03(-1.37 %),0,0,0,0,16,49.0
04/11/2021,0,0,4.86(-3.38 %),0,0,0,0,16,49.0
05/11/2021,0,0,5.04(3.70 %),0,0,0,0,16,49.0
08/11/2021,0,0,4.98(-1.19 %),0,0,0,0,16,49.0
09/11/2021,0,0,4.98(0.00 %),0,0,0,0,16,49.0
10/11/2021,0,0,5.32(6.83 %),0,0,0,0,16,49.0
11/11/2021,0,0,5.69(6.95 %),0,0,0,0,16,49.0
12/11/2021,0,0,6.08(6.85 %),0,0,0,0,16,49.0
15/11/2021,0,0,6.5(6.91 %),0,0,0,0,16,49.0
16/11/2021,0,0,6.4(-1.54 %),0,0,0,0,16,49.0
17/11/2021,0,0,6.84(6.87 %),0,0,0,0,16,49.0
18/11/2021,-2500,-18275000,7.31(6.87 %),0,0,2500,18275000,2516,48.98
19/11/2021,0,0,7.82(6.98 %),0,0,0,0,2516,48.98
22/11/2021,100,836000,7.28(-6.91 %),100,836000,0,0,2416,48.98
23/11/2021,0,0,7.78(6.87 %),0,0,0,0,2416,48.98
24/11/2021,0,0,7.3(-6.17 %),0,0,0,0,2416,48.98
25/11/2021,2500,17025000,6.82(-6.58 %),2500,17025000,0,0,0,49.0
26/11/2021,0,0,7.29(6.89 %),0,0,0,0,0,0.0
29/11/2021,0,0,7.45(2.19 %),0,0,0,0,53,49.0
30/11/2021,-2500,-17654000,7.12(-4.43 %),0,0,2500,17654000,2553,48.98
01/12/2021,0,0,7.1(-0.28 %),0,0,0,0,53,49.0
02/12/2021,0,0,7.2(1.41 %),0,0,0,0,53,49.0
03/12/2021,0,0,6.95(-3.47 %),0,0,0,0,53,49.0
06/12/2021,0,0,6.47(-6.91 %),0,0,0,0,53,49.0
07/12/2021,0,0,6.8(5.10 %),0,0,0,0,53,49.0
08/12/2021,0,0,6.8(0.00 %),0,0,0,0,53,49.0
09/12/2021,0,0,6.9(1.47 %),0,0,0,0,53,0.0
10/12/2021,0,0,6.7(-2.90 %),0,0,0,0,53,49.0
13/12/2021,0,0,6.86(2.39 %),0,0,0,0,53,49.0
14/12/2021,0,0,6.7(-2.33 %),0,0,0,0,53,11.19
15/12/2021,0,0,6.71(0.15 %),0,0,0,0,53,11.19
16/12/2021,0,0,6.92(3.13 %),0,0,0,0,53,11.19
17/12/2021,0,0,6.95(0.43 %),0,0,0,0,53,11.19
20/12/2021,0,0,6.9(-0.72 %),0,0,0,0,53,11.19
21/12/2021,0,0,6.89(-0.14 %),0,0,0,0,53,0.0
22/12/2021,0,0,7.11(3.04 %),0,0,0,0,53,11.19
23/12/2021,100,720000,7.6(7.04 %),100,720000,0,0,-47,0.0
24/12/2021,0,0,8(5.26 %),0,0,0,0,53,11.19
27/12/2021,1800,14120000,7.5(-6.25 %),1800,14120000,0,0,653,48.99
28/12/2021,0,0,7.5(0.00 %),0,0,0,0,653,11.19
29/12/2021,0,0,7.39(-1.47 %),0,0,0,0,653,48.99
30/12/2021,-100,-790000,7.9(6.76 %),0,0,100,790000,653,48.99
31/12/2021,200,1632000,7.8(-1.27 %),200,1632000,0,0,453,49.0
04/01/2022,0,0,7.95(1.92 %),0,0,0,0,553,48.99
05/01/2022,500,4095000,7.97(-0.38 %),500,4095000,0,0,53,49.0
06/01/2022,0,0,7.9(-1.25 %),0,0,0,0,53,49.0
07/01/2022,0,0,8.19(3.67 %),0,0,0,0,53,49.0
10/01/2022,0,0,8.76(6.83 %),0,0,0,0,53,49.0
11/01/2022,0,0,8.9(1.14 %),0,0,0,0,53,49.0
12/01/2022,0,0,8.28(-6.97 %),0,0,0,0,53,49.0
13/01/2022,0,0,7.85(-5.42 %),0,0,0,0,53,49.0
14/01/2022,-200,-1462000,8(1.27 %),0,0,200,1462000,53,49.0
17/01/2022,0,0,8(0.00 %),0,0,0,0,53,49.0
18/01/2022,0,0,7.44(-7.00 %),0,0,0,0,253,49.0
19/01/2022,0,0,7.08(-4.32 %),0,0,0,0,253,49.0
20/01/2022,0,0,7.55(6.34 %),0,0,0,0,253,49.0
21/01/2022,200,1560000,7.69(1.18 %),200,1560000,0,0,53,49.0
24/01/2022,0,0,7.94(3.12 %),0,0,0,0,53,49.0
25/01/2022,0,0,7.8(-1.27 %),0,0,0,0,53,49.0
26/01/2022,0,0,7.7(-1.28 %),0,0,0,0,53,49.0
27/01/2022,0,0,7.7(0.00 %),0,0,0,0,53,49.0
28/01/2022,0,0,7.6(-1.30 %),0,0,0,0,53,49.0
07/02/2022,0,0,7.6(0.00 %),0,0,0,0,53,49.0
08/02/2022,0,0,7.58(-0.26 %),0,0,0,0,53,49.0
09/02/2022,0,0,7.41(-2.50 %),0,0,0,0,53,49.0
10/02/2022,0,0,7.59(2.57 %),0,0,0,0,53,49.0
11/02/2022,0,0,7.31(-3.82 %),0,0,0,0,53,49.0
14/02/2022,0,0,7.3(0.00 %),0,0,0,0,53,49.0
15/02/2022,0,0,7.5(2.74 %),0,0,0,0,53,49.0
16/02/2022,0,0,7.5(0.00 %),0,0,0,0,53,49.0
17/02/2022,0,0,7.5(0.00 %),0,0,0,0,53,49.0
18/02/2022,0,0,7.55(0.67 %),0,0,0,0,53,49.0
21/02/2022,0,0,7.4(-2.63 %),0,0,0,0,53,49.0
22/02/2022,0,0,7.55(2.03 %),0,0,0,0,53,49.0
23/02/2022,0,0,7.5(-1.32 %),0,0,0,0,53,49.0
24/02/2022,-300,-2217000,7.35(-2.00 %),0,0,300,2217000,53,49.0
25/02/2022,-1200,-8820000,7.48(1.08 %),0,0,1200,8820000,53,49.0
28/02/2022,0,0,7.55(0.67 %),0,0,0,0,353,49.0
01/03/2022,0,0,7.48(-1.58 %),0,0,0,0,1553,48.99
02/03/2022,0,0,7.48(-0.27 %),0,0,0,0,1553,48.99
03/03/2022,0,0,7.4(-1.33 %),0,0,0,0,1553,48.99
04/03/2022,-200,-1478000,7.49(1.22 %),0,0,200,1478000,1553,48.99
07/03/2022,0,0,7.5(0.00 %),0,0,0,0,1553,48.99
08/03/2022,0,0,7.5(0.00 %),0,0,0,0,1753,48.98
09/03/2022,0,0,7.35(-2.00 %),0,0,0,0,1753,48.98
10/03/2022,-600,-4410000,7.48(1.08 %),0,0,600,4410000,1753,48.98
11/03/2022,0,0,7.41(-1.20 %),0,0,0,0,1753,48.98
14/03/2022,0,0,7.41(0.14 %),0,0,0,0,2353,48.98
15/03/2022,0,0,7.4(0.00 %),0,0,0,0,2353,48.98
16/03/2022,0,0,7.4(0.00 %),0,0,0,0,2353,48.98
17/03/2022,0,0,7.4(0.00 %),0,0,0,0,2353,48.98
18/03/2022,0,0,7.48(1.08 %),0,0,0,0,2353,48.98
21/03/2022,0,0,7.48(-0.27 %),0,0,0,0,2353,48.98
22/03/2022,0,0,7.47(-0.40 %),0,0,0,0,2353,48.98
23/03/2022,0,0,7.46(-0.53 %),0,0,0,0,2353,48.98
24/03/2022,0,0,7.98(6.40 %),0,0,0,0,2353,48.98
25/03/2022,0,0,8.02(0.25 %),0,0,0,0,2353,48.98
28/03/2022,0,0,8(0.00 %),0,0,0,0,2353,48.98
29/03/2022,0,0,7.9(-1.25 %),0,0,0,0,2353,48.98
30/03/2022,0,0,7.46(-5.57 %),0,0,0,0,2353,48.98
31/03/2022,-1500,-11100000,7.4(-1.33 %),0,0,1500,11100000,2353,48.98
01/04/2022,-23600,-166669000,6.89(-6.89 %),0,0,23600,166669000,2353,48.98
04/04/2022,-8800,-62480000,7.1(2.90 %),0,0,8800,62480000,3853,48.96
05/04/2022,-15000,-108242000,7.31(2.96 %),0,0,15000,108242000,27472,48.74
06/04/2022,0,0,6.98(-4.38 %),0,0,0,0,36272,48.65
07/04/2022,0,0,6.99(-0.14 %),0,0,0,0,36272,11.11
08/04/2022,0,0,7.02(0.29 %),0,0,0,0,51272,48.51
12/04/2022,-1000,-6750000,6.75(-3.85 %),0,0,1000,6750000,52272,11.07
13/04/2022,0,0,6.3(-7.35 %),0,0,0,0,51272,48.51
14/04/2022,0,0,6.7(6.35 %),0,0,0,0,52272,48.5
15/04/2022,600,0,6.4(-4.48 %),600,0,0,0,51672,48.5
18/04/2022,-1000,-5985000,5.97(-6.72 %),0,0,1000,5985000,51672,48.5
19/04/2022,-500,-2905000,5.81(-3.17 %),0,0,500,2905000,51672,48.5
20/04/2022,0,0,5.51(-5.16 %),0,0,0,0,52272,11.07
21/04/2022,0,0,5.25(-4.55 %),0,0,0,0,53172,48.49
22/04/2022,-1500,-7892000,5.21(-0.76 %),0,0,1500,7892000,53172,48.49
25/04/2022,-600,-3099000,5.1(-1.92 %),0,0,600,3099000,53172,48.49
26/04/2022,400,2185000,5.39(5.69 %),500,2695000,100,510000,54172,48.48
27/04/2022,0,0,5.76(6.67 %),0,0,0,0,54772,48.47
28/04/2022,0,0,5.9(1.72 %),0,0,0,0,54872,48.47
29/04/2022,-500,-3050000,6.31(6.95 %),0,0,500,3050000,54872,48.47
04/05/2022,-4100,-24358000,6.39(1.43 %),0,0,4100,24358000,54872,48.47
05/05/2022,0,0,6.38(-0.31 %),0,0,0,0,54872,11.07
06/05/2022,0,0,5.94(-7.19 %),0,0,0,0,59472,48.43
09/05/2022,-100,-554000,5.54(-6.10 %),0,0,100,554000,59472,48.43
10/05/2022,-500,-2960000,5.92(7.64 %),0,0,500,2960000,59472,48.43
11/05/2022,0,0,5.52(-6.76 %),0,0,0,0,59472,11.06
12/05/2022,0,0,5.89(6.70 %),0,0,0,0,59472,11.06
13/05/2022,0,0,5.95(1.02 %),0,0,0,0,60072,48.42
16/05/2022,0,0,6.09(1.50 %),0,0,0,0,60072,48.42
17/05/2022,0,0,6.1(0.00 %),0,0,0,0,60072,48.42
18/05/2022,0,0,6(-1.64 %),0,0,0,0,60072,48.42
19/05/2022,0,0,5.65(-5.83 %),0,0,0,0,60072,48.42
20/05/2022,0,0,5.5(-3.51 %),0,0,0,0,60072,48.42
23/05/2022,0,0,5.42(-1.45 %),0,0,0,0,60072,48.42
24/05/2022,0,0,5.25(-2.78 %),0,0,0,0,60072,48.42
25/05/2022,0,0,5.5(3.77 %),0,0,0,0,60072,48.42
26/05/2022,0,0,5.38(-2.18 %),0,0,0,0,60072,48.42
27/05/2022,0,0,5.4(0.00 %),0,0,0,0,60072,48.42
30/05/2022,0,0,5.4(0.00 %),0,0,0,0,60072,48.42
31/05/2022,0,0,5.54(2.59 %),0,0,0,0,60072,48.42
01/06/2022,0,0,5.31(-3.45 %),0,0,0,0,60072,48.42
02/06/2022,0,0,5.15(-2.83 %),0,0,0,0,60072,48.42
03/06/2022,0,0,5.25(0.96 %),0,0,0,0,60147,48.42
06/06/2022,0,0,5.2(-1.89 %),0,0,0,0,60147,48.42
07/06/2022,0,0,5.02(-3.46 %),0,0,0,0,60147,48.42
08/06/2022,0,0,5.18(3.60 %),0,0,0,0,60147,48.42
09/06/2022,0,0,5.17(-0.58 %),0,0,0,0,60147,48.42
10/06/2022,-100,-503000,5.03(-3.27 %),100,503000,200,1006000,60047,48.42
13/06/2022,0,-503000,5.08(1.60 %),0,503000,0,1006000,60047,48.42
14/06/2022,0,-503000,5.2(1.96 %),0,503000,0,1006000,60247,48.42
15/06/2022,0,-503000,5.23(0.58 %),0,503000,0,1006000,60247,48.42
16/06/2022,0,-503000,5.13(-1.35 %),0,503000,0,1006000,60247,48.42
17/06/2022,0,-503000,4.95(-2.94 %),0,503000,0,1006000,60247,48.42
20/06/2022,0,0,4.8(-4.00 %),0,0,0,0,60247,48.42
21/06/2022,0,-503000,4.74(-1.25 %),0,503000,0,1006000,60247,48.42
22/06/2022,0,-503000,4.88(3.83 %),0,503000,0,1006000,60247,48.42
23/06/2022,0,-503000,4.88(-0.41 %),0,503000,0,1006000,60247,48.42
24/06/2022,0,-503000,4.8(-2.04 %),0,503000,0,1006000,60247,48.42
27/06/2022,0,-503000,4.48(-6.67 %),0,503000,0,1006000,60247,48.42
28/06/2022,0,-503000,4.7(4.44 %),0,503000,0,1006000,60247,48.42
29/06/2022,0,0,4.52(-3.83 %),0,0,0,0,60247,48.42
30/06/2022,0,-503000,4.42(-1.78 %),0,503000,0,1006000,60247,48.42
01/07/2022,0,-503000,4.48(1.82 %),0,503000,0,1006000,60247,48.42
04/07/2022,0,-503000,4.2(-6.67 %),0,503000,0,1006000,60247,11.06
05/07/2022,0,-503000,4.47(6.43 %),0,503000,0,1006000,60247,48.42
06/07/2022,0,-503000,4.26(-5.33 %),0,503000,0,1006000,60247,48.42
07/07/2022,0,-503000,4.29(-0.23 %),0,503000,0,1006000,60247,48.42
08/07/2022,0,-503000,4.24(-1.40 %),0,503000,0,1006000,60247,11.06
11/07/2022,0,-503000,4.28(1.90 %),0,503000,0,1006000,60247,48.42
12/07/2022,100,410000,4.1(-4.65 %),100,410000,0,0,60147,48.42
13/07/2022,0,410000,4.28(4.39 %),0,410000,0,0,60147,48.42
14/07/2022,0,410000,4.57(6.28 %),0,410000,0,0,60147,48.42
15/07/2022,0,410000,4.65(1.09 %),0,410000,0,0,60147,48.42
18/07/2022,0,410000,4.6(-2.13 %),0,410000,0,0,60147,48.42
19/07/2022,0,410000,4.75(3.26 %),0,410000,0,0,60147,48.42
20/07/2022,0,410000,4.8(0.00 %),0,410000,0,0,60147,48.42
21/07/2022,0,410000,4.79(-0.21 %),0,410000,0,0,60147,48.42
22/07/2022,0,410000,4.8(0.00 %),0,410000,0,0,60147,48.42
25/07/2022,0,410000,4.7(-2.08 %),0,410000,0,0,60147,48.42
26/07/2022,0,410000,4.66(-0.85 %),0,410000,0,0,60147,48.42
27/07/2022,2000,9920000,4.96(5.53 %),2200,10912000,200,992000,57947,48.44
28/07/2022,0,9920000,5(0.00 %),0,10912000,0,992000,57947,48.44
29/07/2022,0,9920000,5.14(2.80 %),0,10912000,0,992000,58147,48.44
01/08/2022,0,9920000,5.24(2.75 %),0,10912000,0,992000,58147,48.44
02/08/2022,0,9920000,5.2(0.00 %),0,10912000,0,992000,58147,48.44
03/08/2022,0,9920000,5.09(-2.12 %),0,10912000,0,992000,58147,48.44
04/08/2022,0,9920000,5.05(-0.98 %),0,10912000,0,992000,58147,48.44
05/08/2022,0,9920000,4.83(-5.29 %),0,10912000,0,992000,58147,48.44
08/08/2022,0,9920000,4.85(1.04 %),0,10912000,0,992000,58147,48.44
09/08/2022,0,9920000,4.81(-1.84 %),0,10912000,0,992000,58147,48.44
10/08/2022,0,9920000,4.9(2.08 %),0,10912000,0,992000,58147,48.44
11/08/2022,0,9920000,4.92(0.41 %),0,10912000,0,992000,58147,48.44
12/08/2022,0,9920000,4.89(-0.20 %),0,10912000,0,992000,58147,48.44
15/08/2022,0,9920000,4.9(0.00 %),0,10912000,0,992000,58147,48.44
16/08/2022,0,9920000,4.89(-0.20 %),0,10912000,0,992000,58147,48.44
17/08/2022,0,9920000,4.85(-1.02 %),0,10912000,0,992000,58147,48.44
18/08/2022,0,9920000,4.8(-2.04 %),0,10912000,0,992000,58147,48.44
19/08/2022,0,9920000,4.8(0.00 %),0,10912000,0,992000,58147,48.44
22/08/2022,0,9920000,4.74(-1.25 %),0,10912000,0,992000,58147,48.44
23/08/2022,0,9920000,4.52(-3.83 %),0,10912000,0,992000,58147,48.44
24/08/2022,0,9920000,4.53(0.67 %),0,10912000,0,992000,58147,48.44
25/08/2022,0,9920000,4.53(0.67 %),0,10912000,0,992000,58147,48.44
26/08/2022,0,9920000,4.6(2.22 %),0,10912000,0,992000,58147,48.44
29/08/2022,0,9920000,4.6(0.00 %),0,10912000,0,992000,58147,48.44
30/08/2022,0,9920000,4.6(0.00 %),0,10912000,0,992000,58147,48.44
31/08/2022,0,9920000,4.6(0.00 %),0,10912000,0,992000,58147,48.44
05/09/2022,0,9920000,4.6(0.00 %),0,10912000,0,992000,58147,48.44
06/09/2022,0,9920000,4.52(-1.74 %),0,10912000,0,992000,58147,48.44
07/09/2022,0,9920000,4.5(0.00 %),0,10912000,0,992000,58147,48.44
08/09/2022,0,9920000,4.55(1.11 %),0,10912000,0,992000,58147,48.44
09/09/2022,0,9920000,4.3(-6.52 %),0,10912000,0,992000,58147,48.44
12/09/2022,0,9920000,4.48(4.19 %),0,10912000,0,992000,58147,48.44
13/09/2022,0,9920000,4.48(-0.44 %),0,10912000,0,992000,58147,48.44
14/09/2022,0,9920000,4.3(-4.44 %),0,10912000,0,992000,58147,48.44
15/09/2022,-12,9920000,4.6(6.98 %),0,10912000,12,992000,0,48.44
16/09/2022,-10,-46000,4.6(0.00 %),0,0,10,46000,58147,48.44
19/09/2022,0,-46000,4.3(-6.52 %),0,0,0,46000,58147,0.0
20/09/2022,0,-46000,4.29(-0.23 %),0,0,0,46000,58169,48.44
21/09/2022,-2200,-9460000,4.3(0.00 %),0,0,2200,9460000,58169,48.44
22/09/2022,0,-9460000,4.24(-1.40 %),0,0,0,9460000,58169,48.44
23/09/2022,0,-9460000,4.11(-2.14 %),0,0,0,9460000,60369,48.42
26/09/2022,0,-9460000,4.04(-1.46 %),0,0,0,9460000,60369,48.42
27/09/2022,0,-9460000,4.04(1.00 %),0,0,0,9460000,60369,48.42
28/09/2022,0,-9460000,3.9(-2.50 %),0,0,0,9460000,60369,48.42
29/09/2022,0,-9460000,3.96(1.54 %),0,0,0,9460000,60369,48.42
30/09/2022,0,-9460000,3.9(-2.50 %),0,0,0,9460000,60369,48.42
03/10/2022,0,-9460000,3.96(1.54 %),0,0,0,9460000,60369,48.42
04/10/2022,0,-9460000,3.96(-1.00 %),0,0,0,9460000,60369,48.42
05/10/2022,5000,19750000,3.95(-1.25 %),5000,19750000,0,0,55369,48.47
06/10/2022,0,19750000,3.72(-7.00 %),0,19750000,0,0,55369,48.47
07/10/2022,100,381000,3.81(2.97 %),100,381000,0,0,55269,48.47
10/10/2022,0,381000,3.99(5.00 %),0,381000,0,0,55269,48.47
11/10/2022,-28100,-104532000,3.72(-7.00 %),0,0,28100,104532000,55269,48.47
12/10/2022,-7000,-25550000,3.65(-1.35 %),0,0,7000,25550000,55269,48.47
13/10/2022,-2400,-8160000,3.4(-8.11 %),0,0,2400,8160000,83369,48.2
14/10/2022,-58700,-199580000,3.4(0.00 %),200,680000,58900,200260000,90169,48.13
17/10/2022,-47,0,3.4(0.00 %),0,0,47,0,92569,48.11
18/10/2022,-25200,-83160000,3.3(-2.94 %),0,0,25200,83160000,151469,47.54
19/10/2022,-41400,-127402000,3.07(-6.97 %),0,0,41400,127402000,192869,10.76
20/10/2022,0,0,3.02(-2.58 %),0,0,0,0,151516,10.86
21/10/2022,0,0,3(0.00 %),0,0,0,0,176716,10.8
24/10/2022,0,0,3(0.00 %),0,0,0,0,218116,10.71
25/10/2022,3000,9450000,3.19(6.33 %),3000,9450000,0,0,215116,10.72
26/10/2022,0,0,3.19(-0.31 %),0,0,0,0,215116,10.72
27/10/2022,-18500,-55315000,2.97(-7.19 %),0,0,18500,55315000,215116,46.93
28/10/2022,-21700,-64232000,2.96(-1.33 %),0,0,21700,64232000,215116,46.93
31/10/2022,-34900,-108190000,3.1(3.33 %),0,0,34900,108190000,233616,46.75
01/11/2022,0,-108190000,2.9(-6.45 %),0,0,0,108190000,255316,46.54
02/11/2022,0,-108190000,2.99(3.10 %),0,0,0,108190000,290216,46.2
03/11/2022,0,-108190000,3.1(3.33 %),0,0,0,108190000,290216,46.2
04/11/2022,0,-108190000,3(-3.23 %),0,0,0,108190000,290216,46.2
07/11/2022,0,-108190000,3.19(6.33 %),0,0,0,108190000,290216,46.2
08/11/2022,-8200,-24600000,3(-6.25 %),0,0,8200,24600000,290216,46.2
09/11/2022,-200,-596000,2.98(-0.67 %),0,0,200,596000,290216,46.2
10/11/2022,0,-596000,2.98(-0.67 %),0,0,0,596000,298416,46.12
11/11/2022,-800,-2224000,2.78(-7.33 %),300,834000,1100,3058000,298316,46.12
14/11/2022,-1500,-3885000,2.59(-7.50 %),0,0,1500,3885000,298316,46.12
15/11/2022,0,-3885000,2.49(-4.23 %),0,0,0,3885000,299416,46.11
16/11/2022,600,1440000,2.4(-4.00 %),600,1440000,0,0,300316,46.1
17/11/2022,100,251000,2.51(4.58 %),100,251000,0,0,300216,46.11
18/11/2022,0,251000,2.66(6.40 %),0,251000,0,0,300216,46.11
21/11/2022,4000,11360000,2.84(5.19 %),4000,11360000,0,0,296216,46.14
22/11/2022,-5200,-14768000,2.84(1.43 %),7000,19880000,12200,34648000,289216,46.21
23/11/2022,-8600,-22876000,2.66(-5.00 %),0,0,8600,22876000,289216,46.21
24/11/2022,0,-22876000,2.8(5.26 %),0,0,0,22876000,301416,46.09
25/11/2022,0,-22876000,2.85(1.79 %),0,0,0,22876000,310016,46.01
28/11/2022,0,-22876000,2.98(2.76 %),0,0,0,22876000,310016,10.51
29/11/2022,0,-22876000,3(0.00 %),0,0,0,22876000,310016,10.51
30/11/2022,-36,-109080,3.03(1.00 %),0,0,36,109080,310052,10.51
01/12/2022,2000,6160000,3.08(2.67 %),2000,6160000,0,0,308016,10.51
02/12/2022,0,6160000,3.09(-0.32 %),0,6160000,0,0,308016,0.0
05/12/2022,3900,12831000,3.29(6.13 %),3900,12831000,0,0,304116,0.0
06/12/2022,4600,15180000,3.3(0.00 %),4600,15180000,0,0,299516,0.0
07/12/2022,3000,10200000,3.4(3.03 %),3000,10200000,0,0,296516,10.54
08/12/2022,21300,77106000,3.62(6.47 %),21300,77106000,0,0,275252,46.35
09/12/2022,3000,10860000,3.62(0.56 %),3000,10860000,0,0,272252,46.38
12/12/2022,3000,10920000,3.64(1.11 %),3000,10920000,0,0,269216,0.0
13/12/2022,0,10920000,3.6(0.00 %),0,10920000,0,0,269216,10.6
14/12/2022,700,2618000,3.74(3.89 %),700,2618000,0,0,268516,10.6
15/12/2022,0,2618000,3.55(-4.05 %),0,2618000,0,0,268516,10.6
16/12/2022,5000,18200000,3.64(1.11 %),5000,18200000,0,0,263516,10.61
19/12/2022,3000,11100000,3.7(2.78 %),3000,11100000,0,0,260516,0.0
20/12/2022,0,11100000,3.65(-1.35 %),0,11100000,0,0,260516,10.62
21/12/2022,7000,23800000,3.4(-8.11 %),7000,23800000,0,0,253516,10.63
22/12/2022,6000,19200000,3.2(-5.88 %),6000,19200000,0,0,247516,10.64
23/12/2022,6000,20400000,3.4(6.25 %),6000,20400000,0,0,241516,0.0
26/12/2022,4000,12680000,3.17(-6.76 %),4000,12680000,0,0,237516,10.67
27/12/2022,4000,12720000,3.18(-0.62 %),4000,12720000,0,0,233516,0.0
28/12/2022,0,12720000,3.3(3.12 %),0,12720000,0,0,233516,10.68
29/12/2022,0,12720000,3.3(0.00 %),0,12720000,0,0,233552,46.75
30/12/2022,0,12720000,3.39(2.73 %),0,12720000,0,0,233552,46.75
03/01/2023,0,12720000,3.3(-2.94 %),0,12720000,0,0,233552,10.68
04/01/2023,0,12720000,3.28(-0.61 %),0,12720000,0,0,233552,46.75
05/01/2023,0,12720000,3.3(0.00 %),0,12720000,0,0,233552,46.75
06/01/2023,0,12720000,3.3(0.00 %),0,12720000,0,0,233552,46.75
09/01/2023,1500,5220000,3.48(5.45 %),1500,5220000,0,0,232052,46.76
10/01/2023,0,5220000,3.48(-0.57 %),0,5220000,0,0,232052,46.76
11/01/2023,0,5220000,3.5(0.00 %),0,5220000,0,0,232052,46.76
12/01/2023,0,5220000,3.5(0.00 %),0,5220000,0,0,232052,46.76
13/01/2023,0,5220000,3.5(0.00 %),0,5220000,0,0,232052,46.76
16/01/2023,100,339000,3.39(-3.14 %),100,339000,0,0,231952,46.76
17/01/2023,0,339000,3.36(-1.18 %),0,339000,0,0,231952,46.76
18/01/2023,0,339000,3.47(2.06 %),0,339000,0,0,231952,46.76
19/01/2023,100,336000,3.36(-4.00 %),100,336000,0,0,231852,46.76
27/01/2023,0,336000,3.5(2.94 %),0,336000,0,0,231852,46.76
30/01/2023,600,2040000,3.4(-2.86 %),600,2040000,0,0,231252,46.77
31/01/2023,0,2040000,3.4(0.00 %),0,2040000,0,0,231252,46.77
01/02/2023,0,2040000,3.4(0.00 %),0,2040000,0,0,231252,46.77
02/02/2023,0,2040000,3.3(-2.94 %),0,2040000,0,0,231252,46.77
03/02/2023,0,2040000,3.3(0.00 %),0,2040000,0,0,231252,46.77
06/02/2023,0,2040000,3.3(0.00 %),0,2040000,0,0,231252,46.77
07/02/2023,0,2040000,3.3(0.00 %),0,2040000,0,0,231252,46.77
08/02/2023,0,2040000,3.3(0.00 %),0,2040000,0,0,231252,46.77
09/02/2023,0,2040000,3.3(0.00 %),0,2040000,0,0,231252,46.77
10/02/2023,0,2040000,3.3(0.00 %),0,2040000,0,0,231252,46.77
13/02/2023,0,2040000,3.3(0.00 %),0,2040000,0,0,231252,46.77
14/02/2023,0,2040000,3.29(-0.30 %),0,2040000,0,0,231252,46.77
15/02/2023,0,2040000,3.25(-1.52 %),0,2040000,0,0,231252,46.77
16/02/2023,0,2040000,3.3(0.00 %),0,2040000,0,0,231252,46.77
17/02/2023,0,2040000,3.12(-5.45 %),0,2040000,0,0,231252,46.77
20/02/2023,0,2040000,3.3(6.45 %),0,2040000,0,0,231252,46.77
21/02/2023,0,2040000,3.48(5.45 %),0,2040000,0,0,231252,46.77
22/02/2023,0,2040000,3.48(-0.57 %),0,2040000,0,0,231252,46.77
23/02/2023,0,2040000,3.48(-0.57 %),0,2040000,0,0,231252,46.77
24/02/2023,0,2040000,3.39(-3.14 %),0,2040000,0,0,231252,10.68
27/02/2023,0,2040000,3.35(-1.47 %),0,2040000,0,0,231252,46.77
28/02/2023,0,2040000,3.43(0.88 %),0,2040000,0,0,231252,46.77
01/03/2023,0,2040000,3.43(0.88 %),0,2040000,0,0,231252,46.77
02/03/2023,0,2040000,3.38(-0.59 %),0,2040000,0,0,231252,46.77
03/03/2023,0,2040000,3.37(-0.88 %),0,2040000,0,0,231252,46.77
06/03/2023,0,2040000,3.4(0.00 %),0,2040000,0,0,231252,46.77
07/03/2023,0,2040000,3.3(-2.94 %),0,2040000,0,0,231252,46.77
08/03/2023,2000,7060000,3.53(6.97 %),2000,7060000,0,0,229252,46.79
09/03/2023,0,7060000,3.67(4.86 %),0,7060000,0,0,229252,46.79
10/03/2023,2000,7320000,3.66(-1.08 %),2000,7320000,0,0,227252,46.81
13/03/2023,2000,6840000,3.42(-7.57 %),2000,6840000,0,0,225252,10.69
14/03/2023,4000,13600000,3.4(0.00 %),4000,13600000,0,0,221252,46.87
15/03/2023,200,698000,3.49(2.65 %),200,698000,0,0,221052,46.87
16/03/2023,0,698000,3.49(-0.29 %),0,698000,0,0,221052,46.87
17/03/2023,0,698000,3.32(-5.14 %),0,698000,0,0,221052,46.87
20/03/2023,0,698000,3.31(0.30 %),0,698000,0,0,221052,46.87
21/03/2023,0,2040000,3.4(3.03 %),0,2040000,0,0,221052,46.87
22/03/2023,2000,6799000,3.35(-1.47 %),2000,6799000,0,0,219052,10.71
23/03/2023,8000,25600000,3.2(-5.88 %),8000,25600000,0,0,211052,10.72
24/03/2023,3300,10660000,3.25(1.56 %),3300,10660000,0,0,207752,10.73
27/03/2023,0,0,3.27(-0.91 %),0,0,0,0,207752,10.73
28/03/2023,3000,9810000,3.27(-0.91 %),3000,9810000,0,0,204752,10.74
29/03/2023,0,9810000,3.26(-1.21 %),0,9810000,0,0,204752,47.03
30/03/2023,3000,9810000,3.27(-0.91 %),3000,9810000,0,0,201752,47.06
31/03/2023,0,9810000,3.2(-3.03 %),0,9810000,0,0,201752,47.06
03/04/2023,3000,9600000,3.2(0.00 %),3000,9600000,0,0,198752,47.08
04/04/2023,3000,9600000,3.2(0.00 %),3000,9600000,0,0,195752,47.11
05/04/2023,3000,9630000,3.21(0.31 %),3000,9630000,0,0,192752,47.14
06/04/2023,900,2925000,3.25(1.56 %),900,2925000,0,0,191852,47.15
07/04/2023,3000,10050000,3.35(1.52 %),3000,10050000,0,0,188852,47.18
10/04/2023,0,10050000,3.22(-5.29 %),0,10050000,0,0,188852,47.18
11/04/2023,5000,16450000,3.29(2.81 %),5000,16450000,0,0,183852,47.23
12/04/2023,0,16450000,3.4(3.03 %),0,16450000,0,0,183852,47.23
13/04/2023,0,16450000,3.4(0.00 %),0,16450000,0,0,183852,47.23
14/04/2023,0,16450000,3.25(-4.41 %),0,16450000,0,0,183852,47.23
17/04/2023,3000,9750000,3.25(-1.52 %),3000,9750000,0,0,180852,47.26
18/04/2023,0,9750000,3.25(-1.52 %),0,9750000,0,0,180852,47.26
19/04/2023,0,9750000,3.22(-2.42 %),0,9750000,0,0,180852,47.26
20/04/2023,1800,5796000,3.22(0.62 %),1800,5796000,0,0,179052,10.8
21/04/2023,3000,9690000,3.23(0.94 %),3000,9690000,0,0,176052,47.3
24/04/2023,0,9690000,3.35(4.69 %),0,9690000,0,0,176052,47.3
25/04/2023,0,9690000,3.35(-1.47 %),0,9690000,0,0,176052,47.3
26/04/2023,4500,15030000,3.34(-1.76 %),4500,15030000,0,0,171552,47.35
27/04/2023,1400,4480000,3.34(0.00 %),1400,4480000,0,0,170152,10.81
28/04/2023,0,0,3.38(1.20 %),0,0,0,0,170152,10.81
04/05/2023,0,0,3.38(0.00 %),0,0,0,0,170152,10.81
05/05/2023,5300,17260000,3.21(-5.03 %),5300,17260000,0,0,164852,47.41
08/05/2023,0,0,3.25(1.25 %),0,0,0,0,164852,47.41
09/05/2023,100,325000,3.25(-1.52 %),100,325000,0,0,164752,47.41
10/05/2023,0,0,3.3(0.00 %),0,0,0,0,164752,10.83
11/05/2023,0,0,3.3(0.00 %),0,0,0,0,164752,47.41
12/05/2023,5000,16500000,3.3(0.00 %),5000,16500000,0,0,159752,47.46
15/05/2023,-600,-1980000,3.3(0.00 %),0,0,600,1980000,160352,10.84
16/05/2023,5300,17489000,3.3(0.00 %),5300,17489000,0,0,155052,10.85
17/05/2023,0,0,3.35(1.52 %),0,0,0,0,155052,10.85
18/05/2023,0,0,3.4(1.49 %),0,0,0,0,155052,10.85
19/05/2023,500,1650000,3.38(-0.59 %),500,1650000,0,0,154552,10.85
22/05/2023,0,0,3.33(-1.48 %),0,0,0,0,154552,10.85
23/05/2023,0,0,3.33(0.00 %),0,0,0,0,154552,10.85
24/05/2023,0,0,3.33(0.00 %),0,0,0,0,154552,10.85
25/05/2023,0,0,3.3(-0.90 %),0,0,0,0,154552,10.85
26/05/2023,0,0,3.3(0.00 %),0,0,0,0,154552,10.85
29/05/2023,0,0,3.32(0.61 %),0,0,0,0,154552,10.85
30/05/2023,0,0,3.4(2.41 %),0,0,0,0,154552,10.85
31/05/2023,-1000,-3330000,3.47(2.06 %),0,0,1000,3330000,155552,10.85
01/06/2023,0,0,3.47(0.00 %),0,0,0,0,154554,10.85
02/06/2023,0,0,3.48(0.29 %),0,0,0,0,154554,10.85
05/06/2023,0,0,3.54(1.72 %),0,0,0,0,154554,10.85
06/06/2023,0,0,3.45(-2.54 %),0,0,0,0,154554,10.85
07/06/2023,2600,8970000,3.6(4.35 %),2600,8970000,0,0,151954,10.86
08/06/2023,-900,-3285000,3.6(0.00 %),0,0,900,3285000,152854,10.85
09/06/2023,1100,3850000,3.55(-1.39 %),1100,3850000,0,0,151754,10.86
12/06/2023,0,0,3.55(0.00 %),0,0,0,0,151754,10.86
13/06/2023,0,0,3.68(3.66 %),0,0,0,0,151754,10.86
14/06/2023,0,0,3.69(0.27 %),0,0,0,0,151754,10.86
15/06/2023,0,0,3.75(1.63 %),0,0,0,0,151754,10.86
16/06/2023,0,0,3.65(-3.95 %),0,0,0,0,152754,47.53
19/06/2023,0,0,3.59(-2.97 %),0,0,0,0,152754,47.53
20/06/2023,100,356000,3.79(5.28 %),100,356000,0,0,152654,10.85
21/06/2023,0,0,3.75(-1.32 %),0,0,0,0,152654,47.53
22/06/2023,0,0,3.74(-0.27 %),0,0,0,0,152654,10.85
23/06/2023,0,0,3.73(0.81 %),0,0,0,0,152654,10.85
26/06/2023,0,0,3.7(0.00 %),0,0,0,0,152654,47.53
27/06/2023,0,0,3.7(0.00 %),0,0,0,0,152654,10.85
28/06/2023,0,0,3.69(-0.27 %),0,0,0,0,152654,10.85
29/06/2023,0,0,3.64(-1.62 %),0,0,0,0,152654,10.85
30/06/2023,0,0,3.65(1.39 %),0,0,0,0,152654,10.85
03/07/2023,0,0,3.7(0.00 %),0,0,0,0,152654,10.85
04/07/2023,0,0,3.69(-0.27 %),0,0,0,0,152654,10.85
05/07/2023,1000,3688000,3.79(2.43 %),1000,3688000,0,0,151654,10.86
06/07/2023,2000,7200000,3.6(-5.26 %),2000,7200000,0,0,149655,47.56
07/07/2023,0,0,3.7(2.78 %),0,0,0,0,149655,47.56
10/07/2023,4900,16954000,3.51(-5.14 %),4900,16954000,0,0,144755,10.87
11/07/2023,-100,-351000,3.51(0.29 %),800,2808000,900,3159000,144855,10.87
12/07/2023,0,0,3.51(0.29 %),0,0,0,0,144855,10.87
13/07/2023,0,0,3.6(2.86 %),0,0,0,0,144855,10.87
14/07/2023,0,0,3.5(-2.78 %),0,0,0,0,144855,47.6
17/07/2023,0,0,3.55(1.43 %),0,0,0,0,144855,10.87
18/07/2023,5500,19525000,3.56(-1.11 %),5500,19525000,0,0,139355,10.88
19/07/2023,5000,17800000,3.58(-0.56 %),5000,17800000,0,0,134355,47.7
20/07/2023,0,0,3.58(-0.56 %),0,0,0,0,134355,10.89
21/07/2023,0,0,3.5(-2.78 %),0,0,0,0,134355,10.89
24/07/2023,11000,38500000,3.5(0.00 %),11000,38500000,0,0,123355,47.81
25/07/2023,100,350000,3.6(2.86 %),100,350000,0,0,123255,47.81
26/07/2023,4800,16800000,3.5(-2.78 %),4800,16800000,0,0,118455,10.93
27/07/2023,0,0,3.53(0.86 %),0,0,0,0,118455,10.93
28/07/2023,0,0,3.51(0.29 %),0,0,0,0,118455,10.93
31/07/2023,0,0,3.55(1.43 %),0,0,0,0,118455,10.93
01/08/2023,0,0,3.51(-2.50 %),0,0,0,0,118455,10.93
02/08/2023,0,0,3.6(2.86 %),0,0,0,0,118455,10.93
03/08/2023,0,0,3.67(1.94 %),0,0,0,0,118455,10.93
04/08/2023,0,0,3.65(-0.54 %),0,0,0,0,118455,47.86
07/08/2023,0,0,3.65(0.00 %),0,0,0,0,118455,10.93
08/08/2023,1000,3650000,3.55(-2.74 %),1000,3650000,0,0,117455,10.93
09/08/2023,0,0,3.51(-1.13 %),0,0,0,0,117455,10.93
10/08/2023,-100,-353000,3.53(0.57 %),0,0,100,353000,117555,10.93
11/08/2023,-2700,-9585000,3.55(0.57 %),0,0,2700,9585000,120255,10.92
14/08/2023,0,0,3.56(-1.11 %),0,0,0,0,117555,47.87
15/08/2023,0,0,3.56(-1.11 %),0,0,0,0,120255,47.84
16/08/2023,0,0,3.56(-1.11 %),0,0,0,0,120255,47.84
17/08/2023,0,0,3.56(-1.11 %),0,0,0,0,120255,10.92
18/08/2023,0,0,3.5(-2.78 %),0,0,0,0,120255,47.84
21/08/2023,1100,3850000,3.56(1.71 %),1100,3850000,0,0,119155,47.85
22/08/2023,0,0,3.52(-2.22 %),0,0,0,0,119155,47.85
23/08/2023,0,0,3.61(2.56 %),0,0,0,0,119155,47.85
24/08/2023,0,0,3.69(2.22 %),0,0,0,0,119155,10.93
25/08/2023,0,0,3.69(0.00 %),0,0,0,0,119155,47.85
28/08/2023,0,0,3.7(0.27 %),0,0,0,0,119155,10.93
29/08/2023,0,0,3.7(0.00 %),0,0,0,0,119155,47.85
30/08/2023,0,0,3.56(-3.78 %),0,0,0,0,119155,10.93
31/08/2023,0,0,3.58(0.56 %),0,0,0,0,119155,47.85
05/09/2023,0,0,3.65(1.96 %),0,0,0,0,119155,47.85
06/09/2023,0,0,3.6(-1.37 %),0,0,0,0,119155,10.93
07/09/2023,0,0,3.64(1.11 %),0,0,0,0,119155,47.85
08/09/2023,0,0,3.75(3.02 %),0,0,0,0,119155,47.85
11/09/2023,0,0,3.75(0.00 %),0,0,0,0,119155,47.85
12/09/2023,0,0,3.65(-2.67 %),0,0,0,0,119155,47.85
13/09/2023,0,0,3.61(-1.10 %),0,0,0,0,119155,47.85
14/09/2023,0,0,3.8(5.26 %),0,0,0,0,119155,47.85
15/09/2023,0,0,3.7(-2.63 %),0,0,0,0,119155,47.85
18/09/2023,0,0,3.63(-1.89 %),0,0,0,0,119155,10.93
19/09/2023,0,0,3.63(0.00 %),0,0,0,0,119155,10.93
20/09/2023,0,0,3.65(0.55 %),0,0,0,0,119155,10.93
21/09/2023,0,0,3.65(0.00 %),0,0,0,0,119155,10.93
22/09/2023,-1300,-4461000,3.65(0.00 %),0,0,1300,4461000,119155,47.85
25/09/2023,0,0,3.6(-1.37 %),0,0,0,0,119155,47.85
26/09/2023,0,0,3.66(1.67 %),0,0,0,0,120455,47.84
27/09/2023,0,0,3.6(-1.64 %),0,0,0,0,120455,10.92
28/09/2023,0,0,3.4(-5.56 %),0,0,0,0,120455,10.92
29/09/2023,0,0,3.58(5.29 %),0,0,0,0,120455,47.84
02/10/2023,0,0,3.5(-2.23 %),0,0,0,0,120455,47.84
03/10/2023,5000,17500000,3.47(-0.86 %),5000,17500000,0,0,115455,47.89
04/10/2023,0,0,3.47(0.00 %),0,0,0,0,115455,10.94
05/10/2023,5000,17500000,3.5(0.86 %),5000,17500000,0,0,110455,47.94
06/10/2023,0,0,3.45(-1.43 %),0,0,0,0,110455,10.95
09/10/2023,0,0,3.45(0.00 %),0,0,0,0,110455,10.95
10/10/2023,0,0,3.5(1.45 %),0,0,0,0,110455,47.94
11/10/2023,0,0,3.32(-5.14 %),0,0,0,0,110455,47.94
12/10/2023,0,0,3.52(6.02 %),0,0,0,0,110455,47.94
13/10/2023,0,0,3.52(0.00 %),0,0,0,0,110455,47.94
16/10/2023,0,0,3.52(0.00 %),0,0,0,0,110455,47.94
17/10/2023,0,0,3.5(-0.57 %),0,0,0,0,110455,47.94
18/10/2023,0,0,3.5(0.00 %),0,0,0,0,110455,47.94
19/10/2023,0,0,3.5(0.00 %),0,0,0,0,110455,47.94
20/10/2023,0,0,3.43(-2.00 %),0,0,0,0,110455,47.94
23/10/2023,0,0,3.48(1.46 %),0,0,0,0,110455,47.94
24/10/2023,0,0,3.47(-0.29 %),0,0,0,0,110455,10.95
25/10/2023,0,0,3.31(-4.61 %),0,0,0,0,110455,47.94
26/10/2023,30000,97400000,3.12(-5.74 %),30000,97400000,0,0,80455,48.22
27/10/2023,10000,31200000,3.15(0.96 %),10000,31200000,0,0,70455,48.32
30/10/2023,0,0,3.25(3.17 %),0,0,0,0,70455,48.32
31/10/2023,0,0,3.11(-4.31 %),0,0,0,0,70455,48.32
01/11/2023,0,0,3.12(0.32 %),0,0,0,0,70455,48.32
02/11/2023,0,0,3.31(6.09 %),0,0,0,0,70455,11.03
03/11/2023,0,0,3.29(-0.60 %),0,0,0,0,70455,11.03
06/11/2023,0,0,3.29(0.00 %),0,0,0,0,70455,11.03
07/11/2023,0,0,3.2(-2.74 %),0,0,0,0,70455,11.03
08/11/2023,0,0,3.41(6.56 %),0,0,0,0,70455,48.32
09/11/2023,0,0,3.4(-0.29 %),0,0,0,0,70455,48.32
10/11/2023,0,0,3.32(-2.35 %),0,0,0,0,70455,48.32
13/11/2023,0,0,3.32(0.00 %),0,0,0,0,70455,48.32
14/11/2023,0,0,3.32(0.00 %),0,0,0,0,70455,11.03
15/11/2023,0,0,3.29(-0.90 %),0,0,0,0,70455,11.03
16/11/2023,0,0,3.32(0.91 %),0,0,0,0,70455,11.03
17/11/2023,0,0,3.32(0.00 %),0,0,0,0,70455,48.32
20/11/2023,0,0,3.32(0.00 %),0,0,0,0,70455,48.32
21/11/2023,0,0,3.32(0.00 %),0,0,0,0,70455,48.32
22/11/2023,0,0,3.3(-0.60 %),0,0,0,0,70455,48.32
23/11/2023,0,0,3.3(0.00 %),0,0,0,0,70455,11.03
24/11/2023,0,0,3.3(0.00 %),0,0,0,0,70455,11.03
27/11/2023,0,0,3.3(0.00 %),0,0,0,0,70455,11.03
28/11/2023,0,0,3.3(0.00 %),0,0,0,0,70455,11.03
29/11/2023,0,0,3.3(0.00 %),0,0,0,0,70455,11.03
30/11/2023,0,0,3.4(3.03 %),0,0,0,0,70455,11.03
01/12/2023,0,0,3.2(-5.88 %),0,0,0,0,70455,11.03
04/12/2023,0,0,3.2(0.00 %),0,0,0,0,70455,11.03
05/12/2023,0,0,3.2(0.00 %),0,0,0,0,70455,11.03
06/12/2023,0,0,3.2(0.00 %),0,0,0,0,70455,11.03
07/12/2023,0,0,3.2(0.00 %),0,0,0,0,70455,11.03
08/12/2023,0,0,3.39(5.94 %),0,0,0,0,70455,11.03
11/12/2023,0,0,3.39(0.00 %),0,0,0,0,70455,11.03
12/12/2023,0,0,3.2(-5.60 %),0,0,0,0,70455,11.03
13/12/2023,0,0,3.21(0.31 %),0,0,0,0,70455,11.03
14/12/2023,0,0,3.36(4.67 %),0,0,0,0,70455,11.03
15/12/2023,0,0,3.36(0.00 %),0,0,0,0,70455,11.03
18/12/2023,0,0,3.36(0.00 %),0,0,0,0,70455,11.03
19/12/2023,0,0,3.36(0.00 %),0,0,0,0,70455,11.03
20/12/2023,0,0,3.2(-4.76 %),0,0,0,0,70455,11.03
21/12/2023,0,0,3.37(5.31 %),0,0,0,0,70455,11.03
22/12/2023,0,0,3.36(-0.30 %),0,0,0,0,70455,11.03
25/12/2023,0,0,3.36(0.00 %),0,0,0,0,70455,11.03
26/12/2023,0,0,3.36(0.00 %),0,0,0,0,70455,11.03
27/12/2023,0,0,3.36(0.00 %),0,0,0,0,70455,11.03
28/12/2023,0,0,3.3(-1.79 %),0,0,0,0,70455,11.03
29/12/2023,0,0,3.17(-3.94 %),0,0,0,0,70455,11.03
02/01/2024,0,0,3.21(1.26 %),0,0,0,0,70455,48.32
03/01/2024,0,0,3.25(1.25 %),0,0,0,0,70455,11.03
04/01/2024,0,0,3.3(1.54 %),0,0,0,0,70455,11.03
05/01/2024,0,0,3.35(1.52 %),0,0,0,0,70455,11.03
08/01/2024,0,0,3.35(0.00 %),0,0,0,0,70455,11.03
09/01/2024,0,0,3.35(0.00 %),0,0,0,0,70455,48.32
10/01/2024,0,0,3.2(-4.48 %),0,0,0,0,70455,48.32
11/01/2024,0,0,3.33(4.06 %),0,0,0,0,70455,48.32
12/01/2024,0,0,3.33(0.00 %),0,0,0,0,70455,11.03
15/01/2024,-100,-326000,3.26(-2.10 %),0,0,100,326000,70455,48.32
16/01/2024,0,0,3.2(-1.84 %),0,0,0,0,70455,48.32
17/01/2024,0,0,3.2(0.00 %),0,0,0,0,70555,48.32
18/01/2024,0,0,3.2(0.00 %),0,0,0,0,70555,11.03
19/01/2024,800,2440000,3.05(-4.69 %),800,2440000,0,0,69755,11.04
22/01/2024,0,0,3.25(6.56 %),0,0,0,0,69755,11.04
23/01/2024,0,0,3.15(-3.08 %),0,0,0,0,69755,11.04
24/01/2024,0,0,3.26(3.49 %),0,0,0,0,69755,11.04
25/01/2024,0,0,3.17(-2.76 %),0,0,0,0,69755,11.04
26/01/2024,0,0,3.22(1.58 %),0,0,0,0,69755,11.04
29/01/2024,0,0,3.22(0.00 %),0,0,0,0,69755,48.33
30/01/2024,0,0,3.2(-0.62 %),0,0,0,0,69755,48.33
31/01/2024,0,0,3.36(5.00 %),0,0,0,0,69755,48.33
01/02/2024,0,0,3.36(0.00 %),0,0,0,0,69755,11.04
02/02/2024,0,0,3.36(0.00 %),0,0,0,0,69755,48.33
05/02/2024,0,0,3.36(0.00 %),0,0,0,0,69755,11.04
06/02/2024,0,0,3.18(-5.36 %),0,0,0,0,69755,48.33
07/02/2024,0,0,3.2(0.63 %),0,0,0,0,69755,48.33
15/02/2024,0,0,3.2(0.00 %),0,0,0,0,69755,48.33
16/02/2024,0,0,3.2(0.00 %),0,0,0,0,69755,48.33
19/02/2024,0,0,3.2(0.00 %),0,0,0,0,69755,48.33
20/02/2024,0,0,3.24(1.25 %),0,0,0,0,69755,48.33
21/02/2024,0,0,3.35(3.40 %),0,0,0,0,69755,48.33
22/02/2024,0,0,3.35(0.00 %),0,0,0,0,69755,48.33
23/02/2024,0,0,3.12(-6.87 %),0,0,0,0,69755,11.04
26/02/2024,0,0,3.33(6.73 %),0,0,0,0,69755,48.33
27/02/2024,0,0,3.31(-0.60 %),0,0,0,0,69755,11.04
28/02/2024,0,0,3.53(6.65 %),0,0,0,0,69755,11.04
29/02/2024,0,0,3.53(0.00 %),0,0,0,0,69755,48.33
01/03/2024,0,0,3.53(0.00 %),0,0,0,0,69755,11.04
04/03/2024,0,0,3.75(6.23 %),0,0,0,0,69755,11.04
05/03/2024,0,0,3.75(0.00 %),0,0,0,0,69755,48.33
06/03/2024,0,0,3.5(-6.67 %),0,0,0,0,69755,11.04
07/03/2024,0,0,3.69(5.43 %),0,0,0,0,69755,11.04
08/03/2024,0,0,3.69(0.00 %),370374,0,370374,0,69755,11.04
11/03/2024,0,0,3.7(0.27 %),0,0,0,0,69755,11.04
12/03/2024,0,0,3.7(0.00 %),0,0,0,0,69755,48.33
13/03/2024,0,0,3.89(5.14 %),0,0,0,0,69755,48.33
14/03/2024,0,0,3.88(-0.26 %),0,0,0,0,69755,11.04
15/03/2024,0,0,3.85(-0.77 %),0,0,0,0,69755,11.04
18/03/2024,0,0,3.65(-5.19 %),0,0,0,0,69755,48.33
19/03/2024,0,0,3.51(-3.84 %),0,0,0,0,69755,48.33
20/03/2024,0,0,3.59(2.28 %),0,0,0,0,69755,11.04
21/03/2024,0,0,3.59(0.00 %),0,0,0,0,69755,11.04
22/03/2024,0,0,3.77(5.01 %),0,0,0,0,69755,11.04
25/03/2024,0,0,3.77(0.00 %),0,0,0,0,69755,48.33
26/03/2024,0,0,3.6(-4.51 %),0,0,0,0,69755,11.04
27/03/2024,0,0,3.8(5.56 %),0,0,0,0,69755,48.33
28/03/2024,0,0,3.86(1.58 %),0,0,0,0,69755,48.33
29/03/2024,0,0,3.86(0.00 %),0,0,0,0,69755,48.33
01/04/2024,0,0,3.87(0.26 %),0,0,0,0,69755,48.33
02/04/2024,0,0,3.87(0.00 %),0,0,0,0,69755,11.04
03/04/2024,0,0,3.81(-1.55 %),0,0,0,0,69755,48.33
04/04/2024,0,0,3.81(0.00 %),0,0,0,0,69755,11.04
05/04/2024,0,0,3.98(4.46 %),0,0,0,0,69755,48.33
08/04/2024,0,0,3.87(-2.76 %),0,0,0,0,69755,11.04
09/04/2024,0,0,3.87(0.00 %),0,0,0,0,69755,11.04
10/04/2024,0,0,3.87(0.00 %),0,0,0,0,69755,11.04
11/04/2024,0,0,3.97(2.58 %),0,0,0,0,69755,48.33
12/04/2024,100,397000,3.97(0.00 %),100,397000,0,0,69655,48.33
15/04/2024,0,0,3.97(0.00 %),0,0,0,0,69655,11.04
16/04/2024,0,0,3.7(-6.80 %),0,0,0,0,69655,11.04
17/04/2024,0,0,3.6(-2.70 %),0,0,0,0,69655,11.04
19/04/2024,0,0,3.6(0.00 %),0,0,0,0,69655,11.04
22/04/2024,0,0,3.83(6.39 %),0,0,0,0,69655,48.33
23/04/2024,0,0,3.6(-6.01 %),0,0,0,0,69655,48.33
24/04/2024,0,0,3.83(6.39 %),0,0,0,0,69655,11.04
25/04/2024,0,0,3.57(-6.79 %),0,0,0,0,69655,11.04
26/04/2024,0,0,3.8(6.44 %),0,0,0,0,69655,48.33
02/05/2024,0,0,3.8(0.00 %),0,0,0,0,69655,48.33
03/05/2024,0,0,3.6(-5.26 %),0,0,0,0,69655,48.33
06/05/2024,0,0,3.45(-4.17 %),0,0,0,0,69655,48.33
07/05/2024,0,0,3.67(6.38 %),0,0,0,0,69655,48.33
08/05/2024,0,0,3.43(-6.54 %),0,0,0,0,69655,48.33
09/05/2024,0,0,3.67(7.00 %),0,0,0,0,69655,48.33
10/05/2024,0,0,3.85(4.90 %),0,0,0,0,69655,48.33
13/05/2024,0,0,3.81(-1.04 %),0,0,0,0,69655,48.33
14/05/2024,0,0,3.88(1.84 %),0,0,0,0,69655,11.04
15/05/2024,0,0,3.79(-2.32 %),0,0,0,0,69655,11.04
16/05/2024,0,0,3.65(-3.69 %),0,0,0,0,69655,11.04
17/05/2024,0,0,3.52(-3.56 %),0,0,0,0,69655,48.33
20/05/2024,0,0,3.68(4.55 %),0,0,0,0,69655,48.33
21/05/2024,0,0,3.69(0.27 %),0,0,0,0,69655,48.33
22/05/2024,0,0,3.79(2.71 %),0,0,0,0,69655,48.33
23/05/2024,0,0,3.79(0.00 %),0,0,0,0,69655,48.33
24/05/2024,0,0,3.78(-0.26 %),0,0,0,0,69655,11.04
27/05/2024,0,0,3.89(2.91 %),0,0,0,0,69655,48.33
28/05/2024,0,0,3.66(-5.91 %),0,0,0,0,69655,48.33
29/05/2024,0,0,3.72(1.64 %),0,0,0,0,69655,48.33
30/05/2024,0,0,3.72(0.00 %),0,0,0,0,69655,48.33
31/05/2024,0,0,3.59(-3.49 %),0,0,0,0,69655,48.33
03/06/2024,0,0,3.7(3.06 %),0,0,0,0,69655,11.04
04/06/2024,0,0,3.51(-5.14 %),0,0,0,0,69655,11.04
05/06/2024,0,0,3.59(2.28 %),0,0,0,0,69655,11.04
06/06/2024,-100,-348000,3.81(6.13 %),0,0,100,348000,69655,48.33
07/06/2024,0,0,3.81(0.00 %),0,0,0,0,69655,48.33
10/06/2024,0,0,3.81(0.00 %),0,0,0,0,69655,11.04
11/06/2024,0,0,3.8(-0.26 %),0,0,0,0,69655,48.33
12/06/2024,0,0,3.8(0.00 %),0,0,0,0,69755,48.33
13/06/2024,0,0,3.94(3.68 %),0,0,0,0,69755,48.33
14/06/2024,0,0,3.94(0.00 %),0,0,0,0,69755,48.33
17/06/2024,0,0,3.68(-6.60 %),0,0,0,0,69755,48.33
18/06/2024,0,0,3.6(-2.17 %),0,0,0,0,69755,48.33
19/06/2024,0,0,3.73(3.61 %),0,0,0,0,69755,48.33
20/06/2024,0,0,3.7(-0.80 %),0,0,0,0,69755,48.33
21/06/2024,0,0,3.5(-5.41 %),0,0,0,0,69755,48.33
24/06/2024,0,0,3.66(4.57 %),0,0,0,0,69755,48.33
25/06/2024,-3828,-13256000,3.64(-0.55 %),0,0,3828,13256000,69755,48.33
26/06/2024,0,0,3.76(3.30 %),0,0,0,0,69755,48.33
27/06/2024,0,0,3.67(-2.39 %),0,0,0,0,73583,48.29
28/06/2024,0,0,3.45(-5.99 %),0,0,0,0,73583,48.29
04/07/2024,0,0,3.65(4.29 %),0,0,0,0,73583,0.0
05/07/2024,0,0,3.45(-5.48 %),0,0,0,0,73583,0.0
08/07/2024,0,0,3.66(6.09 %),0,0,0,0,73583,0.0
09/07/2024,0,0,3.66(0.00 %),0,0,0,0,73583,0.0
10/07/2024,0,0,3.66(0.00 %),0,0,0,0,73583,0.0
11/07/2024,0,0,3.66(0.00 %),0,0,0,0,73583,0.0
12/07/2024,0,0,3.59(-1.91 %),0,0,0,0,73583,0.0
15/07/2024,0,0,3.59(0.00 %),0,0,0,0,73583,0.0
16/07/2024,0,0,3.45(-3.90 %),0,0,0,0,73583,0.0
17/07/2024,0,0,3.44(-0.29 %),0,0,0,0,73583,0.0
18/07/2024,0,0,3.44(0.00 %),0,0,0,0,73583,0.0
19/07/2024,0,0,3.4(-1.16 %),0,0,0,0,73583,0.0
22/07/2024,0,0,3.4(0.00 %),0,0,0,0,73583,0.0
23/07/2024,0,0,3.4(0.00 %),0,0,0,0,73583,0.0
24/07/2024,0,0,3.4(0.00 %),0,0,0,0,73583,0.0
25/07/2024,0,0,3.4(0.00 %),0,0,0,0,73583,0.0
26/07/2024,0,0,3.3(-2.94 %),0,0,0,0,73583,0.0
29/07/2024,0,0,3.3(0.00 %),0,0,0,0,73583,0.0
30/07/2024,0,0,3.08(-6.67 %),0,0,0,0,73583,0.0
31/07/2024,0,0,3.08(0.00 %),0,0,0,0,73583,0.0
01/08/2024,0,0,3.28(6.49 %),0,0,0,0,73594,0.0
02/08/2024,0,0,3.33(1.52 %),0,0,0,0,73594,0.0
05/08/2024,0,0,3.35(0.60 %),0,0,0,0,73594,0.0
06/08/2024,100,354000,3.54(5.67 %),100,354000,0,0,73494,0.0
07/08/2024,0,0,3.59(1.41 %),0,0,0,0,73494,0.0
08/08/2024,0,0,3.79(5.57 %),0,0,0,0,73494,0.0
09/08/2024,0,0,3.72(-1.85 %),0,0,0,0,73494,0.0
12/08/2024,0,0,3.46(-6.99 %),0,0,0,0,73494,0.0
13/08/2024,0,0,3.22(-6.94 %),0,0,0,0,73494,0.0
14/08/2024,0,0,3.2(-0.62 %),0,0,0,0,73494,0.0
15/08/2024,0,0,3.38(5.62 %),0,0,0,0,73494,0.0
16/08/2024,0,0,3.38(0.00 %),0,0,0,0,73494,0.0
19/08/2024,0,0,3.16(-6.51 %),0,0,0,0,73494,0.0
20/08/2024,0,0,3.34(5.70 %),0,0,0,0,73494,0.0
21/08/2024,0,0,3.47(3.89 %),0,0,0,0,73494,0.0
22/08/2024,0,0,3.47(0.00 %),0,0,0,0,73494,0.0
23/08/2024,0,0,3.46(-0.29 %),0,0,0,0,73494,0.0
26/08/2024,0,0,3.25(-6.07 %),0,0,0,0,73494,0.0
27/08/2024,0,0,3.2(-1.54 %),0,0,0,0,73494,0.0
28/08/2024,0,0,3.29(2.81 %),0,0,0,0,73494,0.0
29/08/2024,0,0,3.29(0.00 %),0,0,0,0,73494,0.0
30/08/2024,0,0,3.22(-2.13 %),0,0,0,0,73494,0.0
04/09/2024,0,0,3.18(-1.24 %),0,0,0,0,73498,0.0
05/09/2024,0,0,3.3(3.77 %),0,0,0,0,73498,0.0
06/09/2024,0,0,3.4(3.03 %),0,0,0,0,73498,0.0
09/09/2024,0,0,3.29(-3.24 %),0,0,0,0,73498,0.0
10/09/2024,0,0,3.28(-0.30 %),0,0,0,0,73498,0.0
11/09/2024,0,0,3.27(-0.30 %),0,0,0,0,73498,0.0
12/09/2024,0,0,3.18(-2.75 %),0,0,0,0,73498,0.0
13/09/2024,-100,-312000,3.16(-0.63 %),0,0,100,312000,73598,0.0
16/09/2024,0,0,3.36(6.33 %),0,0,0,0,73598,0.0
17/09/2024,0,0,3.39(0.89 %),0,0,0,0,73598,0.0
18/09/2024,0,0,3.39(0.00 %),0,0,0,0,73598,0.0
19/09/2024,0,0,3.39(0.00 %),0,0,0,0,73598,0.0
20/09/2024,0,0,3.3(-2.65 %),0,0,0,0,73598,0.0
23/09/2024,0,0,3.49(5.76 %),0,0,0,0,73598,0.0
24/09/2024,0,0,3.51(0.57 %),0,0,0,0,73598,0.0
25/09/2024,0,0,3.51(0.00 %),0,0,0,0,73598,0.0
26/09/2024,0,0,3.47(-1.14 %),0,0,0,0,73598,0.0
27/09/2024,0,0,3.46(-0.29 %),0,0,0,0,73598,0.0
30/09/2024,0,0,3.38(-2.31 %),0,0,0,0,73598,0.0
01/10/2024,0,0,3.38(0.00 %),0,0,0,0,73598,0.0
02/10/2024,0,0,3.38(0.00 %),0,0,0,0,73598,0.0
03/10/2024,0,0,3.4(0.59 %),0,0,0,0,73598,0.0
04/10/2024,0,0,3.45(1.47 %),0,0,0,0,73598,0.0
07/10/2024,0,0,3.45(0.00 %),0,0,0,0,73598,0.0
08/10/2024,0,0,3.44(-0.29 %),0,0,0,0,73598,0.0
09/10/2024,0,0,3.44(0.00 %),0,0,0,0,73598,0.0
10/10/2024,0,0,3.47(0.87 %),0,0,0,0,73598,0.0
11/10/2024,0,0,3.51(1.15 %),0,0,0,0,73598,0.0
14/10/2024,0,0,3.51(0.00 %),0,0,0,0,73598,0.0
15/10/2024,0,0,3.51(0.00 %),0,0,0,0,73598,0.0
16/10/2024,0,0,3.49(-0.57 %),0,0,0,0,73598,0.0
17/10/2024,0,0,3.39(-2.87 %),0,0,0,0,73598,0.0
18/10/2024,0,0,3.49(2.95 %),0,0,0,0,73598,0.0
21/10/2024,0,0,3.49(0.00 %),0,0,0,0,73598,0.0
22/10/2024,0,0,3.59(2.87 %),0,0,0,0,73598,0.0
23/10/2024,0,0,3.34(-6.96 %),0,0,0,0,73598,0.0
24/10/2024,0,0,3.44(2.99 %),0,0,0,0,73598,0.0
25/10/2024,0,0,3.22(-6.40 %),0,0,0,0,73598,0.0
28/10/2024,0,0,3.2(-0.62 %),0,0,0,0,73598,0.0
29/10/2024,0,0,3.37(5.31 %),0,0,0,0,73598,0.0
30/10/2024,0,0,3.45(2.37 %),0,0,0,0,73598,0.0
31/10/2024,0,0,3.44(-0.29 %),0,0,0,0,73598,0.0
01/11/2024,0,0,3.52(2.33 %),0,0,0,0,73598,0.0
04/11/2024,0,0,3.52(0.00 %),0,0,0,0,73598,0.0
05/11/2024,0,0,3.52(0.00 %),0,0,0,0,73598,0.0
06/11/2024,0,0,3.52(0.00 %),0,0,0,0,73598,0.0
07/11/2024,0,0,3.52(0.00 %),0,0,0,0,73598,0.0
08/11/2024,0,0,3.58(1.70 %),0,0,0,0,73598,0.0
11/11/2024,0,0,3.57(-0.28 %),0,0,0,0,73598,0.0
12/11/2024,0,0,3.57(0.00 %),0,0,0,0,73498,48.29
13/11/2024,0,0,3.51(-1.68 %),0,0,0,0,73598,0.0
14/11/2024,0,0,3.55(1.14 %),0,0,0,0,73598,0.0
15/11/2024,0,0,3.51(-1.13 %),0,0,0,0,73598,0.0
18/11/2024,0,0,3.27(-6.84 %),0,0,0,0,73598,0.0
19/11/2024,0,0,3.06(-6.42 %),0,0,0,0,73598,0.0
20/11/2024,0,0,3.26(6.54 %),0,0,0,0,73598,0.0
21/11/2024,0,0,3.45(5.83 %),0,0,0,0,73598,0.0
22/11/2024,0,0,3.46(0.29 %),0,0,0,0,73598,0.0
25/11/2024,0,0,3.62(4.62 %),0,0,0,0,73598,48.29
26/11/2024,0,0,3.62(0.00 %),0,0,0,0,73598,48.29
27/11/2024,0,0,3.37(-6.91 %),0,0,0,0,73598,48.29
28/11/2024,0,0,3.39(0.59 %),0,0,0,0,73598,48.29
29/11/2024,0,0,3.44(1.47 %),0,0,0,0,73598,48.29
02/12/2024,0,0,3.25(-5.52 %),0,0,0,0,73598,48.29
03/12/2024,0,0,3.45(6.15 %),0,0,0,0,73598,48.29
04/12/2024,0,0,3.45(0.00 %),0,0,0,0,73598,48.29
05/12/2024,0,0,3.22(-6.67 %),0,0,0,0,73598,48.29
09/12/2024,100,345000,3.2(-5.88 %),100,345000,0,0,73498,48.29
10/12/2024,0,0,3.4(6.25 %),0,0,0,0,73498,48.29
16/12/2024,0,0,3.35(0.00 %),0,0,0,0,73498,48.29
17/12/2024,0,0,3.48(3.88 %),0,0,0,0,73498,48.29
18/12/2024,0,0,3.42(-1.72 %),0,0,0,0,73498,48.29
19/12/2024,0,0,3.29(-3.80 %),0,0,0,0,73498,48.29
20/12/2024,0,0,3.3(0.30 %),0,0,0,0,73498,48.29
24/12/2024,0,0,3.38(0.00 %),0,0,0,0,73498,48.29
25/12/2024,0,0,3.45(2.07 %),0,0,0,0,73498,48.29
26/12/2024,0,0,3.32(-3.77 %),0,0,0,0,73498,48.29
27/12/2024,0,0,3.29(-0.90 %),0,0,0,0,73498,48.29
30/12/2024,0,0,3.29(0.00 %),0,0,0,0,73498,48.29
31/12/2024,0,0,3.45(4.86 %),0,0,0,0,73498,48.29
02/01/2025,0,0,3.45(0.00 %),0,0,0,0,73498,48.29
03/01/2025,0,0,3.45(0.00 %),0,0,0,0,73498,48.29
06/01/2025,0,0,3.21(-6.96 %),0,0,0,0,73498,48.29
07/01/2025,0,0,3.38(5.30 %),0,0,0,0,73498,48.29
08/01/2025,0,0,3.3(-2.37 %),0,0,0,0,73498,48.29
09/01/2025,0,0,3.26(-1.21 %),0,0,0,0,73498,48.29
10/01/2025,0,0,3.11(-4.60 %),0,0,0,0,73498,48.29
13/01/2025,0,0,3.22(3.54 %),0,0,0,0,73498,48.29
14/01/2025,0,0,3.2(-0.62 %),0,0,0,0,73498,48.29
15/01/2025,0,0,3.3(3.12 %),0,0,0,0,73498,48.29
16/01/2025,0,0,3.19(-3.33 %),0,0,0,0,73498,0.0
17/01/2025,0,0,3.4(6.58 %),0,0,0,0,73498,48.29
20/01/2025,-200,-634000,3.17(-6.76 %),0,0,200,634000,73498,48.29
21/01/2025,0,0,3.17(0.00 %),0,0,0,0,73498,48.29
22/01/2025,0,0,3.33(5.05 %),0,0,0,0,73698,48.29
23/01/2025,0,0,3.33(0.00 %),0,0,0,0,73698,48.29
24/01/2025,0,0,3.33(0.00 %),0,0,0,0,73698,48.29
03/02/2025,-1000,-3100000,0(0.00 %),0,0,1000,3100000,73698,48.29
04/02/2025,0,0,3.25(4.84 %),0,0,0,0,73706,48.29
05/02/2025,0,0,3.25(0.00 %),0,0,0,0,74706,48.28
06/02/2025,0,0,3.25(0.00 %),0,0,0,0,74706,48.28
07/02/2025,0,0,3.23(-0.62 %),0,0,0,0,74706,48.28
10/02/2025,0,0,3.23(0.00 %),0,0,0,0,74706,48.28
11/02/2025,0,0,3.28(1.55 %),0,0,0,0,74706,48.28
12/02/2025,0,0,3.28(0.00 %),0,0,0,0,74706,48.28
13/02/2025,-1200,-3720000,3.1(-5.49 %),0,0,1200,3720000,74706,48.28
14/02/2025,0,0,3.15(1.61 %),0,0,0,0,74706,48.28
17/02/2025,0,0,3.29(4.44 %),0,0,0,0,75906,48.27
18/02/2025,0,0,3.27(-0.61 %),0,0,0,0,75906,48.27
19/02/2025,0,0,3.16(-3.36 %),0,0,0,0,75906,48.27
20/02/2025,0,0,3.28(3.80 %),0,0,0,0,75906,48.27
21/02/2025,0,0,3.12(-4.88 %),0,0,0,0,75906,48.27
24/02/2025,0,0,3.26(4.49 %),0,0,0,0,75910,48.27
25/02/2025,0,0,3.16(-3.07 %),0,0,0,0,75910,48.27
26/02/2025,0,0,3.18(0.63 %),0,0,0,0,75910,48.27
27/02/2025,0,0,3.16(-0.63 %),0,0,0,0,75910,48.27
28/02/2025,0,0,3.25(2.85 %),0,0,0,0,75910,48.27
03/03/2025,0,0,3.25(0.00 %),0,0,0,0,75910,48.27
04/03/2025,100,312000,3.25(0.00 %),100,312000,0,0,75810,48.27
05/03/2025,0,0,3.22(-0.92 %),0,0,0,0,75810,48.27
06/03/2025,0,0,3.07(-4.66 %),0,0,0,0,75810,48.27
07/03/2025,100,310000,3.1(0.98 %),100,310000,0,0,75710,48.27
10/03/2025,0,0,3.24(4.52 %),0,0,0,0,75710,48.27
11/03/2025,0,0,3.24(0.00 %),0,0,0,0,75710,48.27
12/03/2025,0,0,3.15(-2.78 %),0,0,0,0,75710,48.27
13/03/2025,0,0,3.23(2.54 %),0,0,0,0,75710,48.27
14/03/2025,0,0,3.22(-0.31 %),0,0,0,0,75710,48.27
17/03/2025,0,0,3.22(0.00 %),0,0,0,0,75710,48.27
18/03/2025,0,0,3.22(0.00 %),0,0,0,0,75710,48.27
19/03/2025,0,0,3.2(-0.62 %),0,0,0,0,75710,48.27
20/03/2025,0,0,3.22(0.62 %),0,0,0,0,75710,48.27
21/03/2025,0,0,3.22(0.00 %),0,0,0,0,75710,48.27
24/03/2025,0,0,3.22(0.00 %),0,0,0,0,75710,48.27
25/03/2025,-5000,-15150000,3.2(-0.62 %),0,0,5000,15150000,75710,48.27
26/03/2025,-18500,-56975000,3.23(0.94 %),0,0,18500,56975000,75710,48.27
27/03/2025,0,0,3.29(1.86 %),0,0,0,0,80710,48.22
28/03/2025,0,0,3.07(-6.69 %),0,0,0,0,99219,48.04
31/03/2025,0,0,3.18(3.58 %),0,0,0,0,99219,48.04
01/04/2025,0,0,3.23(1.57 %),0,0,0,0,99219,48.04
02/04/2025,0,0,3.1(-4.02 %),0,0,0,0,99219,48.04
03/04/2025,0,0,3.05(-1.61 %),0,0,0,0,99219,48.04
04/04/2025,0,0,3.2(4.92 %),0,0,0,0,99219,48.04
08/04/2025,0,0,3.2(0.00 %),0,0,0,0,99219,48.04
09/04/2025,0,0,3.29(2.81 %),0,0,0,0,99219,48.04
10/04/2025,0,0,3.3(0.30 %),0,0,0,0,99219,48.04
11/04/2025,0,0,3.29(-0.30 %),0,0,0,0,99219,48.04
14/04/2025,0,0,3.06(-6.99 %),0,0,0,0,99219,48.04
15/04/2025,0,0,3.26(6.54 %),0,0,0,0,99219,48.04
16/04/2025,-5300,-16271000,3.21(-1.53 %),0,0,5300,16271000,99219,48.04
17/04/2025,0,0,3.16(-1.56 %),0,0,0,0,99219,48.04
18/04/2025,0,0,3.2(1.27 %),0,0,0,0,104519,47.99
21/04/2025,0,0,3.4(6.25 %),0,0,0,0,104519,47.99
22/04/2025,0,0,3.17(-6.76 %),0,0,0,0,104519,47.99
23/04/2025,1300,4251000,3(-5.36 %),1300,4251000,0,0,103219,48.0
24/04/2025,0,0,3.1(3.33 %),0,0,0,0,103219,48.0
25/04/2025,0,0,3.1(0.00 %),0,0,0,0,103219,48.0
28/04/2025,100,327000,3.19(2.90 %),100,327000,0,0,103119,48.01
29/04/2025,0,0,3.09(-3.13 %),0,0,0,0,103119,48.01
05/05/2025,0,0,3.28(6.15 %),0,0,0,0,103119,48.01
06/05/2025,0,0,3.09(-5.79 %),0,0,0,0,103119,48.01
07/05/2025,-400,-1228000,3(-2.91 %),0,0,400,1228000,103119,48.01
08/05/2025,100,313000,3.07(2.33 %),100,313000,0,0,103019,48.01
09/05/2025,0,0,3(-2.28 %),0,0,0,0,103419,48.0
12/05/2025,0,0,3.01(0.33 %),0,0,0,0,103419,48.0
13/05/2025,0,0,3.04(1.00 %),0,0,0,0,103419,48.0
14/05/2025,0,0,3.03(-0.33 %),0,0,0,0,103419,48.0
15/05/2025,0,0,3.01(-0.66 %),0,0,0,0,103419,48.0
16/05/2025,0,0,2.98(-1.00 %),0,0,0,0,103419,48.0
19/05/2025,0,0,3(0.67 %),0,0,0,0,103419,48.0
20/05/2025,0,0,3.08(2.67 %),0,0,0,0,103419,48.0
21/05/2025,0,0,3.06(-0.65 %),0,0,0,0,103419,48.0
22/05/2025,0,-28600000,2.86(-6.54 %),0,0,0,28600000,103419,48.0
23/05/2025,0,0,2.93(2.45 %),0,0,0,0,103419,48.0
26/05/2025,0,0,3(2.39 %),0,0,0,0,113419,47.91
27/05/2025,0,0,2.96(-1.33 %),0,0,0,0,113419,47.91
28/05/2025,0,-28800000,3(1.35 %),0,0,0,28800000,113419,47.91
29/05/2025,0,0,3.05(1.67 %),0,0,0,0,113419,47.91
30/05/2025,0,0,3.04(-0.33 %),0,0,0,0,123019,47.81
02/06/2025,0,0,3.08(1.32 %),0,0,0,0,123019,47.81
03/06/2025,0,0,3.05(-0.97 %),0,0,0,0,123019,47.81
04/06/2025,0,0,3.05(0.00 %),0,0,0,0,123019,47.81
05/06/2025,0,0,3.02(-0.98 %),0,0,0,0,123019,47.81
06/06/2025,0,0,3(-0.66 %),0,0,0,0,123019,47.81
09/06/2025,0,0,2.95(-1.67 %),0,0,0,0,123019,47.81
10/06/2025,0,0,2.95(0.00 %),0,0,0,0,123019,47.81
11/06/2025,0,0,2.99(1.36 %),0,0,0,0,123019,47.81
12/06/2025,0,0,2.97(-0.67 %),0,0,0,0,123019,47.81
13/06/2025,0,0,3.05(2.69 %),0,0,0,0,123019,47.81
16/06/2025,0,0,3.05(0.00 %),0,0,0,0,123019,47.81
17/06/2025,0,0,3(-1.64 %),0,0,0,0,123019,47.81
18/06/2025,0,0,3(0.00 %),0,0,0,0,123019,47.81
19/06/2025,0,0,3(0.00 %),0,0,0,0,123019,47.81
20/06/2025,0,0,3.1(3.33 %),0,0,0,0,123019,47.81
23/06/2025,0,0,3.08(-0.65 %),0,0,0,0,123019,47.81
24/06/2025,0,0,2.97(-3.57 %),0,0,0,0,123019,47.81
25/06/2025,0,0,3(1.01 %),0,0,0,0,123019,47.81
26/06/2025,0,0,3(0.00 %),0,0,0,0,123019,47.81
27/06/2025,0,0,3.08(2.67 %),0,0,0,0,123019,47.81
30/06/2025,0,0,3.01(-2.27 %),0,0,0,0,123019,47.81
01/07/2025,0,0,2.99(-0.66 %),0,0,0,0,123019,47.81
02/07/2025,0,0,3(0.33 %),0,0,0,0,123019,47.81
03/07/2025,0,0,3(0.00 %),0,0,0,0,123019,47.81
04/07/2025,0,0,3(0.00 %),0,0,0,0,123019,47.81
07/07/2025,0,0,2.99(-0.33 %),0,0,0,0,123019,47.81
08/07/2025,0,0,3(0.33 %),0,0,0,0,123019,47.81
09/07/2025,0,0,3.14(4.67 %),0,0,0,0,123019,47.81
10/07/2025,0,0,3.14(0.00 %),0,0,0,0,123019,47.81
11/07/2025,0,0,3.2(1.91 %),0,0,0,0,123019,47.81
14/07/2025,0,0,3.1(-3.12 %),0,0,0,0,123019,47.81
15/07/2025,0,0,3.1(0.00 %),0,0,0,0,123019,47.81
16/07/2025,0,0,3.1(0.00 %),0,0,0,0,123019,47.81
17/07/2025,0,0,3.18(2.58 %),0,0,0,0,123019,47.81
18/07/2025,0,0,3.1(-2.52 %),0,0,0,0,123019,47.81
21/07/2025,0,0,3.05(-1.61 %),0,0,0,0,123019,47.81
22/07/2025,0,0,3.16(3.61 %),0,0,0,0,123019,47.81
23/07/2025,0,0,3.17(0.32 %),0,0,0,0,123019,47.81
24/07/2025,0,0,3.17(0.00 %),0,0,0,0,123019,47.81
25/07/2025,0,0,3.17(0.00 %),0,0,0,0,123019,47.81
28/07/2025,0,0,3.05(-3.79 %),0,0,0,0,123019,47.81
29/07/2025,0,0,3(-1.64 %),0,0,0,0,123019,47.81
30/07/2025,0,0,2.99(-0.33 %),0,0,0,0,123019,47.81
31/07/2025,0,0,3(0.33 %),0,0,0,0,123019,47.81
01/08/2025,-100,-300000,3(0.00 %),0,0,100,300000,123019,47.81
04/08/2025,0,0,3(0.00 %),0,0,0,0,123019,47.81
05/08/2025,0,0,3(0.00 %),0,0,0,0,123119,47.81
06/08/2025,0,0,3(0.00 %),0,0,0,0,123119,47.81
07/08/2025,0,0,3(0.00 %),0,0,0,0,123119,47.81
08/08/2025,0,0,3.01(0.33 %),0,0,0,0,123119,47.81
11/08/2025,0,0,3.06(1.66 %),0,0,0,0,123119,47.81
12/08/2025,0,0,3(-1.96 %),0,0,0,0,123119,47.81
13/08/2025,0,0,3(0.00 %),0,0,0,0,123119,47.81
14/08/2025,0,0,3(0.00 %),0,0,0,0,123119,47.81
15/08/2025,0,0,2.98(-0.67 %),0,0,0,0,123119,47.81
18/08/2025,0,0,2.98(0.00 %),0,0,0,0,123119,47.81
19/08/2025,0,0,3(0.67 %),0,0,0,0,123119,47.81
20/08/2025,0,0,2.98(-0.67 %),0,0,0,0,123119,47.81
21/08/2025,0,0,2.95(-1.01 %),0,0,0,0,123119,47.81
22/08/2025,0,0,2.95(0.00 %),0,0,0,0,123119,47.81
25/08/2025,0,0,2.93(-0.68 %),0,0,0,0,123119,47.81
